1
982
4743
3047
4839
1903
4709
3205
898
3120
3493
3097
2965
1969
3946
1939
2319
923
1115
3813
2519
4021
3824
3615
1615
4071
3423
1401
4752
2243
661
3787
4120
204
459
1793
4045
942
164
3771
9
4720
68
3852
186
4048
3251
2858
2197
839
1568
756
746
452
3622
3901
495
4170
2086
4078
4216
2025
3002
4350
4917
921
3110
78
3181
2102
2978
855
3683
4638
3054
2021
1834
1265
1943
2218
532
1365
4908
65
534
2345
387
660
2312
2489
1014
4026
4129
4540
1696
1191
2865
4969
3883
2403
4755
3581
2719
4346
4662
1558
3845
87
3306
4733
1651
2716
1583
1842
3357
372
1680
1141
902
4991
3768
1623
3638
548
1657
4093
669
3005
1288
293
2610
2340
2127
2066
3208
2064
3596
2984
2925
856
338
2612
3132
1893
1243
1240
2795
4167
711
4112
491
195
3510
1916
1910
1376
2316
1691
3141
3441
693
2330
25
968
4845
1891
2774
3991
4884
4298
1978
43
4514
1185
4225
2524
2935
3317
113
1887
4561
2658
2743
3618
3774
4679
4108
4764
201
3186
4903
3947
2625
1204
4668
3875
2356
4541
3900
1820
4876
3785
1154
4101
771
3665
3017
913
850
1453
681
3117
1157
664
1742
737
1101
4293
4490
1252
525
3426
1142
120
2572
3798
2637
1922
4667
3271
1688
751
1720
1614
2632
2217
4193
394
3477
3864
2499
2216
992
4538
1179
4563
3551
1687
686
2042
251
4297
192
3324
4082
173
4846
3928
4104
2109
3185
2830
2970
542
512
4814
1227
973
4109
470
66
1958
650
1702
4539
1213
1294
3362
1390
4705
1056
2780
887
2639
4227
384
812
2382
2580
3052
4515
3393
2261
317
4404
84
4785
2952
3242
157
3086
2955
4232
4966
4674
2635
3166
4385
4706
4034
1768
2239
4556
1507
4850
60
3173
654
2815
2208
1457
4878
1588
92
1712
2866
3508
1229
1650
489
802
641
1828
736
122
1247
2081
873
3299
379
2922
2995
2336
2189
3993
1877
1452
2802
2273
3895
3187
2747
3679
4235
1104
4463
3336
2998
2535
4160
1697
1570
3041
1966
766
4388
1593
298
2154
3742
4162
4309
1089
1843
4436
2605
4922
1346
4501
1486
3566
4843
4114
3737
3
2357
723
2587
3623
1163
369
2787
2431
1733
44
530
4307
4633
1906
2760
4696
435
4537
4409
2416
2205
2649
3831
3672
4955
2091
2166
1045
1968
4496
2607
1718
4593
720
1802
2627
4125
4637
158
342
3607
2845
1653
1286
104
3182
1308
3561
1871
61
4240
4841
1994
4201
3863
2980
1644
1444
2518
3095
2473
2823
2848
267
4217
612
4532
2924
1912
4574
958
3870
3739
13
4782
3435
471
447
3197
401
1522
3430
439
2268
4970
2881
3752
431
1347
1248
3571
899
1058
2183
3769
4487
1609
1500
1406
1284
4371
2994
304
2502
1796
4744
4852
2765
567
1210
2114
2510
3834
4543
2990
4347
2545
2145
3376
220
3879
3462
4159
2737
1277
3818
1721
3014
2794
624
1991
3792
1666
1674
1824
2180
4714
3637
1396
2335
4889
20
3663
1293
591
1215
904
2213
4308
3801
4157
782
2714
3735
3843
112
37
1826
576
2465
560
4248
789
2438
4359
1531
2609
1314
3075
4392
1296
3537
2337
334
4612
301
502
2338
891
2129
4426
2544
3023
3072
4090
2121
1998
1695
2350
3378
2342
1322
3490
4673
3604
1043
4334
248
725
3942
3719
3168
1313
971
4767
2758
2619
3439
2741
966
1948
4710
4762
1441
448
3512
224
3740
940
2686
1078
1371
2212
2061
3583
863
4405
1905
632
2301
3243
1638
2529
4768
3381
883
3240
2472
4579
1244
2561
1393
2693
2641
558
1955
3107
2370
4513
3313
775
4572
4152
510
761
1573
3348
2731
4739
1715
3098
2573
4372
1331
920
3789
4053
3460
2433
1139
3071
3704
1624
683
1001
1677
757
3481
1980
1114
3815
2727
10
1328
3923
1537
1459
445
1222
1429
3006
1595
2440
540
406
4968
978
1900
249
922
1699
1501
381
486
4900
4619
1399
626
4154
3553
1100
2934
3277
2297
4345
2887
1822
4582
477
2811
229
3081
3781
2280
2365
2044
642
3151
4702
599
2917
4215
3399
815
640
806
4534
3016
3122
4249
2099
4043
846
2575
1334
959
1382
2718
3245
554
807
3188
2073
4601
4981
4352
1301
4003
2071
1246
4484
418
2665
1963
946
860
1649
1304
4687
2441
2704
1297
3640
4975
4873
4542
1031
1419
2657
4761
4343
1518
631
2343
3432
3212
1300
4210
4747
3492
3190
4888
3035
1835
1829
1357
55
4144
1272
1825
1646
3256
473
4420
3397
2988
1282
134
3009
3352
2945
4636
1420
4064
4450
952
1866
3418
4428
3413
2684
1636
4266
2483
618
4939
4483
1747
3559
1311
433
1885
3628
16
59
2745
4497
2689
3192
3037
3635
4790
14
3619
3230
1232
765
1783
2031
72
747
3689
732
328
3231
3660
81
176
1732
912
4830
1117
2447
1303
1160
3910
2893
1526
4294
1881
1103
3786
847
1434
2851
2583
4544
3697
3199
4476
3894
1684
142
2005
4552
781
213
2135
4320
4261
151
3257
1560
3158
1710
3763
1967
389
1350
995
3049
2856
707
1769
3688
316
998
983
1933
424
4933
1027
2406
3527
4675
4620
1656
3138
3410
665
3153
1940
1218
3140
3124
2011
4027
796
2430
1774
4625
4905
4095
3428
605
949
835
2514
1524
547
4568
1471
442
1126
546
3867
1454
4137
2106
602
4205
2358
3802
3847
721
3931
2455
892
1479
3370
3653
749
1814
3925
3361
2245
3987
3207
2000
2599
2551
993
4289
3467
645
3134
4796
1987
670
3019
1641
8
371
1186
1273
716
1108
2248
4632
580
3547
1724
557
4435
4277
1262
4226
1258
4197
1995
698
278
2798
691
1921
3001
2266
1310
559
663
283
2024
2825
3975
2477
1764
2864
2888
2227
2911
1151
3377
936
2429
2428
4254
1153
1241
3250
3366
3644
4771
1146
830
1895
729
1339
1567
3160
3862
3586
260
1119
2418
1349
2397
1256
674
2904
4176
177
3609
4424
533
2594
4949
2996
4427
2515
2263
19
230
2032
1673
2730
499
1539
3736
4284
3907
1088
2843
3374
2767
2543
4641
731
187
3216
4859
1472
3723
852
3203
4750
1647
3962
1476
1087
909
3840
320
4312
175
3478
2158
3355
868
1092
97
86
4776
3817
3021
1844
759
2728
1941
3280
2932
330
1805
2078
4051
94
4781
2920
2456
1989
2797
4528
3733
4624
488
3387
1159
2953
2586
139
768
524
3582
1410
341
1874
4133
4244
4842
1569
240
4639
3515
2421
809
1255
3521
1600
3857
1268
1145
1927
3030
3924
2782
250
4990
1738
4749
400
429
783
106
3695
3668
4001
302
4406
1283
744
1017
1830
133
4000
3223
4993
589
3248
859
1759
680
1407
609
2959
2790
1920
3554
4936
3715
4105
3957
1224
4179
2902
3241
4965
2982
3500
2282
2087
2033
23
3871
4023
568
1192
3079
2496
1203
1289
717
1123
501
896
2427
2328
1005
1473
1306
2645
4180
1392
4914
3459
228
4736
2777
918
939
2623
1957
305
629
53
2442
4416
4712
2424
4019
3714
3919
2923
2620
4274
4899
4192
539
832
2130
1823
1316
2494
4185
11
362
2526
2700
875
2999
3219
4299
2976
464
1734
2443
1911
4996
2437
2075
1643
927
4098
3263
2579
581
3685
4603
3159
3146
366
1264
895
3981
793
811
988
1979
3225
487
1727
1065
724
1919
790
2003
4165
4930
2196
3209
3408
3341
2210
2768
2532
3331
1862
2407
1175
1062
851
323
3514
58
1949
4719
476
2901
1536
3334
1513
409
75
4644
454
708
603
5
1397
3287
3463
2244
212
1736
1324
4508
3846
2897
2171
3578
4481
29
3797
1082
2402
343
3129
3193
1572
4173
2663
2706
4827
2933
2254
4606
853
3067
4127
3385
3630
4058
297
2371
4665
639
976
1553
4550
3150
3980
677
3332
2812
4212
1886
4988
1589
2520
3315
2364
582
2859
1743
4604
3104
2074
3405
2036
312
4150
3887
1384
1171
4562
4963
3359
2275
2422
275
1443
1096
854
2912
4617
4119
2170
1544
2810
1194
1042
2124
1492
2117
1254
1183
1603
1048
1818
2094
1302
3878
2861
4191
3823
2949
3795
4697
2675
1012
4779
3442
130
4588
3143
4769
2029
3252
2307
257
160
4290
4862
2298
3876
4209
3077
1894
3749
3830
451
1782
2860
970
4498
114
1267
3311
2679
4874
4145
2841
2834
1611
2019
4280
610
4326
4730
595
4002
3346
1559
1790
3881
1859
254
1463
468
1122
4434
4906
4587
3269
1281
4500
3335
960
2687
1804
2983
4186
615
273
2230
3793
2034
4596
1162
1184
3099
803
4485
3281
4231
3220
2506
427
1739
2383
4973
286
4063
4835
1999
1630
3627
2468
2368
3201
2950
2819
2863
2726
48
4724
3610
2132
1312
1360
4353
700
2821
2045
3886
3674
1561
360
4383
4778
678
1353
3783
1490
4586
2373
1562
1784
2333
1631
981
3375
3866
3577
4100
712
3339
172
329
910
3411
3569
345
4387
3915
4502
4509
4896
2259
4286
4560
1773
3108
4466
4651
3305
4953
3922
3148
3681
4553
2971
994
4175
2604
4652
370
3758
3727
4221
1385
1543
4246
3211
1013
3064
3877
592
1771
3164
3826
2324
1470
4035
57
1960
456
679
570
4433
3953
3400
4549
3436
3530
3804
1342
89
3722
3632
2871
294
4146
3507
3812
2566
4642
2903
2384
1333
2287
3693
2618
4364
3643
3484
3239
4451
2131
1055
2756
4507
4677
1161
444
2445
2517
2633
215
4600
3772
4960
925
3429
3480
3545
3059
3729
2223
2284
4654
1383
1363
4799
1436
1719
2133
954
3061
4073
1485
4650
2622
3542
1898
516
4653
2707
46
3642
2035
3246
38
2136
1574
3562
2522
3898
2452
1417
337
4803
2906
3100
494
4590
1341
4897
168
3800
3662
1984
3291
3171
648
3236
2466
2016
1025
2160
4425
1424
675
3860
1832
566
2113
3970
6
2013
1598
4682
513
2552
4942
3078
4692
347
1816
583
690
1164
1257
374
4938
2660
2962
350
2080
3791
2426
4445
3598
4829
4559
4740
3065
4062
2156
1512
96
4557
2910
3419
4423
3195
1326
676
1869
4527
1993
2372
3232
2655
1428
1260
3605
893
3383
2749
4670
2577
820
709
4821
1169
2200
1144
1269
3013
2584
315
1440
1047
2696
91
2503
1404
1661
437
3328
1019
4751
4594
4520
4362
1242
2613
4663
1386
787
2348
3861
3844
4054
1416
4188
1548
4257
3744
4341
3044
2799
4178
2252
4465
4373
4116
2516
2867
1613
2691
4287
633
951
21
701
2992
2352
3472
4107
2439
1097
2334
4770
197
549
2571
1582
2647
3705
3770
1700
1735
1542
885
2009
2346
3728
941
1671
462
805
4033
1762
1931
3929
4321
1220
2751
833
3819
1565
780
2295
1007
3304
4566
4085
4551
3295
3711
3706
2409
3106
755
3546
2026
4046
3022
1564
1596
3766
382
4567
4131
1325
3724
561
2574
779
880
3712
2928
3669
985
821
1000
2311
3565
3680
3026
758
828
4701
1423
4260
1740
1516
1409
2629
1864
2838
1250
4181
4337
4915
3276
200
121
794
2929
889
4760
1493
1873
4555
1870
1068
3748
2940
2236
1477
4282
4728
3415
3425
4583
3950
285
3434
3690
4016
2
4840
1945
4599
1366
1791
319
4681
4857
2793
3229
2643
3469
4645
3892
1936
3856
2785
4130
1959
2277
4879
2550
3893
668
31
1451
3268
4183
1534
182
916
3043
2405
3394
196
652
734
2028
786
3389
2147
4172
3036
1135
1505
1988
687
3659
2804
849
4311
4184
111
1462
3979
656
1607
2474
2773
2882
2673
1375
321
1523
1848
2762
2761
3274
1716
1221
3465
3204
3282
3390
3003
4079
2757
1177
2846
2432
2753
1109
4219
4278
1754
2152
4102
1621
1450
2685
3066
2783
2533
2207
216
80
1745
4230
4375
2395
4008
3196
2165
2388
3908
3458
40
4535
4529
3988
2484
2505
1395
3039
3955
3747
2233
2283
1876
147
2161
3051
3943
3444
4472
149
1263
1972
1748
3667
4863
364
3247
1798
3420
3529
1800
4931
841
107
3422
1085
3323
2957
27
515
1469
1239
2530
2501
1340
3088
1285
1497
1214
2385
3499
4199
1756
1211
1464
659
3396
2178
1833
144
110
3424
4947
1046
2467
1426
4041
4419
102
1660
4763
4959
1606
2030
4775
2966
1394
467
274
819
653
1528
4517
1073
697
1786
3437
3042
108
4096
4708
4319
4468
1670
4208
514
205
1321
153
3167
1787
1681
4122
1616
4686
2084
3646
3807
3228
924
4328
526
4025
617
4666
4389
1765
1208
3741
2557
2914
3235
3631
3440
1904
4823
3476
4647
4259
1612
914
4609
2193
1723
3314
4032
3657
2585
3976
3982
4608
2540
2444
4283
1514
1095
3027
2460
2246
710
2214
3558
4756
4536
1746
945
256
252
4452
3849
2279
4703
3289
741
2809
1170
210
461
2095
3421
42
1901
4627
2411
332
399
3200
2104
3541
647
800
4910
3392
3998
848
3948
4464
3850
404
4998
3694
3937
719
3298
1231
1529
630
417
2262
2059
3754
824
1187
2564
1090
1749
2857
4086
2138
4816
4302
2849
129
4592
1503
4945
1930
2681
4961
3912
858
4342
280
1167
3692
3433
307
3958
2715
2512
4474
4516
772
672
906
770
1888
4717
2892
4059
4864
355
2381
3322
3125
2241
1935
2913
1563
259
4958
4401
2931
4123
3109
611
1287
695
2159
4512
3084
4360
4190
492
2944
1618
383
2654
2237
2408
1552
3202
3718
4891
1421
1944
4607
703
2593
3983
4012
3703
706
4548
2054
310
2454
269
2253
4881
4499
4370
277
2344
4156
244
3944
1496
773
1415
185
2829
4558
4732
1228
289
1803
1974
2100
4734
2185
127
722
1752
3090
3155
4870
3509
1599
363
2229
1315
3731
4007
3040
2240
4628
619
339
3000
3029
2027
3543
2555
935
1792
3221
4726
3708
2219
1402
621
1235
1575
1072
4203
1841
3048
2012
1291
2332
1168
4243
1481
2646
1003
1744
1435
4964
3570
1223
1576
1597
989
4858
943
2531
1130
963
2801
3549
2391
2271
3302
4565
4479
564
3921
587
3528
3589
778
2462
814
4263
4336
154
1093
1207
4584
3816
1549
4913
1831
2413
4957
52
867
498
353
3082
3431
2326
2485
226
3550
1030
3999
443
3085
3144
4807
3974
3634
3827
4575
3498
288
3391
4522
2486
628
2339
4788
4976
1690
1679
2763
2896
574
3997
1942
2360
2308
1726
4010
4737
962
4924
3316
3557
3264
1035
1655
3288
4396
4318
2083
600
2176
1318
961
3343
4659
607
1625
1128
162
4304
4735
1190
3767
4716
103
544
1767
453
2040
3675
2068
62
1063
241
4149
2975
2781
331
974
140
3602
2710
4946
565
1672
3294
1951
4264
3198
3367
3127
1008
2488
2038
1074
1899
4941
4382
3738
1036
1812
1586
4399
2828
1860
3761
1868
2676
183
1445
3762
3217
2315
1199
3093
769
4338
4523
2951
2729
4623
4348
4065
4473
3848
3985
2642
2840
4270
1006
2833
4391
411
148
1271
4759
1355
1050
2792
1070
3710
2318
3854
1504
2329
2314
1884
4531
2659
2291
730
2926
1458
1865
4789
1023
894
1354
2060
3057
4921
1061
117
1557
4818
4206
4707
4142
3525
15
4848
872
1148
1817
733
2004
3214
4477
2163
2037
1692
4174
1198
1571
1011
3076
3074
1521
3671
4017
4882
475
4097
4118
432
3984
1725
2323
3489
2701
928
739
3880
762
4812
3941
4069
4056
3455
3967
1491
2375
270
2600
2067
1266
1914
1195
545
3872
2111
3438
265
4994
4066
4031
1676
4742
2628
738
3170
4519
2748
2827
373
2234
4918
745
2630
662
3470
3917
1140
4198
763
1729
584
1499
2226
2939
1212
2369
73
1369
3080
2148
2942
2977
637
2507
3364
1049
3457
3969
299
3320
3296
634
4614
1121
4222
440
3777
986
4330
4153
1730
3272
3606
614
795
590
3137
3347
349
3779
2759
4455
3180
4395
1319
3902
2144
1535
2393
3007
4581
1663
4671
718
2967
4809
884
4729
2853
4414
1918
2779
3532
1091
478
4134
1427
938
1701
1455
1389
3865
804
159
575
28
1094
1173
3464
1592
1370
2541
2140
4247
1986
4024
386
836
523
556
4695
3261
2299
2581
4418
929
4332
4844
425
1307
189
604
3126
3293
4140
2894
2602
2317
41
4454
2961
3519
4658
2194
119
2169
1850
596
2177
1809
436
2670
4038
163
407
1295
115
2603
4015
586
3645
866
2956
1602
3113
3103
2972
314
2215
3905
375
3363
1487
2836
1373
842
1040
3511
4057
1261
2969
1806
2414
1124
1299
2601
931
3308
3746
2478
2310
3730
826
2379
206
980
2449
3601
279
367
2063
1358
4238
2772
2539
4250
3474
1245
4273
2831
623
1398
18
536
2842
2401
2354
3354
4777
2788
4824
24
2260
4971
181
3707
3911
2022
1854
888
2636
1996
4860
1590
4268
874
268
2775
255
3111
1845
3224
4050
327
3372
2732
2595
4429
2327
1750
145
4234
4932
3114
2852
519
166
2752
3018
3270
233
2699
2048
4291
4367
2678
4937
704
4089
3759
3145
4798
1706
3330
1143
123
2993
3112
2276
3906
1332
3285
1483
2082
3176
2538
4907
1761
3666
2850
1133
4615
3960
199
2018
3552
3461
4838
788
1467
3449
4402
3725
688
2347
506
4039
3046
3842
4005
2549
3136
2065
1872
3764
67
4368
3062
2125
1962
3325
2448
3358
3395
2425
2822
1127
4195
2134
3340
1275
1026
3592
2837
4806
1977
1785
4339
1976
3284
4305
1924
4061
359
4117
4950
932
4400
2292
1813
1236
635
2008
1604
4068
2487
4488
2257
1131
4422
3597
3567
573
1413
3388
1693
1620
3874
3452
2126
4030
1052
167
3518
2513
4901
1352
2525
3540
3971
2119
2400
2789
2734
4194
3398
2055
5000
