1
2560
3988
2621
2232
2839
267
3016
575
3316
3698
724
265
4214
1795
3993
2279
4418
1868
4754
2574
3649
479
2827
464
4806
474
4897
4299
3924
4527
2799
375
3291
1697
4126
3153
288
3
4276
1836
1646
2734
2063
2734
4295
2048
2603
2000
3047
2000
2603
1978
1014
3159
143
4057
926
3395
1922
724
4981
4930
3461
1972
4159
2525
3412
2038
982
4746
803
1878
2227
2934
186
3633
620
650
1319
4476
3561
1551
822
88
1825
2751
3027
4517
601
3731
2593
4210
2988
4210
904
3139
382
1017
2777
656
4922
1197
770
632
81
3090
3964
4854
3082
627
2446
4517
236
4903
2110
3893
2177
4116
4480
1804
1656
2519
1900
662
3152
1268
4367
1525
3334
1200
2631
2649
3323
3550
1116
916
4264
3597
1136
1756
2431
1441
3881
2957
2374
2712
686
2415
3846
1532
4108
1532
352
2352
4637
132
2663
2184
2382
881
3280
2524
1506
3428
2860
305
27
2237
4795
3523
53
3644
3115
3935
1321
3185
2253
1792
4820
3090
3870
1961
3831
1961
672
1366
4430
762
4959
2852
2759
1937
715
3045
1171
669
4765
4298
4387
3197
4104
4652
2414
212
1137
3708
2456
2847
3592
4453
2618
4700
3105
1665
499
3891
905
3727
2524
1506
4746
803
1878
1901
4831
1743
138
4073
453
2694
2921
4318
675
4035
386
2040
4458
983
4713
242
1561
4736
59
73
1548
354
2879
4391
620
650
500
4960
1697
4126
1720
4174
4873
2241
717
1544
3864
3307
4021
3121
164
3458
1400
1549
4585
2710
5000
