1
3403
2281
1812
763
1952
1122
3903
181
3466
3439
2632
1384
3460
3590
4744
763
2871
1129
1544
3606
4376
1366
2196
410
3180
4277
4706
4292
201
3941
1754
3585
1476
2756
1461
2457
2015
4151
1873
187
3719
3221
1702
4410
4271
3660
4897
1842
1957
1057
3189
3600
4563
4176
4691
3143
3994
2494
4010
1460
1077
4542
2199
2811
2747
4478
3457
1561
1545
4469
3710
3878
1976
3766
77
2985
1431
3619
1625
884
2886
1490
4637
2616
2284
4950
1341
401
3348
4755
1639
2934
430
3237
2891
3982
1162
1528
4045
3801
4265
1263
1071
1383
3407
1688
3743
1383
1280
573
3096
4158
3097
5000
