1
2227
1906
4869
342
3162
3253
3396
1851
2404
3442
4902
1823
3566
2849
4740
3510
2485
1790
42
4724
401
4706
3323
1545
336
3143
3391
1381
3694
4470
2891
1939
1767
3769
4991
1362
440
1572
2268
386
1607
901
3771
4088
4936
911
4343
497
3552
1214
751
4392
3630
2583
3645
3944
1492
3752
4676
4744
1154
847
943
1228
4737
1829
919
991
966
4017
1848
4198
1130
622
2241
1437
3992
1280
4141
2069
3999
421
3102
4882
1798
4760
3472
4852
4181
938
1080
4537
229
4913
3597
2138
1446
4092
4604
1949
503
1309
2579
2002
4180
1134
1663
3968
3303
3148
815
141
2722
2581
571
2325
1899
4084
3128
1957
1332
4420
2101
4807
4826
4159
597
4981
2949
970
3602
4359
1849
2027
829
3256
829
2027
2589
2703
3246
313
2657
1272
4263
2178
929
1590
3647
4233
2417
2953
3333
3596
5000
