1
2106
843
1178
4161
2916
2976
4793
3867
3981
229
2745
4105
4383
4376
4477
4081
3755
3255
862
858
390
2902
3231
2973
4014
4611
1423
2074
547
1615
4068
3538
4449
995
1646
938
3135
1840
4635
81
3399
3939
1545
1553
4029
4277
4074
3075
3000
559
1950
782
1799
1877
3897
4720
3835
774
358
1140
1490
203
4140
549
4781
3996
4143
509
4814
578
1371
594
3703
3695
2092
4848
4067
647
1773
3958
1983
1251
2219
422
2222
32
2168
2367
804
2733
4827
2948
2992
3343
3980
4770
662
382
4124
988
3834
439
2253
261
2138
3543
2758
1219
4545
2795
4565
342
3093
4077
1115
3484
911
744
543
2449
2363
4675
4597
3671
2461
2094
731
2746
3225
1211
1573
3600
544
1851
290
241
3346
786
962
3754
1190
2337
2960
1065
2552
944
4576
27
3962
2237
1414
4393
2233
1082
3678
1039
1406
4560
3314
2214
3172
4866
2500
4005
3963
1547
2616
4040
3383
3909
891
721
2262
3455
4244
1579
4717
1110
2049
850
3318
2187
3565
4357
3401
4946
1348
2676
1217
3053
4289
3829
1708
1395
2313
3862
3719
1845
4570
2112
3004
4562
1869
4441
1060
789
1457
2204
1128
4459
3271
2072
1336
3045
1187
4163
444
577
1698
2497
2119
1955
4442
4087
284
1388
4976
1986
2695
401
2278
3580
4097
2855
393
3904
3787
1209
4592
4290
652
3216
1931
2324
2621
2646
3209
68
170
3572
1804
2085
570
4230
4530
3382
1372
4168
1907
2146
445
656
1655
480
1161
4364
4413
3857
836
1422
4338
2957
1755
4144
1241
3749
2456
3008
4333
990
4054
1153
1776
1205
2319
1390
446
489
288
30
599
406
1564
717
4311
3339
3340
4539
343
3783
4039
4536
328
861
2671
3262
998
967
2770
1003
3782
2058
885
2814
1507
4607
1133
1085
3955
1062
1632
3224
4631
1199
3229
1093
2098
1185
3178
1647
3260
2819
3234
141
2737
4322
254
1859
1738
3309
3257
1558
2183
4923
1686
1437
4912
4558
3213
4808
1725
3928
4401
6
4076
575
2554
472
3775
1671
3501
3828
1714
1459
1365
2584
4542
4079
4386
942
654
258
2013
3495
2348
16
1979
1512
2086
2066
1323
3416
4583
3537
1797
3188
720
3588
718
2246
4953
3586
4255
3272
2828
3602
2148
4662
2651
1189
295
2638
3800
1072
224
3911
556
1976
3241
2926
2516
1282
4156
3130
3494
1701
823
362
3218
2863
653
3603
3103
2540
3051
3452
4733
2498
2037
2840
2282
3012
3735
268
4172
4147
4419
602
3510
2077
160
4148
2033
1751
1172
4420
1937
109
1351
2503
2830
3984
2706
503
4048
1652
3267
1136
4066
4072
1896
2398
849
750
4022
3929
1263
1427
4478
3306
1618
553
4341
2804
3653
4179
2880
4561
1448
1642
1583
3380
2392
413
3205
2945
3197
3764
3930
1784
2570
3664
3884
1649
564
3242
874
469
3438
1488
4965
3249
2306
2208
1752
4895
3427
2837
456
807
776
3064
2150
3073
2376
3331
2136
4521
248
3901
4846
3502
2778
4215
2931
2467
821
171
4532
1816
3147
1198
3116
1042
800
592
2617
3849
3048
619
4878
3706
3722
3525
4374
1295
852
670
1118
3338
367
2536
3983
417
387
285
4685
1292
3479
1182
2203
1549
737
3605
788
39
4513
2699
2469
3589
331
2093
432
240
3265
3261
12
3711
1531
1680
3107
2
4943
3292
4228
3133
271
660
2875
403
4567
2300
1465
1157
3028
3535
4602
263
4948
2953
2178
733
3297
2350
1687
4195
3531
4058
1307
1764
4673
4020
1155
2947
90
4177
698
4779
505
3328
4146
3659
1831
700
1130
2031
4719
2030
223
4158
4499
4569
1586
3294
1930
4162
1154
3204
1234
7
2527
2988
2416
2115
4397
637
3305
291
4902
1160
3373
2663
3590
1499
3513
2151
1858
3972
4438
4466
1083
4922
3499
3183
142
4882
1756
184
829
2941
414
4667
2932
4329
1843
4942
2543
3467
2025
518
2959
4927
3363
4938
2924
4884
1378
260
3350
2895
1574
3575
4446
897
3935
1874
3541
1926
4520
4869
3968
4241
2634
1344
1598
4325
1611
824
576
2252
301
63
2095
56
3663
565
550
3946
2972
958
2197
2637
628
4274
4713
2537
1510
812
3029
845
2598
3614
4913
4911
4993
3061
4069
3454
4892
4926
3624
2140
2927
1624
2405
3069
3031
94
537
2261
2605
1081
3816
3169
1857
303
4841
3887
2844
3818
4400
2693
3105
1806
498
3610
548
739
3275
1565
3825
127
2730
3279
3694
3680
3889
3299
3518
3180
1173
761
4501
1001
4232
3619
3632
4460
791
2053
2742
3310
2381
1037
3608
3389
2157
3263
1938
643
1627
1650
663
4956
1220
1541
3400
929
997
2542
4998
4142
1489
2271
615
4011
2489
4398
2171
20
145
2966
4210
2677
4925
4629
1376
1901
4683
378
3896
4900
4811
598
1707
3052
2871
3232
3413
3576
4903
4816
2207
3269
3679
1278
4181
50
4679
3366
4663
1956
959
443
2701
825
1641
1827
3781
4019
3912
2683
2483
1636
4249
4128
3894
3516
1346
1381
4267
883
1055
3419
2410
1899
4809
364
318
4127
2806
1975
1011
3562
4748
3214
2538
3808
2573
2215
2832
4614
1604
1801
4149
2258
1250
4099
1654
4184
1959
3879
2917
1519
4764
4804
1045
369
1411
2018
1912
1383
3819
3582
2969
859
3651
4328
4772
2170
3811
3744
1215
1653
4824
3690
2882
1900
2935
354
1970
3277
304
1696
3060
735
2850
2407
3841
4415
119
796
1932
2267
4544
1150
1347
2708
1670
1911
2726
4395
3142
3298
1528
3822
2908
3568
3485
1436
3845
3715
190
956
3994
59
4894
3758
922
2585
3146
2172
49
2435
2447
1035
2547
4090
2035
2250
2993
1061
743
708
2743
638
4202
1629
4235
4759
1298
2256
4169
3254
113
4957
1885
2823
3746
1640
3523
3639
40
1819
2220
3177
742
77
3345
1778
3943
4736
4784
4500
2909
2624
461
2295
3386
3094
3109
1829
3139
399
582
4391
4789
3422
4837
3583
4373
347
4490
4273
3005
3377
4002
2738
386
2650
478
864
3238
4305
400
1169
4096
4585
1360
977
1630
1732
3959
4812
2802
1148
2825
2057
161
4240
627
4879
4730
3578
4820
1121
2913
278
4706
3159
3444
2731
1742
3532
3289
4703
313
4606
2415
4450
4133
3211
4408
100
2776
3212
1151
2071
1921
4150
208
2874
1075
2205
1052
4236
1147
3728
3675
2626
1483
969
3669
506
447
3739
3903
4893
725
1033
120
3966
4157
4535
3394
3170
1275
3992
451
1460
2308
3961
2083
3814
3622
1910
338
3786
2979
1227
2518
4098
817
1415
2361
1607
3203
2836
2865
4041
3661
3101
2669
3940
1596
3150
1771
2194
2198
490
3062
159
657
2446
4034
1749
1000
589
507
2228
2563
4299
2403
4955
2898
3464
4488
1442
1398
3810
4056
282
705
1127
925
2571
2982
3902
1612
3195
4245
385
2906
2512
3002
3138
3630
1020
2353
626
1105
2761
2727
3511
1377
1919
1113
1584
11
2718
2302
1349
137
4839
3892
4527
235
46
2588
3790
215
2371
2711
4017
1481
2502
4160
2664
4272
186
4282
1367
3337
3227
3729
3617
868
2950
1887
3507
1142
1623
3081
194
1951
483
3554
276
1375
4676
3481
1303
1313
2471
631
4047
2487
475
3341
908
3776
307
4831
4295
1322
514
3522
3175
3429
2101
3944
1971
3472
3223
1192
2877
3280
2475
462
357
951
1780
4655
1798
2790
1006
1943
3448
4658
1455
632
4394
1892
4189
2627
3335
2011
4657
4790
1966
2014
3737
2003
876
4540
2159
3850
3730
1883
4674
153
1015
3700
42
2789
2496
1915
1893
3302
2591
1550
2442
4203
1366
4691
1466
2858
2556
832
3086
396
2990
778
2810
3809
3949
4582
3393
1724
4899
3441
360
3185
3043
262
1496
2167
2524
1400
359
228
3948
4645
4458
1675
1808
463
4999
784
2254
3734
950
98
526
1967
4854
1144
2401
147
2873
2301
914
3553
3870
1945
3574
4735
3842
3815
4768
953
324
1717
3164
2928
766
3433
596
4231
878
3756
2904
3408
4204
4756
4323
3762
1232
3563
4021
834
2444
745
1720
2201
1309
966
239
2425
4131
3240
4767
3571
419
4335
2974
701
4734
163
2532
2760
4932
3478
976
428
4262
85
448
4091
3026
4112
1532
1759
4803
1923
4617
1461
3496
3724
939
785
2545
2798
4600
984
2399
3579
3237
833
1514
2466
4303
1684
3548
231
4474
4649
3765
871
2006
780
534
4687
2269
1850
4410
2784
4154
4917
887
669
1753
1597
2694
1977
106
646
963
4724
4287
2383
1145
3088
3162
87
909
412
3514
2499
4234
1689
4006
934
4945
2455
890
945
2716
1683
4817
24
2133
3247
1019
4454
3001
2141
302
158
3713
155
166
3714
3065
2264
4297
4431
4885
3506
1063
1661
600
334
3636
2530
515
2656
2479
2541
3991
2750
1429
3717
4003
4082
1152
1881
2521
2458
2193
4723
4864
573
2402
723
333
2137
28
854
685
512
837
415
580
4981
3905
3823
465
2026
558
4873
920
767
1981
863
351
3626
1067
4024
2645
427
1750
1108
2291
4610
979
2679
3864
1408
1602
264
3831
4714
2652
1600
2575
4962
4010
4604
763
1864
4012
2329
430
457
3621
4918
22
590
4605
3166
1578
3934
4755
1886
1245
2143
4641
2513
3693
2681
1925
4693
4092
835
732
4692
459
1895
760
4220
3937
4078
373
1270
2122
1109
361
751
1733
1589
4346
2315
316
1285
3186
1311
3533
2636
4974
4700
1664
1431
4625
3806
1231
4180
3391
4043
3468
3230
467
4212
831
2070
4476
1269
1635
2670
1651
4855
4452
609
960
4321
3528
4553
193
4978
3855
1643
4294
3319
1656
3564
1690
2881
1028
2762
4763
1195
1364
144
4622
4905
4028
4358
389
2609
3123
337
1447
2243
1663
1830
204
4086
4009
3490
3747
3750
4279
2427
4035
1620
4276
2766
4115
178
1676
4306
603
188
202
289
538
769
2145
1158
3748
4326
4698
4546
1505
3743
612
1954
4914
3684
35
886
563
4176
408
2632
3194
2147
4766
935
677
471
3407
983
2331
2702
2520
2625
2692
2551
2048
697
3014
185
2248
3792
4802
2833
3210
1610
3244
4575
1735
3143
1711
2861
2158
568
4340
4939
1672
2370
2900
4995
2786
99
2642
3385
4967
715
2068
2849
2200
4747
4861
1430
4129
2298
1537
3322
3768
1822
2230
1363
3581
1658
4752
2360
482
1396
3233
996
2387
1897
2775
2876
234
1021
4052
4457
775
2451
4407
3793
4856
2081
2055
1191
2870
4883
110
134
2942
1734
4961
3596
1122
681
923
1141
2862
3947
19
1206
3091
3084
410
2358
3219
2114
847
1729
3907
1944
2505
293
1210
949
491
1770
3874
83
219
1922
4909
3609
2560
3941
3854
1384
252
4741
4578
815
4239
4636
133
1016
4888
4915
3520
1474
3910
4972
4405
3489
4517
4531
1739
516
1262
2989
773
2893
4233
912
2126
877
4739
2029
4753
4227
4456
2920
4711
1517
356
2549
4780
2578
3347
1059
323
2493
1353
3412
1723
3885
4200
138
1138
4835
3988
1326
1403
2463
1438
1319
2012
4094
60
1391
3155
867
1667
1888
1467
3995
781
2090
3951
2891
1948
4652
418
624
2981
4670
2247
1609
1794
3869
571
730
620
1824
4750
2369
759
3220
1132
974
2864
2999
3312
2307
4512
4881
2696
1524
2352
149
4688
4327
651
3642
1385
3020
622
1871
4170
4797
442
771
1852
3552
1754
2184
635
4996
1315
55
2217
4725
3199
265
2277
1949
3296
629
3707
1775
2391
2472
1997
3428
3613
1310
713
3451
169
3677
199
321
2748
2657
2787
4936
3960
2946
2378
3633
675
4751
2289
1480
2351
2889
683
2034
470
4208
3370
183
2764
177
1126
1913
15
4107
4538
1572
2192
4653
4417
2154
4571
2641
4632
1261
2334
3128
4983
4263
2589
2111
3125
2565
238
917
894
2801
3640
1688
3274
1252
747
2382
3424
1247
1952
3977
2284
2987
4412
4615
1402
236
528
4616
4988
3923
372
981
3371
1092
2419
4399
3847
4049
2732
2555
4669
452
4351
2468
4285
3398
2705
4123
1162
574
706
65
4906
1815
4051
3317
114
2009
3034
175
2523
4680
3999
2984
4350
31
2069
4472
3243
2364
3570
3545
1188
2041
2132
2128
3789
4247
1288
1479
2813
3795
4221
2747
2939
319
3251
4762
4183
2604
4543
93
3365
3856
1818
3190
157
4201
4682
1329
2967
3184
1695
4516
3774
2986
4523
1424
4152
1904
1903
2272
2522
4381
2607
510
618
2127
2846
394
3041
53
2332
3198
1464
3327
4192
4765
2073
4256
230
4404
2105
476
1135
4044
4633
1331
748
4718
218
2345
4697
3226
2548
1484
1503
1529
4083
3410
2108
1454
2653
3283
4593
111
2281
2629
4470
754
4209
2608
1434
4121
1362
3082
1299
2800
2936
2424
3300
1988
1768
3104
2065
3540
3193
4638
3390
3772
2682
3742
3017
4952
1556
3837
545
2294
3567
2396
1077
341
931
3415
2754
502
3361
4330
819
3710
8
2196
521
3248
1817
952
4206
4868
3024
873
3055
2482
464
1860
4008
3770
4661
4920
4815
1325
4791
3108
1200
250
4696
1715
1544
4370
1832
3926
4369
2720
1272
1746
3555
3512
3476
287
466
3157
2558
2389
1305
919
2325
4656
2191
4505
595
3559
71
2241
2175
3367
2028
4783
1569
604
1837
4749
3425
376
972
4030
2494
3967
3259
625
4296
3486
4875
1730
3423
3459
2460
1002
3657
2631
3913
992
4254
1825
4977
1777
3773
4178
17
492
368
1253
523
2594
4746
3820
3057
2335
381
1294
3066
325
857
3106
4437
2255
2618
2042
642
4980
4300
4800
2997
694
4440
2511
3985
4754
3141
3044
1287
4853
1030
4907
72
4702
4428
1088
4704
882
200
4324
511
3118
2417
45
1076
1256
3973
941
1516
2062
1616
2452
1555
4510
4073
2576
206
2995
4238
3665
3047
3550
4620
89
801
1451
4581
315
4423
3471
3144
1847
1826
1835
4173
1018
1462
115
703
546
3712
3304
3918
3544
4550
2327
4786
4252
3594
1497
4062
253
1761
4270
33
1338
985
3434
3462
4061
768
1767
1736
1916
1166
4137
2768
1478
1509
4890
1007
4931
411
4708
2590
3458
4721
3174
3303
4519
4613
3119
1317
3760
2883
34
1617
4461
3668
25
292
4776
4353
3124
126
1259
3397
3165
2245
3173
273
4958
3976
4877
1176
2366
4191
4833
3349
1163
1994
2338
2923
2911
1273
1561
1123
504
3007
371
4845
2869
3881
377
3997
1855
3417
4872
3509
4799
3551
4933
298
2076
3629
3217
2431
1339
2287
64
889
4390
3264
123
3250
139
2620
2056
3113
1174
903
249
3558
1472
1779
162
4496
3686
3803
2983
47
1562
1100
1281
3673
1501
3042
4093
1765
1947
2582
2971
3286
3530
4564
3569
180
1428
4818
4344
2156
3015
2276
1186
384
4288
2235
4343
392
4104
826
4070
2915
3010
3953
3228
4910
3063
1998
4681
3689
1679
3788
2082
2914
3858
176
2390
746
1301
810
758
3038
3683
3832
1811
2273
1631
3993
4226
4979
426
1333
3126
453
2240
1342
1692
3273
4363
3040
4898
838
2015
2064
3025
4964
4486
3658
3971
1968
2782
1124
3868
2759
4930
3189
3358
3003
4858
2887
2613
2124
3276
2100
4171
3738
4275
4473
2741
2794
682
2004
2103
4432
728
1494
1134
1070
1867
4857
4771
116
4479
2333
2668
3440
2199
391
308
421
4992
4385
1074
2817
2421
3154
4621
4819
4251
2729
3120
3201
1224
1961
2577
493
1785
1601
1962
3952
4113
4281
1744
2275
3625
2017
2155
4984
3095
2704
714
3287
1051
3009
2599
3599
2888
1482
3877
2099
1534
3153
3804
84
525
572
1848
4198
4053
973
1628
191
4088
4426
4025
3812
3876
4217
1382
641
4591
4264
1796
4823
734
4870
2755
29
3606
2807
1214
3114
3253
1518
1369
3097
2937
4108
4260
2020
1393
3117
2899
531
3521
3236
1450
66
2465
2044
2525
1171
226
542
3461
3573
1277
4710
1194
4250
1258
4842
818
1274
3649
4843
4788
164
779
4489
4036
37
181
2491
2820
2411
1283
2484
2568
3807
13
2144
2432
496
2495
4782
259
3313
3080
3882
2860
699
375
1741
4103
3078
4807
397
3456
2919
2767
1312
4862
2878
2038
566
4354
2977
305
3364
4106
4403
2323
2793
4758
2912
2835
1660
75
4266
220
1936
1139
4690
2373
2943
2236
2007
3498
3290
2441
3645
1766
1873
1257
1657
2526
1089
1446
1469
3420
762
1441
1898
1049
579
1183
4840
3268
1908
4042
4444
2439
608
2188
4525
92
2320
4366
560
4950
2091
4243
783
2179
4194
707
2177
4118
3597
2944
4671
4075
2330
4291
1304
3030
1644
283
904
1079
1727
3942
4497
2061
3956
2952
3342
1023
5
3325
2734
673
1254
1047
2685
994
4001
3137
964
842
795
348
2121
416
1960
1810
3068
3720
2477
2838
2845
4185
458
1387
2180
2142
3908
3167
2725
1420
726
3662
661
2829
3515
4334
802
353
4731
4027
2595
1098
1271
3577
1452
2265
2153
4018
2097
1685
124
777
1935
921
4847
655
1571
154
1863
146
4283
1266
2116
67
1296
1712
2343
993
3932
1050
4352
4360
4436
3561
2109
3547
3566
2163
4188
982
345
2481
4973
684
4709
702
4916
2600
3723
3767
1356
4627
3672
1987
4580
4677
213
3860
3699
1807
3924
2777
2043
508
3705
740
3323
2412
4229
2318
1842
314
3794
3839
957
4139
2847
2630
3316
2195
3709
4639
2602
2792
4280
4715
1691
409
1458
822
3595
3598
875
4155
4089
4196
18
4701
3221
3270
1861
4430
2831
1359
4050
1633
928
4659
3611
4828
3348
380
1681
460
2022
3592
3696
1608
4223
710
2783
4271
2756
4055
971
3836
4726
4518
4242
3085
1099
1540
1577
4849
140
2659
3682
999
212
2714
306
2765
1243
533
4959
2283
2721
2596
3388
366
4109
3681
2964
1485
3405
2434
1221
688
1834
4037
80
636
3079
2774
1280
2414
1073
1225
1789
1005
1486
3208
2409
3871
4482
3891
174
955
1237
1022
2368
3893
441
1504
4944
3480
3670
841
2851
2603
541
814
257
4396
1995
4929
907
2134
1546
1131
1095
2892
9
4590
2223
2564
2173
803
1758
3239
256
2929
189
404
3691
1823
536
4310
532
4469
693
1965
3648
4317
2805
2648
828
2619
4348
1554
4568
2781
1747
3396
3824
686
3301
1533
4928
101
2978
4448
3447
2791
672
607
1164
1973
2341
986
1284
3152
44
279
4654
1673
4935
3777
227
1927
2406
2046
4640
205
633
4141
2490
1933
3
136
1096
3702
1374
2226
1181
4834
1212
4778
2075
3504
1057
4737
936
1634
3487
1026
1404
1508
2169
3726
3826
975
2125
3978
4339
2649
3426
1265
1090
4312
3688
1621
4960
3704
4541
4080
4429
2894
2539
4563
1795
2428
2221
1327
3975
3446
2393
294
2149
4982
4368
2879
3607
2610
423
3443
1368
3778
1740
96
4336
187
4462
2739
1828
4045
4634
1809
2485
1677
4468
2822
4475
3414
4309
3321
26
1648
395
4439
644
1418
1760
3979
4504
3927
281
1703
1522
585
4193
4135
1713
2040
2008
2639
623
2462
1590
1941
1228
330
3539
4887
1929
2772
4572
437
1678
4987
43
4586
2843
1543
1407
3546
4492
2753
2951
3032
2712
3475
327
2290
4205
3492
2244
2529
540
1762
440
267
4588
4110
3449
1103
3059
2016
1008
1872
4699
3076
2991
3585
2356
2310
2321
2309
848
269
4246
4033
3938
606
2614
74
1699
2816
1334
555
2478
1370
1449
1511
326
539
1401
853
4219
1552
4259
3557
495
1844
2209
2000
794
712
4506
4742
4434
4598
4908
870
630
2970
2232
1443
4795
2430
4821
1791
1772
3921
4207
272
266
614
639
4258
4182
689
355
3056
1248
3131
2709
1559
3036
1989
79
895
1737
4298
3266
4134
1068
1593
2164
2297
1992
4624
1069
102
128
4954
4619
195
3463
4130
792
1468
320
3771
3374
3376
676
3830
3701
4218
2340
1595
1972
4371
4424
4822
245
4362
2940
3931
2023
562
1606
2808
2572
4608
4465
69
3674
3503
1426
3652
2998
517
1112
4705
4342
3215
2088
2508
4859
2686
1587
1129
1094
1293
2667
3637
790
2131
2339
678
383
222
4304
1506
1380
365
1279
3872
2918
2379
4116
2045
680
2354
70
130
4574
1638
4261
62
2299
4825
2956
2559
2080
167
4038
4119
2492
10
2962
522
3027
1321
3899
1316
4554
86
2574
3497
2476
1668
4609
4377
851
2965
1820
741
3171
4480
3355
3542
1682
1833
2597
2514
4111
349
4145
4016
2005
1836
1445
148
1143
2661
4427
2019
4559
3121
3817
2985
4268
485
3840
1111
2404
808
840
1425
3083
4867
455
3470
4433
3833
2347
3851
2612
3491
1520
4125
3769
152
2443
3437
2263
3359
388
4836
2866
1218
924
4225
1957
1745
2867
1064
1397
1884
1409
4057
3356
2799
3019
753
2654
286
888
1487
3638
2715
1286
3821
4392
73
1705
4253
4626
2581
3753
3457
2388
3751
4664
2234
4650
2954
2212
4213
4997
3560
4694
2078
4136
4584
3945
1041
2010
798
3149
1238
1117
3011
4552
4372
3631
4447
1184
1792
4672
4548
2445
4495
2922
1790
3716
561
3536
1080
616
3421
2684
1580
4409
704
1038
687
4491
4316
1413
1476
535
3037
2279
4886
429
3844
4132
2117
3957
1104
221
2751
1439
4740
1890
1379
811
1471
3278
1412
3392
4934
4660
370
2464
2779
1581
2488
3092
4265
2165
2089
4484
610
1492
3181
4422
3021
3500
4190
3761
3813
839
299
3375
855
4375
4222
3727
3134
2130
2032
1849
1159
1203
1179
473
2687
2938
61
799
1168
497
4573
529
4367
1905
2724
2160
1763
2722
1230
2166
1475
770
4863
3293
4813
3140
978
910
1974
4
1879
3859
1235
179
4064
1918
2296
1017
3488
4117
4483
4665
4533
2901
1058
3129
4991
3654
3127
105
2818
1726
2384
435
1953
4919
433
4865
2436
1538
486
4487
2316
601
1996
3344
1942
3402
2752
2266
648
3718
3013
2152
3469
1585
340
95
297
1208
4166
1167
4941
2342
4494
1125
3587
1786
2719
1757
1306
2703
1291
1175
1249
4668
586
2238
14
2054
3315
4378
3647
3404
1769
3357
3852
2355
2459
112
736
2885
2314
4801
3351
4549
1335
168
2021
4382
3163
41
2933
3757
3395
2586
2224
727
468
4026
892
3643
4829
1868
3102
3110
752
2827
1204
765
597
2580
494
4566
2293
2968
1666
4579
336
117
764
2921
2394
667
1963
1394
243
2480
1044
2052
1337
2713
933
4647
2162
2362
1358
3692
793
2123
3784
4896
2454
3477
1290
3087
1920
3058
1056
2519
1536
3474
344
3667
2961
2868
1748
1229
2839
2896
4032
690
2285
3023
2717
4876
2450
280
1302
4850
3295
900
2674
332
1357
2385
757
2672
554
4695
1043
2507
1440
52
2506
3759
4318
1350
4467
1805
1902
3628
3018
4278
216
3445
3917
581
275
132
402
1889
3090
3006
1300
3517
2640
2372
645
1222
593
901
3527
3035
2903
4302
3954
1417
4507
4985
3634
4007
4031
232
1803
3612
3848
1137
1709
58
530
2803
121
2698
1399
1289
2377
4594
317
3077
3797
4537
499
1669
3307
1591
1924
806
2678
1674
2890
2107
906
926
3989
1197
1046
664
1097
1594
1330
431
3508
3766
2251
1267
3650
989
270
4095
2689
2740
1839
965
4777
4237
197
2872
352
4689
2036
1373
4102
3731
3635
583
3326
1854
2280
449
520
1036
3406
2736
1004
738
21
4904
4187
1470
1964
2975
201
1702
3245
78
4503
1456
3329
23
4216
2601
2229
4414
2227
3016
131
948
1603
3655
4901
4445
2857
4644
671
487
666
1233
3799
1216
4331
2528
2841
1525
1728
3644
1264
3285
3878
4526
454
1193
1535
1202
617
2949
1721
3403
2660
1029
4947
1345
4968
3187
4577
3099
1010
2994
4122
954
4951
2225
350
772
3176
1463
2655
1421
1012
2326
1782
2438
2473
1743
1034
1906
3192
3333
4224
3883
309
3439
3182
3676
552
4314
2181
2910
3207
4126
1984
3725
4101
2531
2707
1613
1914
4435
3442
3252
1352
1774
4211
1802
2176
3067
658
613
3505
4798
1268
813
2216
2067
4761
691
4269
4969
1027
1491
2239
1813
2628
2710
4451
4013
1236
787
1710
3378
2110
880
2723
2826
621
3875
104
2063
3915
2749
1207
1180
879
2002
918
1361
1156
2925
4199
4284
2218
4493
1031
2854
4293
3332
1419
1706
4214
4743
1101
51
1917
4337
1841
4712
2413
3890
4471
4832
827
1880
1704
1389
2780
2744
88
3089
4880
4387
2087
4686
2079
363
4556
3920
2958
3435
1014
4990
2051
1053
2336
1260
2821
2317
869
1659
4666
4889
1978
150
91
2763
946
2050
3334
4775
1416
2395
4463
809
3970
634
4388
860
118
4949
1332
2344
1498
3736
1909
3387
1875
980
3409
2202
1639
4651
4937
1201
2771
2853
2773
1515
1196
3354
1991
3698
930
4379
2824
940
2174
407
82
3156
1177
436
3780
4643
805
1946
1119
3752
3863
4443
3202
2562
3933
300
1856
4727
1146
434
233
3922
424
38
4612
3049
1114
214
1793
3039
1999
4355
2569
1343
2470
3623
4524
2852
1599
3798
3990
1700
4595
1882
1958
2129
709
2303
932
2249
724
3936
1787
3843
1276
3697
379
665
2593
3601
500
3660
1405
2675
1025
3282
1582
4722
1328
1625
2907
4628
2848
4618
1566
987
551
2897
1013
1527
2553
107
1084
1500
4760
3284
1781
4365
1622
3646
1493
2274
4792
524
3291
2728
1453
4151
968
1513
2643
2182
4529
2690
4646
4120
2700
4000
1410
4464
108
4508
1106
2592
3895
2666
3352
481
711
1990
4773
4153
97
696
3998
2834
225
1592
3556
246
135
1939
3158
3888
277
2084
477
1477
4642
2963
4320
4406
2288
1318
2027
3733
217
2934
4085
479
2546
4826
4940
659
4769
209
1812
3115
3838
3584
2486
865
1308
1314
1340
679
567
1240
4071
4838
3779
2509
2811
2647
4455
4589
893
2812
3071
3685
3381
820
4319
420
2231
3324
3206
1665
4257
927
695
3687
2312
2408
2311
3982
1866
2349
2259
4732
3802
884
1719
3886
4167
1495
2534
3740
1731
3627
905
1087
3431
4806
2623
2346
2374
2397
4989
2292
2886
2611
2211
4785
4292
937
4599
872
692
2680
1619
4481
3353
4830
1645
335
961
3122
3965
4511
374
519
1718
4060
151
3258
484
1032
4418
4924
3846
4587
1355
3311
2533
2257
4114
1048
4970
2735
899
1526
970
36
3070
1354
3900
3288
1502
1054
4874
3033
4286
1066
2422
722
4138
4921
3222
2059
4891
1009
1969
1865
2697
4313
3827
143
48
2418
3925
3196
4648
1244
902
4522
2996
591
1242
2884
2185
2633
2386
450
3411
4359
4528
2189
3096
2429
173
2544
3046
4248
4164
1557
2622
3466
312
2102
1542
816
4004
1433
3524
2135
4515
2583
729
3436
1940
4729
4084
2453
3493
3483
1226
2118
2955
251
3987
605
1993
3873
57
3796
210
830
2322
4805
311
3906
1838
1444
1071
3549
4630
588
1297
2433
2535
3732
1891
4174
4796
3641
3179
4794
4425
846
1821
1878
1928
2186
2796
488
856
4361
3526
3604
2375
501
1570
1165
2658
4175
3100
3145
1435
2501
2673
172
2260
1040
2210
2566
3330
513
3453
3620
4810
2515
425
3791
1614
3074
4063
4994
3418
4738
2120
756
3191
3320
2788
3372
2504
2440
844
237
4197
4384
3805
916
4100
3785
4603
2815
4534
1386
1568
4637
2305
2662
296
207
3384
3432
1980
587
247
1341
2365
1102
3529
1800
913
1846
4402
3465
4023
244
2809
3235
2096
2304
2606
4757
1473
4502
4349
4897
3200
1788
1862
3721
1662
1149
640
1693
322
4975
5000
