1
1247
4568
2999
60
1588
3341
3652
2186
832
3262
2575
2618
592
2273
400
784
588
4371
3477
662
3751
3139
1638
920
4614
1626
4698
4329
903
222
434
4828
1510
1396
664
3905
995
3250
4771
3943
3497
3754
3787
1043
1751
2748
325
2041
4831
4659
3671
3799
3167
4972
3496
423
3405
1943
656
536
4853
3669
2755
4980
3479
3175
1854
2413
2615
4114
1912
4309
2335
4708
3156
3844
2086
3132
933
18
1269
3635
38
2975
1290
2377
3512
3697
3322
2848
966
2299
4211
2541
2044
846
4206
3151
1786
343
4784
2613
176
894
2496
4175
4314
4823
2369
317
1159
4466
3090
3634
3204
4108
973
2935
3772
383
3464
1470
1168
4316
899
3559
2170
3444
462
1619
415
3061
2696
1543
4636
4929
1980
1739
4728
508
533
2626
3528
3686
4700
3992
710
3099
3166
1579
2019
3777
697
3325
2759
989
4557
3860
4655
3533
1324
3055
1486
3547
1363
4286
140
1066
3704
4394
3947
552
2905
3624
1327
3519
1776
1488
4876
2802
3937
2753
1752
3173
3816
3760
4992
4064
2253
4928
4031
1819
3560
42
2481
212
3362
1810
519
2204
3737
3895
2222
857
4355
1904
606
3107
3691
2794
1942
3721
4524
3896
1098
4406
509
2111
4115
1915
4652
2300
676
174
2383
3668
610
1552
260
3434
4036
3847
827
2881
3609
2360
756
718
2719
4374
4438
4618
4103
2937
1749
527
4563
852
507
4711
911
2176
4945
1351
4024
3583
4819
3856
4194
2522
4258
764
4007
112
1328
659
4045
4313
4783
1183
2227
799
2081
1958
3309
851
1423
1422
1467
4358
1133
4558
216
1804
2640
4195
1317
712
3849
3863
1599
3681
1758
2391
69
2226
345
1649
2946
461
3550
2024
3429
3862
2197
673
1925
2079
2033
2944
2368
4879
4730
1041
32
4654
1764
2116
2516
1358
4594
4578
3604
3360
3398
65
514
2797
1471
1559
1555
1763
3039
2578
1803
3814
2955
2873
1865
3229
923
11
3116
2137
961
2549
3266
501
967
1879
1115
4157
1494
1402
4066
1491
1433
3889
2179
2113
4453
2656
4428
3113
62
4271
1019
4809
2715
1887
2931
2691
2237
4357
4019
4459
1278
4205
4991
1473
602
2700
2119
2224
3803
2009
4873
3455
489
378
4637
2336
2758
812
3582
9
1180
668
2259
264
4850
273
1414
4476
1702
861
2861
2901
1666
879
2784
2364
162
211
43
1997
4830
3336
4610
39
3366
480
2692
3563
3922
2341
4132
2923
364
2104
604
3996
1785
3208
455
3035
4085
3828
1337
3790
3978
1108
3269
4915
1686
650
473
2482
2203
2668
4770
2122
984
3189
3901
2534
2432
4179
3489
4736
4816
1272
4748
348
639
1811
2305
4018
4603
2398
2301
4690
1999
3694
2637
246
3242
4068
677
1885
4932
765
2282
4331
3566
4400
3851
1781
752
3974
136
315
2338
1688
991
1690
3100
798
2951
919
4530
4376
2435
510
3796
3041
1148
4084
4458
2699
3324
3625
3484
696
4544
1805
704
908
4547
2071
1725
3767
3272
2263
3663
2562
4685
4663
1424
2395
3529
2745
3119
4433
3430
3969
4677
2451
1839
3874
1962
2918
4414
1292
2799
3052
2962
1265
964
4120
4193
3892
4732
4074
394
4123
1719
3966
24
1000
700
3956
1806
1896
4634
4591
3774
2156
2855
3010
4207
2205
2916
3627
4922
497
53
2323
4721
2754
4118
2053
78
31
4796
3036
4756
986
1607
1717
3764
4431
632
2663
2378
1732
4346
3144
79
4287
548
2256
790
1602
3730
3211
2514
2309
4430
1114
950
76
3355
1548
3954
671
2459
2739
2460
1920
4105
3129
125
4079
3005
2863
2371
4595
3768
362
1629
2296
3155
1061
90
1477
4266
2515
551
4824
4679
3831
4746
4644
3085
4039
3253
3051
905
1262
3421
2077
4546
1282
1705
3174
4598
4094
938
2030
3935
179
4378
779
3991
3077
1894
3775
446
4767
2148
2487
2775
2142
2913
1195
2833
684
4451
4486
924
3852
2410
330
1095
1448
82
3373
4612
1214
3277
3086
248
3593
2307
4861
1675
2494
748
3285
4363
3761
4787
1979
4178
531
4880
4324
2252
4396
3810
492
791
276
633
1338
4215
3059
1071
236
4003
3540
962
2470
4965
1514
84
3260
2350
262
1268
184
418
2804
2173
241
4275
4833
4030
1063
3707
3029
2401
4641
2882
1594
1893
1350
40
971
4540
4988
2606
1076
3501
727
4364
3210
2731
226
2572
1452
1037
2701
3791
4348
3649
3546
4769
4580
3222
4408
103
4970
1700
4104
3232
4487
3758
3968
3264
1253
2812
2405
4697
2671
2902
3179
4506
1244
4842
3516
1820
296
3636
1391
3101
4025
3415
4656
397
4015
2056
2039
3134
523
2060
844
3782
55
4144
4410
1541
369
1432
1540
3771
1841
4799
2816
1560
4343
2801
1754
1500
16
204
3293
3944
3249
3102
813
3083
2043
1430
4292
3985
3740
561
1118
368
2779
2097
2268
2674
2101
4543
751
3303
1582
429
1960
2670
2130
1172
2120
3157
3726
4282
407
2773
4091
3426
4017
1310
3219
1926
2329
3361
3986
4560
1561
2969
1956
2126
2778
1219
3722
478
2654
2265
1801
1604
4070
4622
1469
350
1188
612
4134
3878
3400
2199
3779
3393
949
3176
3612
1906
1762
566
4124
723
3392
1760
1743
4723
2756
4220
299
2961
3983
807
635
4437
2399
2997
1750
2200
1279
4907
824
3069
3590
1144
1220
3347
1083
3959
1955
829
4055
2651
3125
2346
465
485
3216
1326
4885
3056
1119
1360
3660
1597
1238
2567
3290
225
2751
3734
1224
858
1824
1461
1250
3503
4707
1185
2385
757
3465
471
689
270
2070
98
272
327
3246
550
3748
3448
468
2400
2786
4847
1808
976
3837
4900
467
515
1996
4640
4176
3088
1207
2269
3410
2154
307
2498
1698
3342
3883
2519
193
1426
224
2953
4493
1417
870
3460
2854
3729
2324
3755
568
772
3364
2590
706
579
2447
2161
1792
1462
1045
1615
1208
1761
1416
2646
4507
716
2151
4135
3514
2279
3525
761
3356
3469
499
2934
3291
726
3153
1388
3732
3620
3431
3617
2659
2974
2375
2645
1081
2929
4264
4832
475
1995
1222
1333
2737
4939
4463
4749
2582
1733
567
4895
3820
3833
329
1787
2178
392
1829
4335
3456
1985
648
1580
2058
3989
1002
1223
1881
572
1773
622
2117
135
1721
116
4717
709
2733
1104
595
3951
980
3702
4901
1987
1314
150
2052
4230
2593
4763
2008
4082
1978
2103
2467
4753
4713
2407
874
3420
2416
856
4199
432
3599
603
234
4525
41
657
2228
2995
3518
1621
2036
3180
1280
1308
3621
1644
1085
2658
4893
1782
1472
2886
2209
2132
943
3332
4899
1135
2594
1642
2785
2236
3742
3913
3646
203
2921
3063
58
4648
2057
2002
3352
1366
1129
3408
3736
1684
3333
3690
4671
658
2998
4974
4926
114
3933
3213
14
2260
1375
1011
2681
3379
1791
3724
3183
1179
3287
2497
3338
1849
1060
10
4023
1737
1154
3739
2042
4844
1672
3720
1297
3172
2702
1039
1584
3809
3893
4351
4469
4709
1577
3008
785
3928
2941
2688
3677
3300
3795
2484
1134
4203
3217
2318
4077
2257
686
926
2694
4111
2675
1681
3271
3081
1458
1299
390
969
3718
4285
1102
395
777
4153
4904
1457
3435
1217
484
1393
939
921
2262
3509
1234
3539
4119
4755
1158
1947
2025
2266
2316
2839
3268
2966
324
3438
3187
4101
4008
3571
2001
775
4461
512
142
366
2455
2258
205
474
3033
2293
547
1274
4037
849
1695
277
553
1145
4962
1170
1496
4839
2144
4908
2015
4715
2317
1532
4392
4854
2879
320
3130
352
323
2813
1101
1178
4412
983
4481
3054
3727
2985
2423
4806
2653
3296
4857
4536
2397
342
4167
742
3404
3020
3517
1951
4092
3728
4151
1511
725
401
2598
160
4602
2098
674
4566
1598
3873
3143
2685
2302
2634
4467
559
3887
1902
2899
4976
3708
4959
3072
3628
3445
359
4239
1411
3909
3673
2298
3114
4706
705
1103
309
3700
2168
2085
3785
2894
3289
3699
464
2890
4674
2194
517
3169
981
2531
2454
4996
4434
1531
3927
1015
575
3313
3872
2603
708
1273
695
1832
3376
2707
137
3725
4701
4383
1709
758
4409
1184
1643
291
1053
2339
1674
4672
196
683
124
486
3882
4719
3915
238
1270
4766
737
810
4456
104
3221
173
3788
3321
3491
146
822
1534
3839
1948
3759
427
252
1130
4366
2566
172
974
3403
871
2774
3664
3319
3995
1403
1858
1658
4096
2942
2765
502
4781
288
2135
582
2644
1938
1476
3513
111
279
1072
3317
2860
4488
354
1701
3294
3409
2163
86
4778
3743
4353
4855
25
3688
4660
1456
202
2970
1420
897
4838
4139
1407
2585
1551
4870
4419
2897
4235
4549
1152
1519
230
1387
3526
4016
3504
420
1443
382
477
3411
4620
4393
4902
450
2084
3233
2490
2483
1032
1364
2828
1770
687
2068
1823
755
3945
4791
1931
3001
990
3662
2267
2548
4617
3087
4513
3080
1311
72
913
201
4727
3592
1271
4545
3576
2728
2954
4684
186
1573
4492
587
4786
2661
3011
4919
1734
4501
902
2647
2959
1305
1863
2501
4954
3424
2349
4960
3330
3462
4863
2806
786
3871
2560
1245
2926
3925
101
2869
1029
4188
3251
1564
122
1527
2586
2037
3123
4498
3510
2431
3165
4829
1966
2512
4872
3316
3826
1530
878
3328
3098
1935
1544
356
4197
1453
2290
1256
3040
2192
3314
4234
4555
2379
470
534
1018
3162
4586
4368
1581
999
2442
702
3970
3095
3898
3485
1229
690
4552
3150
3753
1899
1870
2207
1795
2201
2602
1065
1362
4240
239
2877
1631
733
2112
105
2815
1070
3286
4927
438
1627
1261
3004
1505
2846
2977
2402
4864
1218
2545
4365
3003
3569
3365
120
1202
4667
760
4495
3524
197
75
952
4859
4191
500
773
3711
4242
4943
3899
789
4065
2352
1917
2328
1746
4339
728
2486
816
3846
3384
776
3629
2509
1024
4415
3432
713
1026
3631
4997
3591
453
411
2175
2832
2964
1235
1671
4511
2635
59
4998
306
3877
1381
2914
2980
4468
2434
1788
3967
4740
1821
3640
2952
4416
2552
3201
521
1694
2788
1394
3984
2281
4865
376
2705
932
4588
1459
444
1774
1258
811
1427
3993
4503
1177
2503
2611
4315
4845
1190
532
3163
3048
2933
1817
1056
663
4764
4512
357
3572
719
2234
2679
538
214
2821
746
4630
3488
3374
1506
1981
2810
1001
3910
3687
1089
4874
4391
2885
1575
4514
447
4056
77
3223
4981
2605
963
4435
4629
1502
2365
2711
2763
2344
2919
4788
294
1439
349
1291
1533
2623
1046
4890
2760
2770
4651
569
377
2859
440
711
1287
4051
875
4983
4295
336
46
1113
2251
2596
1554
3104
1059
1614
2388
3057
4288
2055
2704
1047
4044
4986
237
1696
3443
1204
257
3031
3422
3353
4680
4432
2426
3615
37
4465
1516
3840
2246
4509
2570
3288
8
4686
2146
1965
747
3414
1886
387
3998
1648
1067
3197
1946
3638
2898
1796
1704
1713
4703
3817
3433
1593
4883
3908
3580
4482
1653
2956
3230
641
17
743
253
2595
2139
1275
4925
269
3108
4436
4069
4145
4813
2643
4062
1092
1412
3259
2412
593
2555
4693
945
4054
2238
1352
4185
316
4869
630
232
2449
4196
3278
3616
107
907
3145
1165
49
2049
259
1492
540
4906
3442
2517
1478
2520
2491
1994
738
4930
437
825
1077
3481
341
1952
2073
4000
430
1669
4352
2427
360
4726
1975
3955
4147
1167
1840
1869
2124
4765
2948
4801
3339
2241
4109
2272
1529
1515
3647
745
4382
4851
4198
1149
1242
2925
391
4342
4584
3543
4744
703
1284
363
1871
2229
194
4518
2967
1954
2047
3248
4577
3337
4761
2607
2231
3034
4256
2878
2777
4999
3601
2080
52
2583
3295
2853
4032
4192
4447
1455
3891
615
660
3032
4795
1306
2361
4526
3812
1867
767
2829
3972
1236
1116
3644
4776
4440
4607
4975
280
4613
4325
1012
1463
4979
3538
1941
287
1389
2096
1897
2736
2396
1347
2851
3948
1661
460
3495
1678
3703
4165
581
4222
978
2271
12
3924
3377
3344
626
1335
1295
21
88
2650
4150
3667
1877
520
1793
126
491
2866
590
3140
2807
2286
375
431
1354
3976
1052
4759
1875
301
3527
4289
4946
2939
479
221
1454
1852
2480
97
4381
30
4255
4914
3
3097
2066
1293
3075
4775
3315
3792
741
3719
3979
3544
1913
3963
1807
4941
4136
4246
2145
3451
4293
3198
1691
3961
3950
821
1769
4245
3645
2499
955
1285
915
1545
4202
4836
1438
3918
51
3345
4473
535
3490
2638
3235
1668
4190
618
3987
445
1371
1367
667
4148
1209
652
1991
2535
2446
1091
2121
4804
1639
4155
2242
3801
1874
1210
613
147
3467
206
2210
458
4379
1006
149
4774
4168
4260
877
2021
403
2136
4689
570
373
4274
754
1049
2936
1538
4356
2738
4131
3632
900
4259
628
3074
1361
2978
516
1613
3022
271
1790
3450
3919
1254
3611
2198
730
1856
181
1715
834
4688
2789
361
2639
2678
314
4923
2766
3220
918
2304
2636
3850
4818
654
4336
3630
4138
1169
2887
1508
3971
956
185
580
817
2172
4898
4254
505
4344
1797
3013
1589
2453
4367
868
3326
3619
4201
3043
3714
1136
4249
801
4484
4621
865
2525
282
1784
693
346
2463
2667
3696
1971
4296
189
4050
4058
1349
290
557
1418
2004
946
3202
3678
2448
2580
2165
1082
1799
3715
2069
1252
2649
4301
4579
235
4457
3282
26
3214
1910
4001
759
1309
1748
4589
644
3861
2425
4798
2727
1703
3783
1112
207
4564
3780
4303
666
647
3670
636
4093
3554
3307
1835
3215
3523
4429
866
1126
1428
2421
638
3648
1323
2424
1028
4757
3585
2013
2680
463
4048
2608
1558
4229
1689
988
4878
1216
2370
4724
3350
3466
917
3137
2627
3500
2889
2872
2965
2032
3717
2129
2353
731
1670
2006
3994
3564
596
1911
1240
1916
2710
2524
3936
1566
4716
940
1853
2274
3346
4523
3367
2216
2313
1410
506
739
4917
2390
4905
3929
890
1605
4417
1845
3226
4009
4341
1909
4599
1499
1404
661
1120
3964
722
1200
2782
4302
4345
4076
2616
1283
1724
1572
28
1064
4977
3136
1800
3713
293
4875
1984
3194
278
1596
4754
563
2150
4297
3093
3170
2761
4247
2822
2411
935
4113
4052
4789
4576
4060
2830
4785
735
1759
4505
1921
4920
3178
1957
1708
2795
2619
213
916
1507
4969
2820
3459
482
2684
2195
3261
525
2472
2106
3685
554
1707
1706
4619
1189
619
5000
