1
608
4781
534
2905
1486
3324
141
4999
19
199
1183
597
60
3689
3928
1397
3272
312
1022
2548
4959
3556
3019
4573
3797
4592
2295
149
1832
2577
2297
3169
1904
2805
1893
3428
1539
3526
3386
412
2906
3262
4733
4928
4179
341
1179
4031
3709
2405
4671
4246
2827
2338
4816
394
3843
3542
3037
1654
498
3640
1327
506
442
4412
1752
4394
2983
815
3067
3388
113
2785
1237
1034
4284
122
1292
4808
1085
2287
3548
3124
1529
4318
4030
4990
2022
160
4791
1516
2442
1320
3072
274
2692
1674
907
2758
39
4141
3979
2972
3393
279
760
2756
1000
3005
3776
4252
1291
2118
3741
2403
2008
2795
372
148
4939
4819
1475
3321
4159
1694
4583
2598
4590
108
2653
1185
937
2632
1180
4577
1848
656
1923
3875
4062
3903
2466
3926
4362
2017
1192
4988
1238
2631
4236
4298
4888
4023
1514
1006
4319
1171
599
4017
3865
1162
4090
1997
1743
1876
2999
1407
3194
2445
2222
3470
3480
3118
505
1150
4305
2733
2357
1043
1897
1350
517
3759
3593
4446
4996
3064
3614
846
73
4109
2857
4596
1627
755
4193
1886
3286
3829
4044
1123
2461
4523
1145
1158
515
1341
737
385
2802
2085
971
1253
69
982
1545
2468
4517
2778
2307
4468
1154
1065
1364
3207
4348
2375
1164
3910
2436
3418
2748
4659
2214
1399
4991
1059
3489
2907
1941
3535
844
1861
2156
4516
3330
2342
2404
4452
2350
2003
2901
2083
1599
1249
1208
1898
3969
575
3142
550
2088
335
4612
3670
1459
2818
4979
2480
2294
3482
106
4397
4682
303
3669
4124
1156
4854
2292
1895
648
3130
2504
4549
3261
4479
3661
48
3574
1896
2732
1224
2890
2855
2910
3819
4495
1102
3937
391
4876
2485
916
3767
2540
4485
1984
2260
3285
1550
1614
235
2102
819
61
1377
4254
1773
4082
3863
4906
88
3313
1572
1732
1696
888
2147
2542
3416
3459
2011
720
3501
2784
2604
1260
3579
4628
2453
2642
4992
3280
4025
3940
1619
4476
1972
24
4383
4908
2766
3770
2807
1205
892
835
1295
2320
1265
457
758
1206
2780
4975
1731
3827
910
740
3475
1389
1711
4749
1092
3799
309
3560
1132
4116
1361
97
417
859
2120
808
1007
3288
45
3524
2523
516
3684
4569
4263
2166
4377
1510
4806
1699
2457
1962
401
4451
289
951
3357
2396
4662
3564
2564
3561
4014
1693
3240
142
3965
1591
317
1942
4068
2852
4868
3697
1541
3133
1411
3601
3345
905
1347
4943
2978
3576
915
4054
470
4820
2873
1869
336
987
2490
433
4556
543
748
1998
3845
157
1936
2027
1875
4366
439
3531
3476
2358
2429
4706
1457
2530
3839
4139
3107
1268
2913
4490
4617
90
3551
3024
418
4414
1262
3017
4143
4472
3510
2220
1710
2268
2677
1577
3644
1756
4577
1848
656
1923
2559
2547
2634
1777
1153
438
3342
3802
228
2767
4114
2098
4391
4586
2282
3050
3284
509
4325
2875
1833
3970
330
4271
129
1753
986
1394
1513
363
762
3956
4887
613
3186
2633
1040
2956
1121
4168
4924
3434
2691
3081
2727
2380
4358
2077
3003
3931
1546
2658
135
4055
4886
3943
2398
3275
536
1979
4705
3329
3646
3688
570
3500
4571
3618
3511
2729
4922
1850
1587
3099
942
14
1152
1136
1104
1643
675
89
316
1880
4075
4389
1646
1387
1630
841
1921
2936
1767
1033
1722
4053
1336
1852
2743
3364
4498
1020
3337
3858
511
4411
12
1044
4845
4830
765
1575
1304
4061
3625
4251
2423
2195
1187
1052
3757
4783
4198
263
3969
575
3142
550
2088
335
4612
3670
1459
2818
4979
2480
2294
3482
106
4397
4682
303
1631
702
2481
1178
1068
3583
3465
4505
4993
1036
3808
3199
933
4265
2337
3436
4310
4624
718
3805
3007
998
2593
3060
3226
1391
619
1613
3921
195
3123
4235
4011
3636
2559
2547
2634
1777
1153
438
3342
3802
228
2767
4114
2098
4345
4792
306
4626
2882
3180
3818
3340
3073
1830
2616
3823
4701
2953
4300
1106
1907
2096
3667
453
3224
2093
3104
4748
3014
3947
196
593
2406
1315
2919
2418
1955
2128
4419
4916
4464
883
1844
1771
4827
1495
874
4836
1981
3473
251
2434
4424
3986
3862
1282
2929
2712
4623
3069
4145
4187
27
339
635
2113
4893
1760
1911
4199
374
264
2101
1166
3410
547
3062
3539
3746
2629
4591
3406
4406
18
625
1785
3922
2674
4488
1913
918
972
2740
4576
3934
2593
3060
3226
1391
619
3672
3615
4566
3235
81
2796
4188
2747
895
3964
3657
1306
2271
992
1819
2382
1894
2097
4646
4376
408
3041
1931
3596
4059
1115
225
3893
384
460
1615
4310
4624
718
3805
3007
998
3546
1826
3249
2464
2813
4716
889
4364
1606
850
4803
4203
3541
4768
221
1644
3651
939
4379
4682
303
1631
702
2481
1178
1068
3129
878
1252
3782
189
821
1662
1508
3798
3068
3846
426
1519
840
4408
4673
164
4012
1370
4247
1734
1421
722
3705
3156
1376
4866
922
4788
1257
4521
4929
4750
75
3063
3438
4620
2801
4589
4076
103
2160
1966
1490
2982
96
4277
1276
4625
3323
355
2269
2880
2430
623
2794
3204
4813
1390
2079
3837
95
167
1016
2360
535
3763
3027
3452
4115
2935
410
4369
2099
1496
2615
1186
947
2438
662
4302
708
851
2550
3297
4552
1978
4015
1787
3361
3245
1665
1017
593
2406
3218
1025
527
4354
174
949
806
1851
3374
1890
3917
1108
2569
4551
2149
423
4524
955
2670
4072
4510
3287
2896
1715
2894
2812
3930
2959
630
743
4824
673
2967
287
3586
4036
1891
3274
710
747
1765
2908
2065
2086
886
479
1298
1792
360
4869
4609
4359
3970
330
4271
129
1753
986
1394
1513
363
762
1873
4674
3580
2554
1762
2352
962
2346
2308
3796
3665
4958
161
1668
23
4145
4187
27
2846
1506
2860
602
2673
4724
1871
4244
1419
3056
3806
1051
1110
4278
3423
4685
1491
4052
678
478
2584
2385
2372
4645
1618
4923
3821
1309
4846
4512
1250
495
2143
1503
4245
2465
4899
3033
4053
1336
1852
2743
3364
4498
1020
3899
212
4177
3077
698
643
1849
3369
1339
1812
2838
4336
346
2417
3707
2614
407
645
4907
3861
4810
2315
898
4267
482
735
4873
2278
2071
2298
2590
4181
2496
4022
3392
3378
2861
944
4432
4938
3196
1580
4428
3283
4261
4107
2215
4182
2270
1598
155
1029
1590
2828
4504
1135
214
2395
2081
2016
3421
2986
4043
1109
243
729
3032
935
1412
1892
3020
870
200
2817
4110
3566
3825
2856
1769
1815
4343
3109
2976
3117
4134
2825
199
1183
597
60
3689
3928
1397
3272
312
1022
1261
3291
3954
4222
940
4777
64
2452
3106
3528
4973
848
4555
114
919
966
4546
2601
1613
3921
195
3123
4501
4917
1215
276
2512
3656
79
1260
3579
4628
2453
2642
4992
3280
4025
3940
1619
4476
1972
24
2201
2835
839
3377
3847
2922
1625
2268
2677
1577
3644
1756
4577
1848
656
1923
3875
2055
3061
2173
1983
2788
4947
1331
3953
3537
1586
3048
1234
4099
4026
2048
266
3095
3654
1744
2331
1866
2193
297
1332
3256
4039
3305
4484
2018
1433
3901
4365
1353
4525
4982
4033
399
1612
749
1501
345
1126
1604
1078
3562
3981
3200
967
1328
1147
2108
1235
3000
2656
665
2783
3873
368
375
2330
2061
1190
1438
2525
3057
542
1012
2869
2228
4859
953
973
2187
1901
1267
4655
2272
2771
2716
1676
278
4008
4483
3300
1084
34
3892
4708
4564
3639
1915
2311
405
2151
1810
4111
2641
1026
2039
3590
4863
561
3581
4509
684
1410
1473
1019
1175
1363
402
2992
3898
2964
1675
272
2754
4935
1695
1481
3191
2091
770
1574
3810
387
4693
1369
2787
2444
3137
3966
794
176
2975
3734
4519
4024
3631
4166
1772
2198
2250
3662
1718
954
797
1484
3466
3886
890
2378
2194
1317
3882
2033
3101
1883
4185
1906
1209
3079
4272
830
4480
28
3814
3289
2231
4822
3038
3632
2946
867
4095
3833
852
4796
3387
3417
4660
396
305
485
4216
1770
1313
3458
4502
4960
3210
3787
1011
4344
55
3635
4780
3082
3694
2368
2866
206
1650
2047
3497
996
187
3203
854
2006
183
3984
1636
4314
3054
1155
3750
1386
999
2037
836
4965
676
4425
913
4006
4799
1845
3961
63
3339
1134
4840
2226
2300
4243
666
1903
211
1688
532
1258
4081
3600
4334
2764
3570
1480
2334
4732
4691
3140
4951
4279
1345
1131
920
101
3719
4613
2930
4294
1117
1994
3823
4701
2953
4300
1106
1907
2096
3667
453
3224
2093
3104
4748
3014
3947
196
593
2406
3218
1025
527
1340
416
745
2521
3372
3384
431
3690
1228
4422
2642
4992
3280
4025
3940
1619
4476
1972
24
4383
4908
2766
3770
2807
1205
892
835
2833
3381
1552
2998
513
2822
1813
2646
4755
4619
2046
2718
2251
715
2414
4133
1483
4384
4506
2051
871
2657
1417
3317
4847
4633
1881
4478
4735
4531
4954
1343
2205
2146
3559
4380
3365
2793
3333
215
4739
3233
4582
887
3290
3241
3840
538
3141
4095
3833
852
4796
3387
1922
2997
2926
2885
4829
458
4220
4481
253
120
902
3505
280
1465
2230
1232
2755
687
446
3334
2349
3986
3862
1282
2929
2712
4623
3069
4145
4187
27
339
635
2113
4893
1760
1911
4199
374
264
2904
4955
4346
4800
1060
4763
3495
863
2044
2475
153
3871
4466
2344
872
4957
2588
3827
910
740
3475
1389
1711
4749
1092
3799
309
3560
1132
4116
1361
97
417
859
2120
808
1007
3278
801
3138
3502
4032
3906
185
3896
203
4948
3220
822
3432
4529
105
1622
2640
1806
2503
4536
3572
3793
706
4550
2696
4670
3675
182
4077
3776
4252
1291
2118
4101
3623
3772
2184
545
4156
959
4132
1544
1570
429
1859
2390
3308
814
2389
4086
2957
926
657
2494
3994
4349
268
3401
4905
4445
2483
4606
3230
1451
3424
573
712
3155
4884
2469
3975
4823
4038
4883
4656
4087
1841
3402
1751
4548
1868
3677
234
653
4003
2845
1485
4844
3673
4301
3371
1225
628
3649
1993
1398
51
362
2321
2171
3720
1560
4933
4174
3725
3467
3866
3703
873
2233
1659
102
4253
2317
1855
2084
2119
2422
1526
3790
4019
4696
1877
247
4323
2103
3563
2566
1780
1445
1838
3277
605
3971
2985
1801
4743
2066
4257
2407
4632
77
3989
166
791
1210
1567
2541
3891
3445
4647
2528
624
792
4855
1647
3550
862
4080
1460
2647
4940
2035
1297
1557
2886
4902
4183
1990
4676
2206
400
909
4991
1059
3489
2907
1941
3272
312
2706
393
4581
2275
4801
2377
4100
3425
736
65
668
292
4718
667
138
1914
693
3870
290
4670
3675
182
4077
3776
4252
1291
2118
4101
3623
3772
2184
545
136
4107
2215
4182
2270
1598
155
1029
1590
2828
4504
1135
214
3080
1404
4697
2567
3610
3822
4214
1774
1101
4892
2940
419
2185
1453
2174
3453
2947
2694
4604
4995
4434
2897
1194
3350
1273
1706
3771
4535
1324
1337
3956
4887
613
3186
2633
1040
2956
1121
4168
4924
3434
2691
3081
2727
2380
4358
2077
3003
3931
1546
2658
135
4055
4886
3943
2398
3275
536
1979
4705
3329
3646
3688
570
3500
4571
3618
3511
2729
4922
1850
1587
3099
942
14
1152
1136
1104
1643
675
89
316
1880
4075
4389
1646
1387
4467
3634
4259
2612
2449
4804
4790
3358
2666
3784
2199
1018
4021
4832
1865
956
1723
4045
4572
383
759
3021
1487
864
868
1454
1592
4497
4453
1149
3698
2690
897
1047
3908
3338
3844
4184
4689
3852
2381
3881
1975
3252
3168
413
4227
1584
3974
2688
4200
1811
3175
4153
1032
4856
3026
1634
677
2876
4878
10
323
2457
1962
401
4451
289
951
3357
2396
4662
3564
2564
3561
4014
1693
3240
142
3965
1591
317
1942
4068
2852
4868
3697
1541
3133
1411
3601
3345
905
1347
4943
2978
3576
915
3572
3793
706
4550
2696
4670
3675
182
4077
3776
4252
1291
2118
4101
3623
3772
2184
545
136
4147
357
3852
2381
3881
1975
3252
3168
413
4227
1584
3974
2688
4200
1811
3175
4153
1032
4856
3026
1634
677
2876
4878
10
323
3279
1521
2032
4515
1909
169
300
901
2136
2491
3739
4699
302
4040
4837
2627
3292
436
1066
4918
3043
4207
1427
3120
4722
146
4936
4073
1863
659
4461
1167
2735
3216
4911
3622
2240
2495
1151
1511
4463
409
3504
2253
4186
2871
3331
1820
4895
1933
541
3230
1451
3424
573
712
3599
2979
386
1795
3876
2391
1441
82
1692
932
3152
1181
58
3920
1945
1701
3706
4187
27
2846
1506
1182
4138
3496
4129
1199
3889
173
3921
195
3123
4501
4917
1215
276
3654
1744
2331
1866
2193
297
1332
1334
2630
1635
1549
1680
275
2689
184
4985
2012
1596
746
1951
2462
4439
1161
471
4636
1381
4041
1356
1499
1971
3904
3415
4976
380
590
2990
1649
3938
646
544
4530
2579
2703
3484
269
4060
1436
1422
2064
2699
190
92
4101
3623
3772
2184
545
136
4147
357
3852
2381
3881
1975
3252
3168
413
4227
1584
3974
2688
4200
1811
3175
3464
1437
4475
3992
1776
3836
171
1309
4846
4512
1250
495
2143
1503
4245
2465
4899
3033
4657
1735
1682
4352
3343
3578
701
4458
3127
783
378
1056
2169
1673
4239
2744
1839
2928
5000
