1
813
335
3209
2594
4252
3345
2976
3373
795
3763
3502
1074
4230
2680
1354
3525
145
4487
199
43
1986
2066
1424
267
2841
4446
3360
4180
2328
636
354
4788
3973
2263
875
4860
3574
1251
1748
507
389
2785
1370
2590
4250
487
277
1520
4859
1714
2291
2378
3708
2646
2829
2281
2670
1022
3227
685
3029
1960
4349
2904
1762
1909
1386
3194
238
2133
4421
1580
2660
3002
1646
3691
2493
3559
3614
2860
388
2788
3578
4069
1926
1450
4089
2036
1808
4419
4615
3296
4184
1198
3512
847
1984
3011
4248
1368
2916
4035
3656
676
1501
3943
2531
4930
1117
3562
2726
726
4154
658
4613
596
4903
2832
3464
1226
4083
4935
2229
2013
67
38
4295
2761
4973
3474
1889
380
2232
2847
2124
1076
2234
1696
345
646
1037
929
2787
4649
4321
2373
2622
4337
2747
3226
4498
1538
3682
4174
1536
1896
4185
635
3725
807
3698
4060
870
640
2743
3695
2685
4719
4381
2413
3817
4999
1890
20
826
3937
3446
4706
964
3855
1442
4413
3712
4361
4021
1943
3675
2025
3646
4695
2968
3507
1939
390
1473
4720
4448
2356
2465
1751
1004
2315
1152
549
3623
471
3343
3477
908
273
2184
1801
3718
2631
1225
3423
331
943
2460
1632
4525
4451
2419
3990
61
2811
4281
1935
1411
3539
190
844
1922
4022
3086
1001
1867
2682
2173
4625
4316
2132
162
3961
3949
316
3674
2616
3479
604
279
4668
3826
2838
3115
360
2913
2401
2766
4799
294
2586
2044
659
4162
4124
3311
1938
2994
2749
3627
4495
2840
7
1492
1533
3106
765
1111
972
3038
541
4897
83
4522
1428
1706
4655
3333
546
4350
2561
3402
3663
979
3168
214
4306
2967
4303
4882
3995
68
1279
100
4112
3832
630
4684
744
3602
4422
1745
3965
1462
2032
3352
1466
839
4610
1000
2319
3911
3325
1583
4579
748
4630
4784
2112
2748
1831
2340
3494
2879
2201
2975
802
1394
3776
3762
4322
163
4877
3211
4862
3606
4491
3720
14
4663
3636
1730
1042
938
4247
599
2417
1056
2200
4760
2626
2577
854
4483
3673
4002
1871
893
1481
954
1349
2040
385
2784
2153
1271
1806
3114
181
3930
2458
3374
3992
4377
2882
1636
1552
1329
4226
2326
2185
107
4689
2552
1845
4527
3218
2920
22
1123
688
3414
3392
1409
1440
463
3201
4858
318
1378
681
2432
1311
2555
1193
2219
2817
707
2438
2245
2665
2314
3399
2330
2514
1058
4503
4081
753
2063
2855
2271
392
2156
2472
178
3407
2801
334
2775
315
2844
1087
4794
1983
1257
3132
3284
4238
1173
993
1181
3387
3251
789
3516
4375
4010
3825
2492
1200
4236
1713
901
4359
4344
330
733
4311
4218
561
1689
2355
2804
3628
1312
2337
173
679
763
3941
4779
984
4878
1830
3518
4407
4816
4676
4821
3607
4857
4095
2795
1840
4555
1534
3363
4962
1338
2663
322
4376
3091
4378
3980
1879
2487
55
1479
1323
940
3739
4253
2148
11
653
1102
2351
3634
402
3750
931
436
4386
4577
2513
2647
1275
104
2077
4183
281
2474
1036
3804
3184
2716
1316
995
196
4107
2965
4995
4915
1100
1489
1301
2589
21
577
2979
809
496
4191
2198
2667
1143
233
3123
3367
2853
2908
1638
2067
3476
4623
3687
4680
4157
2580
768
639
4747
2557
1985
873
1364
2159
3303
2146
612
3281
3506
191
3404
518
2790
236
2193
1709
548
3775
3641
2710
3165
3039
2942
2433
3847
4776
4053
3428
211
2693
4319
3302
3549
2289
203
1347
356
903
4071
346
2176
850
2901
3394
1314
1406
4669
3417
1776
1404
4837
1475
101
4755
553
628
2194
4815
4036
3167
355
2953
4145
2350
2915
1295
2428
1602
1595
1120
898
794
4235
4078
4160
4014
4505
1389
1306
3970
719
2736
4398
909
4540
4803
3569
1108
3819
2767
3707
517
4594
3257
2109
3288
2275
93
3019
3163
425
1836
641
613
502
3765
329
3939
1495
3113
2367
3267
4360
4435
2985
1443
4076
3010
3421
1548
2595
140
858
4571
1505
3785
741
4758
4163
3077
2534
3344
3609
2624
2588
2251
4977
3438
3913
1811
4909
990
4345
4944
4884
1402
4888
4246
1957
4269
442
2101
2469
575
1220
284
762
1335
1978
252
4998
4372
2055
1165
2157
185
3670
2947
1465
1785
2371
1907
4576
2252
2389
3561
4477
2540
1997
2627
2933
2149
432
1054
2249
3349
1135
280
2505
1421
4190
1283
4011
3749
4493
2617
4332
2298
3836
3353
2984
4608
730
282
1725
3977
2061
3548
2225
633
4315
1951
3146
1775
1235
2012
3551
4698
33
305
3116
2701
1715
3652
1514
2928
790
2715
2276
1461
529
588
3129
1571
3863
1444
1131
2138
1708
2756
3717
1496
951
4547
4438
1625
3277
4048
698
3829
4064
2130
4109
3563
245
1657
2881
1094
4020
2883
3164
821
4871
3823
1223
4121
3872
3144
3743
4746
3907
2827
1343
1250
1626
2447
1439
2277
3342
3147
2178
1574
3896
4251
3429
3346
2592
935
1195
3790
3195
4094
156
1738
4585
538
3213
2441
2707
3059
1947
3057
2863
3126
770
2489
3818
4051
4619
207
2322
3982
3945
3591
836
968
2026
3136
992
2028
2053
187
3755
792
712
3368
1206
3764
4847
122
455
4169
686
1035
3592
3297
4893
474
1373
965
3405
2566
2480
2725
3452
4436
2257
810
3793
2284
622
1516
4156
268
2686
4907
2831
1700
2427
537
1627
4519
2824
2404
3026
3787
4423
3934
1885
39
897
3806
1977
4366
2511
2486
4111
1313
274
4397
1998
363
715
1665
4058
3501
3897
4186
1157
3783
271
1045
3181
732
30
2520
1358
1026
2819
3111
2358
71
3746
2140
4872
422
477
2786
3484
649
3222
3200
1204
4754
664
2313
3007
272
1024
4309
4340
4465
155
4632
112
2971
1451
4573
3988
407
1752
359
251
3290
469
4873
4943
2884
4658
4044
3780
697
516
1823
4928
3657
1805
2650
4166
2608
1098
651
3171
3969
3256
1151
4618
2732
4593
4643
2338
3767
1924
1870
4127
3435
3914
166
1982
3901
396
1698
4016
2290
4544
475
799
550
3927
4017
3319
13
4324
2871
4369
1694
3075
2476
3926
2659
1523
3090
684
2494
4549
3661
2597
4452
1294
4600
2683
2862
616
2895
2572
3808
2859
4006
2992
4979
3954
3844
4296
1932
4334
1132
2046
1209
498
2080
2062
4329
4074
2111
1176
1930
4945
4967
1486
135
822
1393
3999
706
2911
2192
4273
303
2664
576
158
677
137
3983
3624
4221
3185
2541
2768
414
3396
1650
4291
3678
3455
1873
2390
4500
643
2861
4817
1781
4265
1023
4835
3485
3252
1415
1543
350
2047
3702
1950
4905
424
1238
4693
2054
3861
2015
460
1815
444
3701
4057
552
4043
4070
2569
3497
4105
4343
2636
922
2478
3035
4566
3305
4063
3340
3061
3716
3048
1344
1888
2848
2393
4132
1420
2345
3692
4521
2107
720
2311
4890
2099
1915
1844
3431
3616
201
4135
2241
2421
4570
4606
1503
301
289
1614
1419
1928
4416
606
3782
1304
3966
2226
2102
1317
4866
3350
1655
2203
1542
3757
4275
4272
3073
2374
74
703
3495
2700
1002
2554
2907
2121
2262
2296
2912
4530
1472
3821
1433
3564
3960
3217
1559
4737
3530
4286
526
592
2143
2681
3095
1640
4298
3962
1561
3689
4430
293
745
1397
1244
2230
4181
1717
1695
4188
2069
4956
3956
680
4241
4165
3972
4634
2704
3740
1666
4033
2896
394
365
1080
1432
2793
4751
917
1430
1967
57
4479
4468
2983
2718
1670
1136
4646
852
3465
4420
1660
3203
1028
4764
1596
2521
4916
2352
1668
3072
978
4728
3581
3166
1401
481
3598
3554
2457
143
3986
4830
409
459
2451
3119
1629
1749
1593
906
2820
4097
1340
1063
4313
1988
1654
1633
3375
2655
1598
4653
416
2771
3957
1900
3887
1038
4388
1464
446
4054
172
1727
4125
497
1172
610
54
925
4198
328
415
157
128
4079
3092
3964
4531
4392
4030
1499
3730
1720
4898
3289
3797
90
2396
2729
3959
1685
4139
3736
4207
4177
2537
2818
4925
3679
1933
1261
3331
1196
2815
1721
4050
2317
3047
2231
1759
2929
4087
3467
3876
907
2456
3231
2272
4941
4844
4808
1637
652
2434
1704
3916
306
4950
1229
2910
2814
3365
1825
243
3931
1254
2598
4470
2731
2300
3642
1544
1236
1722
2445
1691
2377
2274
2551
1673
4843
2169
3597
4922
343
983
2097
4453
358
1512
3881
1293
2391
262
4792
45
1069
78
3575
959
1150
1077
2354
3269
3781
2301
997
46
1084
3192
1597
3389
4518
4711
2206
2630
3680
3633
2977
4389
1734
1385
3912
1522
2136
4671
1482
4426
3458
2536
123
2115
370
3483
3877
2638
1816
4287
1794
1807
3080
4075
3686
985
4471
4772
2940
4775
1043
1910
3637
1753
225
4507
2714
2287
119
1996
3293
862
3870
3846
2490
3332
2657
1669
982
3276
3841
2071
3873
1829
824
1566
945
4354
662
1604
1300
2573
4101
797
4365
3906
4130
219
50
3542
4742
4912
1320
115
4467
3085
4039
3212
2563
466
3369
2568
3714
2791
1015
159
2228
872
3309
2687
4918
3314
3837
3538
2802
2918
2845
1217
3426
2897
4810
1875
1292
2836
3082
4900
4975
4390
1030
2615
3950
1101
2614
437
2851
1747
4019
454
4587
36
307
4356
1434
3316
2974
1281
184
3027
832
2571
1160
1679
1676
3710
1086
2191
591
555
1703
3379
4685
3971
812
4406
4771
1934
857
3635
1427
2430
2890
987
4666
644
667
791
1677
4662
1232
2332
1959
1081
3681
3140
4852
3449
266
4955
3568
3921
1773
3803
2591
4588
483
423
70
621
4885
1793
1906
3794
2752
3571
170
3893
4620
1062
2186
2023
2728
4140
4068
325
4567
774
1106
96
2405
1585
3275
866
1031
4245
590
1137
3459
3617
4508
885
357
4143
3133
3685
2294
2248
1865
1072
3955
3312
713
3752
669
2694
3042
4357
4607
216
430
1812
4472
709
3903
16
374
3645
2304
4991
3410
2268
4524
1904
3667
3244
3848
4682
2269
4237
1797
4153
3647
2549
3025
1661
3579
4231
499
2218
4752
264
1942
2183
4024
3050
3915
2199
2619
3089
1539
2425
1005
4901
521
4703
3789
4082
1104
3700
99
1726
4572
2264
535
5
1192
1494
4442
1981
2565
4516
714
3096
887
3885
2258
4652
4461
3219
1149
4743
2325
171
3237
3745
1518
1018
3278
1712
1182
1167
4592
4371
2689
4651
4195
1616
1490
1488
711
1365
3894
1346
1025
1969
4032
1189
2039
4523
2544
701
1118
131
3590
970
2741
3884
244
981
819
457
1569
890
522
1878
1246
582
827
2823
4061
3589
4009
4514
3460
3480
3063
2424
3067
2858
1498
2222
3777
1782
480
1572
3553
2997
4280
2265
168
2618
1376
2497
3391
2529
397
539
300
1213
865
4331
3706
4013
4176
4879
3922
1280
1908
631
1686
515
3805
3232
1218
2381
1383
2302
4937
1353
2856
4701
2822
1455
3938
2048
2926
3567
2662
4906
2730
1474
4268
3741
4192
4510
3030
2000
297
2769
557
4266
1410
2621
141
2550
2656
2676
1822
32
3632
3456
3834
3744
1975
4445
95
4910
3796
4297
4394
2220
2906
4542
4088
4804
642
3572
3878
2158
2415
1021
4015
1284
1792
263
2473
433
998
3858
1034
3245
2512
4741
2932
4131
1768
841
3649
3683
2892
26
4716
453
1558
4310
1881
4462
4484
2267
3732
4840
2750
1937
786
1418
2567
2209
3074
869
3188
3599
188
3160
2288
1809
451
4692
2640
4806
1396
3260
3205
1968
2463
2280
4098
2306
626
4724
4173
4092
694
2946
4700
4120
148
447
783
884
3951
3582
4589
3445
4403
2318
944
4090
2119
134
2307
2431
921
4168
400
1221
2821
607
4393
3430
3690
323
780
1159
598
4104
4318
62
4927
2443
183
2866
3738
4904
1796
275
1390
3104
27
2546
2564
2644
4270
860
4182
3351
3356
796
3103
3087
1476
3500
3326
4408
4256
1912
1810
3555
3422
3354
2874
1804
476
2886
1170
4820
3060
695
4301
504
3968
1743
505
4802
3179
4791
3482
2042
4142
1711
4066
1863
2161
4801
2924
4007
23
1387
4255
895
1392
4128
2029
779
4971
1651
1046
572
771
2414
1537
4216
1125
600
3615
494
571
3991
902
1274
3304
1148
234
1788
1454
165
4638
10
1169
3436
1765
4346
4899
4458
2798
35
3866
3338
4559
4167
510
2213
4049
543
2376
4117
3139
441
4797
1289
1643
1758
349
4781
2144
2722
1532
1215
1467
1067
967
3905
2453
647
3742
226
4714
3040
4691
2962
2711
4920
4196
2737
1309
2719
4707
2333
2085
4115
1016
439
3472
467
1744
1448
1460
3078
2774
1380
8
2359
3041
1299
2637
2305
1272
2596
1859
2812
2620
4085
1241
1560
3731
894
3869
3515
3447
2834
3070
1803
2943
3778
4410
1898
2688
1819
3152
3671
1521
4417
4565
674
1895
1412
399
531
2885
2395
4532
673
586
213
4116
1855
3390
2402
3522
2560
4812
3450
1732
1103
2518
2645
527
560
1971
2024
3630
563
2471
348
3944
2643
4834
2957
4529
3088
787
4373
1675
1659
924
4932
3141
1033
1438
3371
4959
1684
1664
2522
1425
3235
3376
3824
4721
4564
554
228
2584
2575
2059
3049
3442
3419
4931
94
3703
1395
855
3329
4234
3174
2938
4314
512
1324
65
4492
4535
3101
4636
845
1431
1524
585
2310
1546
1678
3726
3385
1615
4244
1913
784
2217
1115
2168
3737
1497
1174
4504
2792
4759
4440
722
603
1308
4961
1588
2773
4158
3359
3784
2698
3524
1070
3021
4659
4317
4018
729
4454
2094
963
4300
3529
1608
2162
3946
108
2452
4161
4336
3640
3719
3001
1088
1769
218
761
2826
197
4958
3236
800
4597
3327
2857
1156
1127
2387
3055
2528
4736
4854
2764
3443
2058
2205
3320
3509
4624
2523
798
4629
4509
1848
2888
4347
4374
224
4675
3283
79
3917
728
2035
3862
1992
3117
2075
4590
1550
4640
871
3069
3864
3498
339
4670
678
1899
2442
464
2538
3644
2214
445
3920
3588
1903
1733
3246
285
1357
4103
3536
4274
4708
4850
167
2797
1611
2651
3677
4023
212
3526
2479
4957
164
3335
4147
4869
3341
1377
2152
4687
3009
3204
1635
3247
4723
867
1164
2499
2973
2019
955
4240
2807
412
3315
1342
391
227
3285
2770
2118
3998
4414
1663
2334
4213
4473
198
2034
877
1197
1851
830
47
3248
4404
3699
565
1545
2852
3380
3882
1914
1480
4027
927
2088
942
56
1061
1731
2516
2342
1883
1247
3552
4717
1089
2408
2181
1672
608
2878
1517
1692
4424
3253
4179
1742
341
579
3709
2454
4863
420
4520
683
261
4583
4175
2690
3660
4601
569
2980
2783
670
311
117
1119
1399
1282
3056
735
4276
4727
2936
4729
486
2610
3510
835
760
371
776
3093
2999
1584
431
3936
4894
2095
1446
1553
462
3919
410
2993
2553
1303
452
864
4004
2014
2530
3044
1737
222
4870
4412
2547
1083
4970
1322
4819
3065
3488
3809
4551
3262
4798
3099
2461
320
2022
2079
4447
536
4199
2477
4464
2652
3576
4972
4073
4621
668
3535
2654
4582
4450
17
3348
3291
3191
2422
1740
3094
933
4352
1862
1139
4370
3112
2517
82
3577
4749
3453
2017
1653
28
3532
2720
705
1880
4712
3626
814
4667
2850
4293
3557
2239
2609
4330
1818
3605
1374
2299
3833
500
9
4305
846
1936
4934
3097
72
2987
3190
4134
3807
3032
4399
260
276
837
4106
2344
2110
2635
3786
1601
4756
351
3600
2127
24
4864
4633
4474
690
692
4677
3684
2653
2005
189
125
3791
406
2440
1188
411
2363
3322
1207
3489
1416
4679
1778
3665
4990
4040
2165
1856
833
3704
2202
368
1453
4206
773
4976
4456
2064
1050
340
3810
4614
1866
1243
4460
1305
1398
1310
1194
3540
258
4787
2543
200
2154
3976
3795
3334
4047
160
1477
3004
1970
1185
3608
2558
1980
803
2126
298
4427
1298
3611
2972
1027
426
2699
3110
4826
2216
369
1843
1097
4367
3122
2444
63
3735
2996
3005
4494
2437
2602
3124
364
1674
2593
265
4123
1348
4580
1841
3206
1162
4379
495
3420
4395
1147
3158
2633
3989
2739
326
3317
4038
3721
2410
1821
4985
4883
1682
1158
3838
120
3723
1540
4546
4080
4886
3229
1854
2539
528
2705
1973
3180
3625
209
918
1032
3273
3593
4382
2240
4055
3662
2509
4260
2989
3584
1995
2033
2990
3658
1850
3566
1876
2944
1929
1774
250
3022
3444
3748
286
1724
601
4622
2139
994
3851
4839
248
1555
4193
2969
632
1231
3196
41
4434
523
1979
4223
1918
1917
1622
2708
3143
3496
960
2448
1648
928
3068
1786
3225
121
1609
3974
3336
4341
2180
934
3434
4631
2751
2435
2515
1459
1526
3666
1592
3899
4333
133
449
4725
859
3871
973
3814
3448
2696
105
3108
4805
1445
2141
2082
4469
1784
1144
3654
3228
806
3672
1965
3424
3511
1547
2754
2329
3693
2825
1240
1886
1757
4642
2585
3655
2876
1227
597
4880
2496
4795
2641
1463
3886
4225
501
3811
1327
403
4997
2481
2087
4586
1813
876
4604
2533
3801
3888
4497
4704
1145
3377
1047
4431
3234
2260
1260
634
754
4400
1658
3079
3573
40
2129
551
2917
1919
823
3239
470
2919
2570
2611
1066
1277
29
2891
1285
1307
4441
3865
4259
2559
3403
3815
2056
986
458
2172
2599
2806
4853
3531
4282
4626
2954
2364
1923
4939
3541
2498
3024
1400
254
89
1363
1699
1171
2125
4641
1228
2562
1901
2865
3071
1958
4511
362
3299
2027
2864
3307
2830
2030
2320
31
4889
2914
2116
3370
637
1325
3362
3490
1124
4290
654
4841
324
4982
1423
4874
4008
4476
914
3774
1610
4673
1771
3705
650
130
4457
287
3300
2828
1945
4159
4627
3118
583
2074
4429
2423
3747
3397
4052
4482
949
1963
3587
2945
153
2648
204
2508
1893
530
4338
4197
3433
4144
1949
696
2081
785
4067
3003
4762
1790
1296
3015
237
4952
2903
724
4449
764
4599
240
1607
1587
3727
2347
1471
4855
421
2399
2470
2485
386
1575
1991
1297
956
4279
139
419
605
3612
2372
4308
1336
4960
2526
4672
1020
4041
3018
4996
3499
1891
817
4596
4133
4595
946
3545
1452
4825
4003
3238
1621
3772
750
3874
2758
4733
1620
1013
1911
2167
1798
4963
492
1288
1201
3451
1112
64
1783
3619
3715
1710
3012
378
4645
4674
3215
4686
75
4012
4705
1849
1582
2256
2744
3734
1642
2195
3224
3169
737
253
1273
2937
4814
3688
2360
1191
3835
2420
3439
788
2292
2524
313
2510
3046
843
2397
379
3170
1760
4908
966
2839
1484
4528
4765
3481
3221
114
2450
3761
911
2370
2151
3528
490
3173
2867
1248
2020
3270
2057
4732
2068
2970
126
84
48
3223
4102
3286
110
4029
566
1388
2702
3547
1249
4151
775
4581
3792
2941
4267
2208
2583
3773
627
1897
4983
2959
2488
113
532
2600
976
738
969
2293
3361
4696
2052
4224
4715
3768
4605
4766
524
625
4283
4568
1623
4536
1994
4150
2303
1352
2846
1233
520
1568
4569
4836
2870
4439
1239
4681
4164
4136
545
2905
3413
3148
2134
1330
2361
52
2324
3207
3471
1529
702
2312
4876
1511
3904
2096
655
1528
2808
568
2922
3537
2628
4212
1606
1449
4558
3756
4025
1535
2966
3463
3357
2368
4556
3831
4200
3857
3491
1408
805
299
2105
375
3006
853
1134
3301
1847
1578
366
4575
111
438
3638
2379
1513
2639
3779
450
511
3879
2398
772
1779
174
1944
1802
4612
413
4481
1375
2076
398
1155
948
4110
3918
1649
4113
393
1255
2009
2285
4598
1379
4488
4782
4726
4285
3109
958
999
2091
723
1382
4211
4822
1287
2259
2060
3105
91
971
829
132
614
310
889
3468
2128
1422
3427
387
4790
2956
4254
593
1628
4299
484
4284
3287
4209
3534
4108
868
4938
4257
4813
4783
2542
2519
3268
149
881
1469
3358
1441
1697
4077
2986
3604
2446
2697
1641
611
2175
154
1795
3953
4411
2163
3418
3328
4554
4396
617
2601
4926
353
2117
3411
1570
417
4731
2625
725
749
2794
1834
58
2467
3425
3942
2501
4694
3521
2813
2137
693
1154
4513
4923
4730
4574
259
743
4444
478
2649
4875
1718
739
4358
4214
2382
2781
1761
2309
3145
81
4335
3266
1064
3013
3398
2899
3845
816
3596
980
991
1763
4780
3875
2
519
1719
4545
3193
3697
2706
2581
344
2746
309
769
1508
2051
2242
1435
1065
3261
2961
4639
4713
1693
4552
1071
3994
4294
1766
4072
3523
3473
2735
2709
3816
1003
3280
4384
337
704
1078
302
781
2755
1688
4657
4432
1820
37
2963
60
3208
3366
2008
1860
1090
3546
700
3037
2212
4964
1175
4697
2949
1887
4455
246
4093
4966
1413
4902
2182
3653
4739
2935
1483
2877
2384
4026
6
587
3621
1128
333
80
1163
361
3031
645
383
2869
255
1993
1326
3233
4155
675
2392
4846
292
4892
4415
1754
2482
1146
3137
1828
3084
882
1429
818
4563
3383
2950
892
1504
3929
4325
2254
1210
3840
508
4984
4034
3902
1109
182
2506
1976
230
1755
1556
2678
3975
4660
2951
2018
4129
2613
1966
489
427
3724
4264
746
573
756
3416
766
1008
1814
4688
1586
3254
717
912
3900
3613
1554
4553
1168
782
2468
193
1122
205
3610
1205
2266
3733
2171
3822
2089
3928
304
4353
3486
3066
4189
4401
3533
3958
1268
4478
2244
2279
4512
1618
574
4773
44
4056
1868
2713
1121
169
3076
1826
718
3241
2887
428
3520
4538
4302
2677
3760
811
4065
2246
3908
988
3274
1258
716
1203
1333
896
1961
1599
1457
1541
4466
1799
19
2092
4233
3924
317
3987
4201
3008
4118
151
525
3722
620
542
4228
3052
3172
144
2762
3183
4205
3131
1564
689
1729
1262
2348
1140
3766
1581
76
2010
4557
493
3258
3330
2100
2103
4152
1837
2809
4443
1362
3676
1053
3565
347
1085
1683
4506
66
2006
3856
3603
3664
2717
3259
4578
580
851
4215
1624
3478
3728
3462
202
2166
152
2223
1414
880
3711
2805
3585
4326
2734
321
3249
2261
2247
648
4278
2243
1356
179
1234
1770
1447
2803
2484
3620
1800
3948
2900
4486
2078
2297
2385
485
3058
1091
3560
3408
4865
932
930
4202
3860
208
1962
3308
376
4028
1589
503
4954
2491
2236
4351
1391
849
1407
2388
4690
4914
2038
1817
3197
217
4650
975
2004
1276
4654
235
4833
4774
4096
1920
2002
2375
2658
4323
1328
1974
3753
1291
3933
1835
3997
472
2843
3000
3925
2923
2001
3318
1832
888
1493
3415
950
4665
1359
1302
15
3556
256
1681
899
4288
4490
3492
4786
4242
4947
2991
570
1161
2889
2612
109
2224
3395
1237
3202
3487
1107
186
1265
1987
2464
2952
891
2131
3324
4740
2011
558
2778
150
2535
1990
1315
3437
1222
2995
2642
1177
1590
124
4217
373
2893
3440
4770
861
2065
2142
4974
665
820
1075
1029
2703
2072
1290
1138
2160
1716
3355
4793
2235
2007
247
69
953
4635
910
3813
1789
2873
1557
1180
2931
2981
1739
624
2362
1916
229
609
4005
231
2854
727
2323
2250
2849
4548
2123
2227
4942
405
4702
3151
175
3505
4320
2605
2466
2948
87
3054
3940
2084
4940
660
2629
1436
3036
1838
2343
2197
2604
3503
3230
3827
4609
1142
2835
4148
3868
3985
1645
1634
290
2357
4769
996
2365
1491
1852
3083
1680
3263
3393
4062
4921
2527
2780
4678
3729
2418
1286
2086
3867
1573
3852
4541
767
1617
2204
4037
559
2500
3854
2475
4141
4203
1500
1458
257
3751
3570
4489
3128
401
513
4591
3323
3382
1384
3051
372
1245
395
4849
1791
2733
731
4170
283
1853
404
2760
4526
3843
4137
1318
1954
3461
4261
206
936
4800
2504
2759
1894
2155
736
1242
1833
3199
1921
4387
682
1565
3175
342
1332
3282
1405
3121
2502
4986
1972
2436
4807
2253
3504
1019
2763
4312
1999
937
656
2673
2868
2383
1468
4584
1780
3384
2958
834
2939
4969
418
3514
4362
1705
1007
2255
3313
3830
2273
1905
3935
2668
939
4738
2745
1381
904
2507
1603
4502
4149
3432
777
1707
1052
3770
2632
12
3138
2782
3996
4648
3149
2394
3216
4258
3659
2170
4929
3771
1892
3669
3294
3210
59
2295
2548
842
1746
3758
4913
1964
53
801
4249
4263
1266
1858
1927
4100
3130
1777
1039
1082
1199
4562
1671
4425
2789
1864
488
4848
3800
2283
319
1527
2955
920
2661
2459
2083
4418
1190
1141
3295
4699
3107
1579
3798
778
1667
3240
808
3967
4951
3372
747
2684
2799
3853
384
4978
4222
1116
3441
4981
2341
4409
1502
1948
2779
3381
4628
4496
2982
4086
4485
3754
1723
1079
3993
4000
4327
1613
4842
176
2503
2921
25
534
2407
1212
840
2207
2031
2525
2349
2108
1319
73
336
2041
2578
2727
1931
3412
312
3043
4763
2623
4936
4391
177
804
3178
2909
4647
3466
2093
4172
657
856
2316
2574
4119
4271
2898
3454
2416
408
4539
1750
3020
1644
3102
1208
3120
4829
1049
1485
878
989
2135
923
1278
1219
1166
708
220
4561
1842
2576
618
1183
1187
278
3631
210
3618
4838
440
1956
129
4380
161
2816
2842
2723
3517
3014
3142
98
828
3527
2145
578
1129
3162
900
2187
1270
4292
3883
2147
758
4475
4031
2090
3045
2369
3880
3643
2925
4
3186
757
3543
1040
4433
4734
752
4718
742
638
2016
663
2037
435
3898
3629
1736
4796
1576
2164
514
2339
2777
4533
4948
1612
288
3580
3648
1741
232
1267
468
671
4515
1130
3157
506
4989
831
2738
4767
1355
3601
3017
1426
4994
1099
4789
2286
4243
2221
4194
2462
3469
4809
3321
3220
4887
4661
2321
3298
3100
3694
3457
4126
2679
1549
3842
3892
2113
448
2875
1345
1591
3952
1902
1051
3586
1369
2934
4917
1940
1068
4735
3127
509
4744
3909
382
1012
1256
3550
4459
2050
4851
3033
710
1041
4823
2837
4001
4204
3713
883
3242
367
18
2880
4881
2196
838
1874
848
1630
974
116
629
2927
886
4339
734
3519
3828
4328
2666
4171
4550
751
3475
4138
1690
2308
1010
2174
2406
3401
2776
3125
3153
913
4965
3406
4987
793
2400
3016
2532
2691
1530
3696
4745
1366
3963
1955
905
3651
3769
4709
1437
223
85
2796
34
4845
4437
1133
3
491
2353
4824
4383
3135
4342
2331
4891
666
2278
2894
2366
1263
1367
2495
2757
434
2672
589
1350
3910
51
1652
1764
4084
3243
3594
2346
2179
1631
1515
2098
2455
4560
195
874
1113
2210
1073
49
1321
102
1619
3306
2073
142
352
103
1525
1772
4856
3250
2237
4753
3386
2327
1507
1531
2742
3155
3081
2449
1264
308
1605
863
3062
443
3177
3984
4208
1011
4289
4722
1331
3759
1339
1846
332
2765
699
1946
3364
4980
1639
2902
3154
3820
1179
1114
2587
1337
1456
3378
952
3176
1470
3023
1014
1092
2634
3812
1728
1057
2545
136
4122
180
4537
221
3622
1096
2412
595
755
88
138
3544
2930
473
3932
3150
1372
2233
1647
615
1952
3028
1216
2556
602
291
3187
1577
691
429
192
4616
2675
3947
1360
4861
2740
962
1884
4227
1563
1371
4993
4768
4210
4219
1839
97
1351
2607
4968
2582
2603
2045
2692
4517
86
2978
1767
926
3650
941
759
2674
1403
3889
4953
4501
4499
581
461
2150
1756
4304
2833
1787
77
4949
3513
1214
2671
1048
2021
1184
1126
3470
687
1230
3339
2712
3668
4617
1105
2386
270
1060
2122
2336
2669
1269
721
1562
1861
1259
1702
2579
4178
2114
1202
4187
2800
3272
3156
3053
3981
4091
3182
3310
4364
1925
4405
4602
2721
327
2238
3198
296
2988
4428
314
3802
106
919
2403
594
4463
564
1178
3264
2483
3923
3979
3347
3189
3034
2772
4232
3159
147
1882
1509
1872
4933
4307
2411
1953
1519
879
584
1017
4402
3388
961
2104
377
2606
479
1055
2724
3895
3161
42
146
3891
2003
1600
2964
4683
1153
1006
241
3098
2189
3558
4543
3255
3292
127
4611
2960
1334
3839
2409
3214
1857
1941
1989
1252
4146
2335
4046
3508
3265
465
4644
2429
623
4988
295
3890
269
1059
1417
562
2753
3134
4355
194
4229
4368
1253
4831
567
4750
239
2439
4828
4832
1656
2270
4868
4277
4045
4664
547
3337
4220
1869
2282
456
4811
1827
4946
4363
1551
1567
4656
2120
3583
1186
2211
4348
1095
1506
2049
3409
4114
540
4785
4761
4777
4239
4896
4059
1093
947
915
2106
4534
1009
1361
825
4385
977
3271
4867
4924
3849
3859
2188
2190
2215
4818
4637
1687
2070
4895
242
916
1877
2426
4099
1110
3639
4603
4262
661
957
381
2695
249
3978
3279
1341
1478
1510
2810
3799
4748
118
3850
4919
3400
2380
1735
1594
338
1701
815
672
1211
4778
4042
4710
619
3064
4827
2872
3493
2043
92
1487
3595
2177
215
1044
4757
482
533
544
2998
4480
4992
1224
4911
556
740
1662
3788
1824
5000
