1
428
4076
3916
4807
2010
415
3631
2557
697
73
766
3291
4129
3661
4008
4180
4482
2390
4060
3239
3280
3732
1569
4401
3871
629
4621
798
884
582
626
925
2892
4043
4617
1240
1828
2045
3678
3691
2575
3982
3563
4634
1973
4196
2144
4600
1517
4469
882
1330
3890
3446
4788
4535
4416
677
3474
2022
3517
3674
650
744
1210
2778
2889
409
909
2036
3951
1691
3361
3741
1191
2146
2833
3276
3625
1402
436
1405
729
1847
148
2375
3484
190
3841
818
1938
685
1320
2208
3425
2898
3545
943
2491
2450
1726
1269
3283
1436
3534
4521
2746
4579
4323
4380
2481
375
4940
768
3173
1041
2931
4020
1457
1676
3927
1103
1888
4567
3867
1550
2726
786
4836
1410
4237
4610
2780
2218
2574
4326
3998
156
4760
2784
2472
2786
460
3644
293
1425
4915
2487
4625
1250
4278
2414
3302
102
3524
881
1646
2273
4006
973
2351
3711
799
3062
3505
4189
1371
3940
2189
4455
2492
4676
2605
48
2710
3206
3825
4918
3965
3900
3119
4095
1111
1914
2453
2175
3087
422
304
1664
1835
2098
3669
3745
4327
159
2638
3142
2120
3809
420
528
287
3000
2355
3357
4878
2480
3554
4074
1190
160
1560
1990
508
4021
306
3905
769
2241
837
793
3066
127
3117
4879
2627
3915
1607
3398
517
2827
3305
398
3372
3208
665
1656
4606
4692
2346
4293
28
2311
3552
4033
3574
3692
3417
4860
1187
2616
3430
2471
288
30
1922
2673
4970
2401
3012
4425
1655
3401
1518
2705
184
1380
2604
4235
2143
1505
3349
3624
2764
3242
1769
1313
96
2303
4006
973
2351
4298
4841
2991
3948
2053
2519
2626
680
1104
816
3963
4139
4706
564
1637
2447
2803
4285
1489
1138
4070
2474
3892
3855
2085
4045
4500
7
4342
4592
276
548
3072
2222
4267
1714
3382
1500
2699
4819
273
644
1027
2236
1447
576
762
1421
2620
3340
475
2750
3776
3894
4737
778
4308
1199
531
930
1025
194
2770
4369
613
2660
4635
1589
4674
780
1733
823
1871
2512
3027
3505
2101
4424
149
2057
2788
67
4064
4497
4077
964
195
348
724
957
558
2150
2829
4335
3405
4439
4766
2477
3714
4480
2431
2512
2372
859
1600
1568
628
2949
200
1134
533
4607
4928
4643
954
3353
3817
3416
3409
3504
4974
1605
2112
4446
5000
