1
1458
2494
2969
1272
1384
3171
4073
437
735
1168
1541
3452
4654
4979
1976
2011
2570
3162
4518
640
1039
2276
2584
4287
4331
1443
1617
2684
71
1978
3700
625
991
1920
1976
3330
67
217
906
1514
3236
3268
3308
3267
3973
893
1005
1148
3961
4423
4935
210
718
2068
2452
3146
4049
591
1219
3094
4269
4752
4841
1333
3055
3457
1912
3029
682
2565
3942
810
2705
2840
525
945
2193
1652
1412
4860
4066
4949
3504
3521
4597
2386
3802
334
356
2818
4419
2998
3223
3291
4609
4817
2488
2990
3480
3671
4916
3725
4051
96
3010
3024
3782
3892
4261
223
425
4010
277
366
884
938
1386
3009
3
593
2926
4685
4782
5000
