1
278
538
2194
1382
350
2326
775
4468
261
2918
3139
1668
2519
3074
970
3686
2857
1008
4250
1634
4712
856
3676
4465
3810
1513
2894
37
4344
2083
1964
207
2381
2969
3296
792
926
2289
3417
2992
4029
4738
2033
1958
1684
435
4507
2387
2082
3056
2707
3338
1018
1149
4624
2904
4209
3940
3440
2842
2317
600
4769
1240
2315
4863
2075
1715
2508
2338
2137
2312
2841
3295
329
1897
2716
3288
3881
3268
1650
1459
4868
2854
3144
904
3795
672
4214
989
4054
3231
1490
4296
678
1907
2215
234
4247
1198
3577
3208
1214
3323
1001
340
3205
3177
2311
3275
2826
3378
3634
4486
4228
2185
749
3564
2151
2477
4004
341
3046
2981
68
4220
4103
2988
2502
2226
2162
3658
3027
3722
3966
2873
2219
1609
4703
4097
1479
812
4390
4959
140
3254
4259
2085
179
4173
1274
1495
4224
554
3749
4734
2905
1068
881
4590
2482
2599
3762
3395
823
3788
310
4324
2942
2812
4694
4628
4251
1723
2188
2487
4531
2727
4449
3227
3586
3877
1130
1575
4795
2778
581
1367
464
3039
1998
3880
1141
524
2618
3952
1763
4814
1038
3400
576
99
676
3129
1396
428
1435
2450
1641
651
4668
1080
1901
2959
2700
829
252
2622
4908
1355
3044
3885
270
3196
1990
2791
1504
4045
1760
4496
3946
1804
45
2983
93
4410
2512
3455
4299
3602
2138
525
392
713
1372
3953
3991
1515
4940
1033
4453
1505
1612
1857
3080
3871
1638
1061
3605
59
3899
5000
