1
2723
1346
1561
4430
3584
1300
1738
4538
909
4939
4123
109
750
3401
28
814
2300
4278
3493
3040
2435
816
2034
1660
3668
4001
3164
3488
752
747
4455
4403
533
2919
1995
2406
1784
4817
4139
1979
2166
3491
4120
1243
4253
1045
4107
2127
4350
165
3820
664
4183
2407
1039
2129
4552
389
4490
1584
377
2402
3122
3406
1595
1279
4077
3656
2439
951
519
1285
3459
4274
3943
4249
2520
3970
1441
751
4825
3780
2126
1405
61
2925
4683
1188
624
2311
731
3050
3327
2180
2744
1355
4893
2791
4205
4211
981
3793
4257
3018
896
1079
4006
1854
117
310
2930
1341
303
4454
4328
2432
2445
1566
1549
2867
1803
1733
4394
1540
1148
641
4327
2863
2636
4113
1078
711
1426
1001
3781
4820
979
1150
2529
1509
3049
2915
4932
2908
2746
1952
2874
3072
1524
2720
3131
2494
1987
4038
743
660
4314
1211
3507
4405
1585
2457
620
815
782
3047
2425
534
1239
2019
2981
1643
451
3902
4197
3370
4910
2765
2976
2630
3418
3850
3014
3901
4639
489
296
215
4546
1137
3532
4744
4369
1368
4786
1950
177
4640
3392
2161
1114
3405
3952
2518
4062
3372
477
687
1712
3707
3471
4061
2025
1513
2881
3422
3795
4703
2283
1735
25
2503
4684
3260
457
1465
3309
2326
3233
2742
3433
4474
262
48
2501
1677
283
1771
2592
1117
1266
4414
3933
4352
3152
1357
115
1711
1756
881
1790
3777
4481
3857
4892
2712
2316
1184
4102
4681
344
359
4080
1977
1746
2289
3019
918
3620
1531
1518
1834
4299
2058
4162
1252
1461
1824
2471
3483
2879
1868
351
2674
4536
2553
808
3349
251
1515
2385
1993
3626
3258
516
492
4111
4158
2977
2571
4482
1302
4334
3217
1173
1904
142
857
2072
4694
910
2770
2111
445
622
2167
563
4254
3753
4591
4951
3535
3519
3086
1836
2443
236
4397
99
2492
2057
3634
4689
4998
1963
1234
2628
529
4426
3203
2318
1418
2260
826
1546
570
483
3936
1075
4058
2615
1352
1642
1722
3816
4656
2608
3835
4486
2067
4964
2037
198
4235
543
554
2909
1558
1448
2209
425
1773
1403
372
3966
3807
3179
3576
1187
4448
2506
4344
3928
228
1118
4462
1861
4652
1414
3987
2517
4231
978
1799
925
2548
4995
1257
3170
4777
2356
2496
1943
535
3432
3000
4177
2202
2460
653
4026
698
4121
83
1389
1555
3775
1793
2610
1747
3975
1462
3482
3265
3604
1293
3385
2308
4220
271
1925
4271
2650
4066
597
178
2093
1619
855
2784
4316
4306
2877
823
3033
411
2286
1653
4854
785
2498
967
2382
1003
4295
549
2325
4881
4570
2894
2000
4034
2218
1948
3320
663
2235
3344
3046
3991
4110
2607
1317
4149
2115
3278
2543
2102
3670
4759
3319
3316
1862
2716
4496
944
1213
2147
4879
2499
3334
3354
542
1884
3654
1802
4281
2721
1400
3227
1988
4713
691
2071
3351
2950
2687
3838
1417
1523
96
4626
4432
707
2896
1656
830
3610
3622
2704
1636
884
4662
859
4667
2118
2291
3312
4655
3138
3206
4255
3559
1506
1954
822
2173
1517
1574
3219
530
667
507
3528
3553
2313
3712
1005
1473
3333
2362
2755
636
3465
3340
264
2594
2210
387
1220
374
2980
2229
2076
2993
1698
4542
2969
1339
4101
4129
3041
2893
1559
846
2073
3906
4438
3577
4927
46
1361
4140
3686
4956
3215
3274
1128
588
2420
3566
3495
4866
1070
281
4885
2232
3090
1082
4333
205
1015
2252
3981
1569
1529
89
3489
2007
2055
4569
3013
4361
2839
3362
3790
3420
3347
3108
2690
4974
4146
614
130
2931
1849
3669
4193
2287
2453
676
269
3703
3724
4492
1269
2946
1548
3796
2084
1788
2426
3792
3251
1025
2751
2903
3918
1984
1951
3186
107
1520
4425
114
4018
2862
2871
385
4126
307
853
2278
4294
3747
1295
3023
1839
1651
681
872
2380
1447
4389
3371
1975
4373
4463
4898
600
4818
3900
1124
4877
3188
514
4268
4091
2986
2240
4515
1661
314
1126
3134
599
434
4702
945
60
1272
365
3065
3120
793
4551
1231
4732
2714
1664
4239
2985
2186
1997
2719
3625
606
499
1305
160
2752
1879
76
1714
3652
1216
2783
340
1672
3710
2526
1491
1715
1410
4975
1827
1395
3673
3415
733
2388
2672
1310
1320
591
2739
4007
2559
1016
1291
413
2576
3956
1931
3431
3292
3882
2551
2333
1029
1251
1721
594
284
3825
4135
3848
3549
4716
4309
4856
1267
4686
2857
1436
1053
3704
2367
3852
1327
2970
243
2431
3377
971
4747
3121
527
4213
1013
1374
874
461
2512
1433
388
4847
3883
4621
1754
391
4491
2377
4610
3907
29
1265
604
2374
1209
3105
2317
3380
2015
3030
919
2920
4307
3192
72
4039
4527
3243
3326
1662
1581
2390
1761
2028
869
110
154
3044
584
137
4882
446
3104
1621
2815
3202
4784
1626
4596
661
525
1376
1304
4341
4267
3979
885
2715
3731
2324
2060
730
954
3368
4187
3565
3840
4587
4262
2237
1818
2427
1533
2935
889
2775
1610
4561
1798
1953
4489
2722
1484
3062
795
1214
428
3480
1522
238
964
4452
2349
4554
1941
175
652
4954
197
3295
2315
124
1998
4860
3066
3143
2605
159
2847
3017
3664
1863
4012
2854
2679
4748
4846
259
4456
3024
2046
3884
4872
35
4315
1508
1066
4973
3276
2463
3016
3457
4142
167
1891
1687
362
4760
3478
2572
1810
469
4011
4581
844
2094
2749
566
3054
4522
73
1496
2966
1743
3641
1617
2219
4911
332
1358
3826
2821
3588
1821
1847
1815
1930
1669
949
2848
827
4541
2609
3462
2123
2152
2889
3331
2487
4948
1163
1791
3683
3628
878
1825
729
3064
3175
4907
695
2741
3297
4152
1961
2971
1957
4417
132
1028
4048
2634
185
2077
356
484
4590
4982
2246
4961
10
3994
4326
3541
3257
331
774
2949
969
3163
3751
3413
4484
4459
1411
346
2905
961
2027
24
1314
2968
1593
2004
754
3093
2603
3461
950
3273
3304
182
4234
596
191
4347
2852
2584
4653
778
1828
2365
444
4418
3341
4965
4457
2351
4707
2792
4302
1772
1058
3012
781
553
3512
829
2937
849
4547
861
2620
449
3721
2689
2119
4867
3492
4711
635
4889
502
3524
1451
3313
4364
2795
3037
720
2797
4407
3537
1067
1562
2066
3944
694
2212
294
1048
1742
1932
2926
4719
3223
1964
4953
1794
1922
3772
3184
1494
2700
983
4733
1014
2688
4862
2185
4549
1431
4022
1054
414
4808
1487
1018
513
386
2776
3736
38
3476
4108
4165
2718
4329
2923
4697
4228
3346
401
1603
4577
3279
97
658
472
2454
1792
2652
512
2538
3560
122
4843
4923
4016
4169
4615
1899
2798
2834
4726
1074
3117
2960
723
4024
4766
4968
538
937
3328
354
1744
4510
2449
1748
4025
379
298
2990
2330
3586
2958
436
3180
3426
948
804
771
2632
3734
2522
263
3680
3640
1019
4303
4485
4891
2206
2404
1591
887
1197
1739
1185
1420
3126
3770
16
4054
860
1588
398
3571
3613
4658
3157
2725
1154
2020
975
920
4855
4967
4664
3456
3849
1880
4665
2495
2364
3181
3106
4408
311
3875
1203
4938
4236
1200
4517
2276
2973
2442
2481
1783
4987
2961
339
713
1471
1061
2637
1313
315
1274
4275
4298
4840
1334
2698
1175
3814
2253
141
74
328
3353
1463
1240
4969
1222
3694
2691
1795
3917
4959
77
4657
545
3039
1719
62
686
786
2107
3290
1563
421
1324
2259
3557
1000
2399
3864
1652
245
4502
1177
1123
4558
2602
4960
1543
2047
376
3357
2794
1032
3973
1095
4861
3889
2758
2032
199
268
4157
4931
4793
3373
2051
2168
4082
343
358
2255
1182
2069
4680
4580
643
316
3195
4635
716
4160
3410
249
1059
897
4592
2109
2943
1848
1492
868
2975
933
4052
2694
683
383
1183
4095
1969
2527
3438
3909
4059
39
842
2585
1099
216
2817
2895
1855
4679
3523
2446
210
648
4737
1212
3992
4925
4742
509
33
4380
2676
2331
496
2398
888
3514
3176
4483
1502
2612
4645
3845
958
2785
4601
1040
327
381
187
3778
2846
410
4072
1594
4472
2477
876
3343
3486
1230
623
3118
1670
2809
4119
741
2469
4246
2320
734
3502
1235
4421
1278
2113
2169
3982
3633
3919
3155
1194
1605
4106
2534
2064
2336
4413
3563
1976
1057
3285
3663
3529
976
4289
3213
1580
3774
4695
1971
2194
4218
4304
2476
2231
706
4724
728
4642
1511
3068
3600
1254
1351
2779
2528
4871
146
1542
1397
3978
4443
1838
3269
1730
2340
1760
704
3885
4564
1860
1281
1399
3598
1432
2625
4669
4899
4949
2727
4280
3189
628
2154
1277
3119
3920
4745
4963
337
1702
2354
4154
3642
2678
2245
3675
1913
934
3896
2486
3268
1049
2872
466
3592
875
2577
4506
4690
3581
1438
4131
4574
2193
1189
3185
6
903
4023
4943
1741
4263
169
194
4201
2376
1332
1887
1446
810
4386
927
3782
4845
2591
607
4970
1479
4292
912
2021
3226
1169
923
3248
2639
4822
3435
1455
1201
965
1394
4217
2461
2991
2745
2413
1051
3533
276
4453
2586
988
1911
1108
916
1724
895
1445
688
1242
382
544
3443
270
1612
668
2819
1844
3378
3916
1897
3470
2436
4436
4774
4516
2842
2182
3818
2771
2600
4325
4368
4171
1876
1151
3954
2053
1139
4395
1725
305
1366
4179
4182
4320
770
1303
4503
4604
1034
2549
2801
573
2677
3596
3823
2112
1935
3228
1835
1632
2230
433
2655
2866
3298
1247
585
1176
3842
1800
4345
2131
3692
156
4322
4981
4272
3145
2082
3275
4717
1859
4962
3075
1135
4206
4620
4232
2335
2590
2393
3153
532
2285
3287
4290
3977
4757
847
4419
3421
183
3915
4273
4336
470
1456
7
1377
4810
4161
3147
2859
1392
755
4826
1060
4971
415
464
662
1938
820
2172
3801
3022
4649
1628
2211
4682
3822
4803
1845
3947
3330
4729
1553
3225
20
2510
946
4118
2583
4659
2190
3968
3172
3318
14
3762
3221
1906
2029
1483
68
2310
3682
206
3088
2130
3
2851
3412
1745
1530
4783
1915
4078
4705
2885
1557
4109
4722
3011
4085
1701
740
2521
578
794
1527
3144
1221
4608
2150
373
2955
4388
2104
2201
3794
3384
2873
2850
2587
763
1434
996
2563
2101
2312
1940
275
4758
2665
3854
4884
4070
558
3450
3647
4313
1905
3955
1062
2363
4291
32
2392
4377
3452
462
3735
4014
758
3930
1973
4444
4383
2098
4802
555
250
4693
3165
2761
4709
1637
4997
2979
671
3743
27
1966
2263
3130
2179
338
1693
1568
2542
4915
208
361
3337
864
3505
1514
1767
1453
230
1867
3038
2309
1796
1364
598
4276
333
2945
1457
2241
3142
4473
1199
1775
3467
500
825
901
452
2369
4097
3513
506
2747
2564
1763
3657
4508
3335
2444
1507
1986
3984
890
2683
2086
2
4495
1238
1495
3797
966
1419
1056
3508
1134
227
613
2395
2074
4942
475
2569
3892
2001
942
2144
2116
4488
2667
647
2541
47
2951
1689
1645
1256
301
4300
1224
1786
2641
2737
4812
4074
1113
2302
2491
4565
2345
3001
4208
239
3479
1576
2560
3740
957
4521
2724
738
3635
2581
3071
447
2334
3026
2753
2165
172
503
3817
651
4618
2192
2018
3474
574
797
3715
2006
220
4756
2757
886
479
4209
1172
2530
2039
2878
3238
1373
3591
1776
1401
1035
833
993
1629
3207
322
3573
2403
418
575
1981
973
3244
53
2273
4637
2888
4743
4293
1208
1429
3698
291
3924
1766
3599
4147
82
1895
3891
3606
1387
4090
3998
3154
1625
4966
4338
2561
2802
2005
3177
3256
1780
1757
3687
3196
3595
3098
1586
796
4348
1850
212
4498
3230
4398
2044
3836
4068
2595
552
448
2811
2748
285
3262
1623
2740
2422
2638
2215
2249
982
2910
953
1103
4163
3291
3510
312
3862
3271
4594
2645
569
2490
100
3446
1174
1345
329
2604
1624
3173
3501
3658
941
4470
2647
241
4813
3089
2181
505
2544
491
2175
3080
1650
1162
873
4028
1832
478
2140
722
3056
474
1635
1599
3594
2579
4170
3430
2788
2290
3504
1572
1512
3999
3539
989
1196
2997
2321
2475
1122
4412
2124
4919
610
4940
601
405
1596
3659
1607
3322
1435
2153
3003
4379
3639
3789
3569
4714
2531
2414
240
1087
894
4661
2099
858
2176
4393
3646
3323
336
3649
2511
798
4064
3135
2002
1958
891
4990
2578
3008
913
3527
4133
908
4636
4922
736
367
3719
4700
4335
493
4894
1423
2339
4788
1690
13
2298
787
4222
564
4902
2841
4440
2068
4559
654
3210
4382
1999
195
4415
1407
4391
2482
3057
4103
265
225
3561
390
3079
1144
4127
9
2274
2359
1276
4083
399
3612
4676
3590
297
2009
2269
1501
1896
1716
3750
3799
1097
1470
4360
801
1597
2322
123
4342
1638
4423
3538
1343
3872
1614
2050
1415
2947
2743
1141
170
2397
1695
3245
3069
2957
4926
487
4241
3234
190
4150
2627
4188
1023
4917
1101
1121
1296
2024
125
4984
1571
547
4876
3765
3254
4354
155
3980
3466
1120
2026
1042
974
1094
4534
288
2589
991
2062
4809
1923
2465
3460
4979
940
766
631
4519
3894
95
19
4493
417
4464
4422
3303
2738
4593
131
3237
4087
113
2824
3350
1076
3299
4589
2708
1873
2003
4301
2360
494
2063
4330
1428
3252
4374
2160
4980
4069
772
1263
440
3861
237
209
4878
15
1270
4824
2095
2248
3962
420
3097
90
2372
3941
4526
4611
1323
3723
4475
2582
2254
2132
956
3374
4598
906
4445
3516
4823
640
4844
2703
1316
403
3101
904
3873
551
229
790
163
3127
3803
2421
1806
2732
3182
3555
126
1560
2513
3094
260
2332
1102
289
3191
4353
4535
4533
4603
1736
2546
4627
2781
2370
1155
1052
396
2227
1384
4798
666
2081
4698
2205
4409
2942
4678
1833
1476
1033
2138
324
1718
1602
955
3389
34
2697
2897
632
4957
1565
1409
3073
2188
2303
541
832
371
2405
3266
619
3942
2022
2967
4244
1909
1713
3547
91
1404
1223
1648
2995
4780
630
4199
4184
2350
1168
4976
1888
717
3589
3650
593
4567
2825
2978
792
3718
4634
1805
2865
4790
2128
2105
2729
2653
3375
4578
1112
4781
3742
1983
2948
4864
1472
4829
2717
4174
4677
330
1031
4004
1116
4789
576
1109
4571
1195
44
2731
2056
1375
3912
189
2085
3837
3940
2258
4340
4691
2673
1440
4728
4850
3974
1138
1342
1010
1390
4200
3711
2030
3455
4619
3749
3926
1371
3441
443
4100
3805
4450
4247
1965
2292
1723
2657
3950
3425
1829
3235
3578
3166
2141
4992
3408
468
1253
2911
407
3534
3788
3716
52
3020
3993
3409
4505
2536
517
1077
1852
4479
3771
1425
2617
2070
4017
2883
3522
4741
4836
773
41
4402
4308
3810
4057
2831
1439
1781
3004
783
1801
3509
4579
611
2509
4384
1393
2277
4908
1191
1685
3630
3031
426
2898
2631
655
3171
2807
4355
4237
4346
2916
2100
943
138
3761
1041
80
4420
2900
2876
3921
2635
3545
3580
2346
4638
3833
70
4588
2408
1552
3224
1538
441
134
4852
995
2301
4762
3870
811
1893
4629
721
537
1680
1705
2220
3661
824
865
3556
4447
4849
4628
2451
3081
784
4858
952
2659
2226
4210
2319
1363
2199
2440
528
760
2570
3831
4723
3308
4929
3860
3281
4765
23
2875
3739
739
2658
4117
4734
1490
4952
54
135
2366
4764
670
3367
1226
2706
3859
4151
2869
4141
789
3964
2158
1657
3339
4890
4176
3997
173
1630
1071
2225
3387
1889
856
3785
1737
3253
4400
476
188
409
2668
3437
3336
2736
4955
3821
3231
4706
3605
3846
3931
3427
2164
1908
1338
1207
3865
1606
936
2533
2514
1858
40
3190
4641
924
4216
116
1306
2223
3877
710
2353
2189
2588
4122
3575
1785
211
3839
86
2135
4053
3021
3015
149
2684
58
3419
1872
1246
1468
3376
1012
684
2251
3607
1344
3681
4548
3677
893
4359
4252
2244
4735
4287
4214
1369
4248
1275
1081
3293
3550
634
4471
1119
1554
1036
1750
3329
4424
851
176
3855
1178
4647
3631
1164
292
3701
3115
2853
2535
4256
518
2329
972
1681
1768
3665
3567
759
2822
2984
4148
3150
2917
4779
1229
3672
2899
4539
4520
1525
2183
1822
819
1919
3787
1408
4181
2710
368
4934
3662
3449
714
1939
4251
3059
84
2470
2810
511
970
4317
4435
1030
4226
4311
1294
4390
1437
4720
2437
1944
2844
2906
2644
4509
2307
217
4557
4363
2214
2239
3913
4518
1841
1990
2139
735
1616
2816
3769
639
4477
761
1762
914
4261
3841
370
3802
2868
1115
4972
1007
4985
3307
3236
4099
221
1937
145
4673
3558
1312
669
3463
2557
3246
526
1587
2840
2685
725
4245
2886
4799
1691
1686
4233
935
2294
4224
2856
3946
1946
1396
850
1458
4375
977
2438
947
1072
2959
3158
1038
3602
3844
119
3583
644
3868
1753
3107
1190
71
456
234
1452
1427
1385
2348
1367
2833
4212
1104
4143
1046
1127
540
1378
3746
3365
2092
968
2619
4071
2010
4030
2681
4865
1590
4785
1528
2766
3109
3429
1478
4029
2507
1481
812
148
4202
272
37
583
4816
2944
1382
2669
1870
1156
1245
121
254
2793
665
3458
2337
3691
3858
705
3922
3358
1050
4828
3988
2568
2552
1301
203
3241
2648
3619
4081
3029
2593
1916
4654
325
4086
345
459
3520
140
213
2197
845
2832
3593
1807
3481
3733
2830
2965
523
3530
4909
2624
679
4543
3960
727
193
3214
3363
1550
1620
4609
1601
1125
2750
1083
3025
1609
4614
4337
4738
1647
2882
2479
3655
2964
4916
1499
4318
2730
4076
1337
1878
4020
357
1330
4648
184
4692
1734
2013
4944
1286
4523
2805
1273
1675
3194
1901
4358
1180
629
3009
1460
581
515
394
1663
1697
2106
4643
273
2488
4088
3220
1469
2122
3096
42
1416
700
1498
3867
2829
834
4993
3695
1165
2452
2162
4712
1105
2217
4905
1894
2567
2305
2352
4811
1477
2814
3061
3809
4042
4670
775
2861
2472
4283
4124
4512
4529
524
4357
3400
1857
568
1482
256
1960
2996
557
3169
1856
2267
836
3629
1225
1699
4219
2288
3881
3240
2599
4776
1347
2999
3078
1026
4372
3332
4008
342
435
3070
1679
4841
2800
1890
4441
1024
3369
987
1287
3201
287
863
3911
1292
4869
2196
536
3348
355
2597
1547
1381
2200
1092
3263
2117
1678
867
2120
1544
3342
4607
3582
1708
4167
3971
2433
2547
637
4532
907
2663
2373
3218
757
2575
4041
480
3585
3726
672
1665
2155
1326
4362
4930
455
4710
838
2573
1406
4616
3187
233
261
572
3856
732
4753
2764
3272
1443
4795
2484
3133
3784
2489
2327
3289
2675
521
1241
2178
3957
3484
2103
2410
2091
2418
2040
3767
2368
1907
4203
4755
3923
2692
3042
85
3540
3700
3776
2656
4343
4754
4401
4189
3314
1809
465
2265
1356
4950
831
3587
839
3601
4056
4632
2983
1228
1945
1817
4137
224
3300
1886
3759
4196
4933
242
3454
3099
1532
1654
900
3976
3444
3616
2145
4190
4787
2299
4396
1812
2767
4270
3067
1181
813
3077
2598
2666
1720
422
3666
4264
2508
612
4221
4331
81
4132
2361
709
1488
2480
4807
1877
1700
3562
4913
659
650
3671
2938
4553
2097
2556
2540
4730
2041
2017
4986
4704
3958
4442
439
4725
1871
3768
4204
1519
2412
442
1227
2043
416
200
93
1388
586
1808
4114
350
4323
938
1573
4602
3990
803
400
495
2222
1153
3808
4371
4994
3497
4067
3791
192
4612
2662
2295
4778
3100
1579
3910
1309
3702
460
5
222
21
2270
2525
4040
3874
4073
4044
3511
3205
3608
3345
111
4792
1837
4873
171
2458
2096
3136
4752
1874
2539
4550
2519
3002
1386
3521
1002
3212
1551
3648
2701
3745
3095
4186
2394
3315
3995
1098
3128
1683
3506
3737
3407
4544
550
3112
278
4761
559
799
1480
1627
3485
2137
2430
3632
1996
2280
2823
4207
2042
3200
4079
1696
4504
2532
1608
2049
2940
2558
1918
3286
3866
3356
4646
649
1206
1280
4467
2297
1319
2323
4356
282
45
4524
166
3948
805
4739
2818
51
1454
3939
565
4958
2754
4265
3645
2343
2224
4573
2707
22
4240
1111
463
248
3439
1282
2478
4772
4576
279
2467
3028
1659
2808
2080
4460
1842
2623
2228
4365
4002
990
4875
4178
3965
153
1869
696
2928
4468
1065
2236
621
2545
1350
1004
2902
2884
2207
1991
3728
2143
3967
1575
4688
1027
2238
2371
2646
4051
4800
2075
2642
3146
253
1011
4282
1260
88
2709
4094
3627
2671
1789
618
1474
2796
4556
4947
2565
3800
2858
2661
321
4660
2264
1068
326
4600
2890
4104
473
66
3969
997
4466
708
3757
638
561
1600
1236
2016
4144
4032
17
2014
3779
3151
1778
4434
1892
929
1202
1152
1354
3442
3720
2633
3525
562
79
2358
2813
3812
1684
1353
378
3869
4043
3352
364
4015
380
2953
2864
843
582
87
2268
4305
1706
3996
1248
4663
2998
2803
3570
1430
4258
2954
1020
2640
3935
102
680
2778
595
3829
2247
4370
1535
244
3305
3832
1729
1205
1694
791
4427
4093
3156
246
2284
404
2473
164
2789
567
4159
363
4
877
1340
424
4815
4469
290
4999
1444
4857
4624
3149
2195
899
341
4983
423
3058
4863
4060
2110
3959
699
1658
2649
1751
3472
3621
57
960
1398
3624
2992
3036
4047
1413
3755
393
3125
430
3886
406
467
1167
2434
3242
3903
4595
2606
2089
2170
1927
4528
1649
4750
408
3709
4461
2580
4687
1336
1215
313
3473
1865
1383
718
4644
4848
1219
3249
3496
481
1315
3436
3548
1526
539
3597
617
1091
180
2504
753
3763
3752
4332
4098
571
3878
453
3043
1159
2275
765
3827
1924
2622
4625
4428
4367
4027
2769
737
1459
3568
437
2611
4230
1146
2989
3288
106
4838
2904
1322
2468
4175
4225
3708
4116
4065
762
4168
3552
2705
450
605
49
911
3216
746
3564
2198
2505
2838
2338
1688
2088
4075
3843
1017
2693
1021
4545
3381
3741
4630
3722
300
3306
1583
2927
4229
4782
1947
3517
1972
4924
150
4804
4563
3638
1671
3684
454
3053
1613
931
1360
2184
235
1510
4507
218
3679
3360
2387
1290
1198
158
12
4888
2448
3035
3386
1466
274
4771
2146
4136
258
4480
1949
862
3674
4830
3388
1811
4266
745
50
3402
556
4859
2429
1331
2892
3239
2281
4773
1504
642
3475
2400
1149
809
4497
1055
2417
4259
2711
840
2790
2375
4586
4832
1882
1136
4003
3383
2383
69
3193
4666
3055
4164
4886
1929
703
2891
1728
1204
3554
3417
4045
726
3611
2213
306
939
1328
4912
196
2379
2455
3603
4921
3693
186
3897
2974
4487
3325
4839
4572
2762
4708
118
4796
898
1250
2907
4185
334
3880
43
2524
1598
3083
1589
866
101
4935
645
4138
1759
2216
1709
4537
11
4198
744
4437
2391
63
4768
3296
675
852
962
4597
4775
2036
4429
1160
3678
1284
3706
2389
3953
3713
3660
1731
2574
1318
1633
1372
471
4562
8
3034
3676
1914
4770
4194
2142
1921
30
4242
1379
4827
615
2849
1830
3756
485
4297
4914
366
2713
1193
992
4936
4191
980
4349
2428
3938
616
3614
1307
1044
4381
1299
685
147
3498
397
749
2411
4715
548
3082
1955
3140
4195
458
3277
3696
546
959
3983
1567
579
2918
4791
4399
2562
742
3490
3063
3945
59
4172
1885
4433
4988
3542
1009
1107
589
3464
92
3310
277
3766
2341
3137
4416
3688
1069
323
4105
162
4037
4989
4928
4269
3798
2424
4606
656
1086
4623
402
3609
2052
3786
2956
157
1500
4005
419
4010
3579
3615
1704
2038
3255
930
2083
984
2654
1777
2845
2279
3783
633
4900
1787
4769
4671
2415
3879
1866
3972
3834
161
2763
1967
280
4672
4385
677
319
3416
1843
1769
1047
926
1749
821
2419
3250
1475
2972
580
4285
1816
1864
4941
4566
2033
1321
3690
3005
2233
429
3851
4404
4721
577
4387
2502
352
1349
3403
1682
2773
1467
3705
4049
3139
4339
2134
252
3951
4767
1166
3685
1297
625
4763
4166
2555
139
2629
1359
56
3717
3198
4376
4153
4449
560
2314
4531
3359
2497
4180
2614
2682
3518
3813
3758
4284
349
3324
1920
3060
144
2271
4842
2174
26
67
353
2804
2409
127
1853
1639
1604
3653
4125
4392
4173
4296
2812
3725
835
4514
1110
2516
4833
2887
1875
1132
2416
202
427
207
3394
2342
1797
3084
4321
1192
1541
922
1449
4904
412
646
1129
2087
1883
4494
2860
4814
3010
2670
3893
1732
4831
255
1758
2423
2735
4622
3301
3160
2328
4223
2837
2474
2355
4366
2136
508
335
1106
522
1088
3197
2932
2554
1090
1717
2347
1851
768
1994
1902
715
2934
3888
2378
531
1912
3730
2500
1926
1298
2133
78
697
1782
2936
2643
2596
1063
3738
1764
3667
2208
4555
2262
2483
4650
3899
2921
2820
985
1100
1130
1170
4378
2941
3764
266
3404
3114
1982
2613
179
3908
1485
2686
3904
4651
1707
152
678
657
1402
1676
4215
3247
1464
3302
1903
3267
828
1521
318
2293
3317
2272
2450
4880
4584
4530
3963
2261
2344
510
4731
2031
3294
2933
3048
2774
4895
1232
4699
673
3551
2756
3986
1380
1497
1516
3123
1147
2696
3284
2250
2384
223
1412
2914
627
3697
4096
2401
3283
4288
1917
1043
4084
1493
963
1391
4286
4897
1804
1556
3092
3985
4835
4035
3531
4156
1080
3824
3643
2156
3905
4155
3448
3574
3623
3447
2994
2078
2880
395
104
3847
3085
4797
2256
2523
3103
2987
2243
3129
2012
879
1489
1442
2924
4605
432
3168
55
2396
1085
2759
1618
2065
4575
2023
4819
3006
3895
4312
3229
2702
257
226
1710
3111
3113
3699
4019
103
105
4050
309
3282
892
1644
4599
2381
3124
2242
1962
1288
806
1631
779
1142
1262
232
2459
4238
1840
4740
2728
3411
1179
4478
1233
1727
4874
674
4021
3853
719
3397
1084
293
4351
2843
1545
2835
817
1365
1615
3445
2734
1900
4996
4583
4130
4446
1503
994
2786
3543
1258
4633
1325
1933
3264
4945
692
3934
1814
3338
3183
3399
1980
2125
490
1096
3914
777
1813
2234
4277
2912
4500
3544
1646
3714
4458
151
802
1161
3178
2114
2733
870
18
4089
3811
932
3871
4227
3259
304
2048
776
1752
1421
4701
4033
347
3414
267
4279
4324
4901
4821
384
2618
2782
2464
3222
36
4009
2699
4439
2952
4310
3898
2011
65
2108
488
3428
1073
1823
3830
748
4631
4501
1249
1726
2828
4675
4112
2827
928
2357
2090
3148
3390
3644
608
2988
128
1329
497
3102
4906
2059
4746
2456
98
219
4718
701
2621
3311
3636
431
1271
764
486
1362
1289
818
4031
3887
1640
1774
174
590
724
3391
112
1244
3760
3546
1826
2601
4000
3806
626
3280
4685
1740
375
4801
1218
602
4513
2680
2079
2806
2035
915
4920
1634
4036
1970
3890
3321
1089
1037
2616
4476
348
756
3961
231
2780
3087
136
2777
3453
4410
999
2441
1022
3076
3366
1283
1974
1936
181
2826
3162
1934
3270
2054
3052
4431
4751
2760
4115
1237
168
3364
4991
2537
3051
3468
2203
2963
1978
603
4851
2493
133
3451
1611
848
520
4617
2929
1779
1370
3637
4696
3863
1264
3398
1846
3932
3395
1308
3526
2304
3925
4978
3045
2171
3617
2939
2870
1450
3828
3651
702
129
2695
3232
2466
3007
2386
880
1311
2836
2282
94
4540
2462
2177
1259
4870
3515
4794
587
2149
2768
1143
143
504
4674
4903
767
690
4406
4896
1261
214
3261
3819
1577
3174
1171
2485
4585
3989
3815
2257
3199
2550
3536
2799
302
3424
1959
1992
807
4465
4918
4499
2651
4937
1131
317
3773
2660
31
1668
1674
2962
4883
1534
1578
1622
4063
3949
4319
837
299
2191
3396
4887
1486
1422
998
4853
320
986
2515
3494
4511
3423
609
1655
3440
2148
1157
1641
2008
3161
3477
3937
682
1582
800
295
2151
4837
392
64
1424
3469
4613
3729
2204
1820
4868
4805
3208
3382
1570
1667
3754
780
871
4013
883
3804
1692
120
712
1819
2045
1831
3487
1335
917
2726
1703
286
1755
3500
1898
902
3167
482
1158
2664
360
4834
3361
1348
1539
4977
1956
3927
921
2159
1666
1217
3204
1255
3503
3929
2221
1968
1008
1006
3209
3355
4092
1140
4128
108
4411
2157
4260
2163
2566
4727
1537
4134
4582
438
592
1333
247
4055
3876
2061
1064
2121
3027
1765
1928
3434
308
1505
3116
1268
4946
854
2266
2447
3732
498
3689
1942
1145
905
4046
2922
4250
1881
769
2855
3091
1592
2306
1186
3379
1564
3110
1989
4736
4525
1210
3159
2772
2982
4145
3618
689
2913
2787
1673
3499
369
4668
3572
3393
693
501
1770
3727
882
2626
1910
3132
841
4560
1985
1536
4568
4451
201
4749
2187
3748
2296
788
3032
1093
3141
3744
1133
4806
3211
75
4243
3074
2901
204
4192
5000
