1
1563
1295
3709
3607
1989
4949
3362
2387
2893
247
2951
2186
1379
2802
3516
1119
690
3802
4436
4999
3082
3698
2312
1460
3150
1460
3429
4841
2057
458
4802
3173
2288
1811
1601
1738
3825
281
4069
171
3970
77
430
3436
1705
2663
2054
3136
2517
4324
85
4364
357
2834
50
3167
1588
4748
686
2389
3781
3481
465
1246
653
4078
2101
4078
689
1467
1846
3846
1609
2775
3129
4349
1908
3227
2586
4523
1964
2430
2705
3815
1030
1552
3792
4133
3266
1312
1895
777
1730
4801
1323
3357
2145
1699
4870
2908
497
1891
798
4556
1636
830
1045
3759
1045
3361
4558
3815
1030
3958
3837
5000
