1
3632
2092
697
1515
287
2954
2605
2544
436
681
3883
750
2317
4481
2314
90
2992
916
3873
4487
1117
371
1918
2520
4231
3957
1538
3862
498
890
823
3909
2532
1793
2703
3622
774
3013
2100
561
4288
935
1725
86
3856
3524
4867
3524
456
1920
4576
2488
4061
4331
1805
3792
3970
3781
811
975
3090
4469
4052
3689
4851
4339
3484
1485
1730
4902
4007
4368
1067
1489
1608
62
3945
2538
532
4439
262
3115
4850
843
3950
3747
3595
908
4358
458
1546
2350
2863
860
4045
1534
2762
1700
3359
2014
2976
1428
1373
1094
1898
139
2539
3551
1697
4383
1682
196
1682
2799
1513
3106
1794
162
2193
4224
1549
4451
1454
2250
997
4815
2063
2167
4605
434
4610
1057
1512
1057
744
3155
2799
3155
2497
2393
2211
1277
3356
2639
1949
293
88
164
5000
