1
315
1945
3093
3505
4925
3341
343
4479
4942
3997
4011
3536
3232
3146
3853
3737
70
2721
3581
4624
2326
4222
1851
4592
4611
3377
792
3196
1652
3153
2498
3158
269
4813
2436
1685
2428
4457
2769
3576
1506
1673
4455
1309
768
4124
4474
2618
1885
4517
1707
2587
2279
4817
4666
1681
4204
1561
4426
2392
1939
3159
801
3287
701
4740
3451
639
1543
64
2605
2919
4115
4881
3181
2021
4849
4972
4681
4577
2963
908
1332
507
511
4005
2846
404
3814
2840
1361
2020
3388
3395
3133
2014
360
1632
2814
3425
607
4170
577
3632
927
1010
4312
1209
300
4152
1876
4571
494
4413
2514
3897
3156
818
2966
2523
3646
2187
3314
240
4134
4351
4346
2478
4438
53
4633
2062
3253
3202
1105
4961
563
138
1236
1429
132
4937
3319
1523
77
1957
1798
3518
4120
679
263
4001
1894
3453
1659
2546
675
1263
2584
535
2069
3177
3617
3804
1985
2169
1518
934
2412
856
1316
1064
1805
3390
476
2817
506
4609
4700
1458
3890
3516
888
4974
4165
1695
4150
2397
3206
1565
3556
2351
2189
4081
2244
4725
782
4064
2765
4172
3914
509
1768
2938
1508
4228
1595
3812
1285
3110
2211
3746
829
4071
3056
4052
4375
1542
2451
2725
1973
1854
2318
1050
1350
1127
1307
4236
2917
618
1725
4627
2126
281
2177
1672
2667
290
2161
1511
2850
4197
3702
4743
911
1363
2552
2394
4587
760
4546
2830
4334
299
3235
3041
3683
4586
1323
211
2008
4866
164
1459
2532
18
4753
612
4527
1024
1819
777
3609
133
3633
4504
4739
2058
2879
2663
4900
2798
1342
4936
4358
4119
2999
3335
4326
2240
3231
2561
29
3815
1181
369
3756
4911
3195
4711
433
4710
3404
1718
4388
2140
3971
3211
1419
459
2151
184
4040
371
1122
3684
4309
4110
2799
3663
4695
4414
2457
357
1723
4284
1563
2487
4901
1495
259
3968
2676
413
370
2399
4407
979
4256
1998
2644
1163
656
892
2322
1428
2910
1440
2027
3966
1407
2779
3107
2134
2296
429
289
1932
3104
419
3501
913
3944
1279
825
2933
3256
4841
2886
4263
1201
3818
567
4872
4988
47
125
2173
2928
1921
730
3896
1947
2085
93
3411
58
178
2828
2834
4164
1434
2135
4206
137
697
4677
2674
383
1852
3970
3874
3364
1687
1061
3082
1192
3481
2003
4557
645
629
2037
2604
3740
1696
1918
2762
3714
3260
872
4738
821
1326
3011
3161
4085
2102
1436
4684
295
4045
3569
2897
3908
2231
4463
1336
1614
1196
3055
142
1183
942
2237
4366
596
1200
3929
3573
2896
1720
841
4585
592
4759
3348
714
2408
2749
1709
1697
3759
2004
4626
2735
893
1139
3855
4399
1587
3625
3053
2344
3575
3243
4647
971
3291
3894
1691
4363
3236
352
3360
1588
378
1971
2374
4643
2272
1059
1626
994
1259
2123
72
651
2820
708
1560
3005
3993
3839
2105
2693
1861
2023
1853
4593
1646
3340
110
4995
776
2100
1701
457
21
324
2417
97
575
1577
2348
521
4843
1788
4884
3739
3480
1605
1546
1169
126
3673
1449
3958
1929
1643
4217
4118
368
1401
312
2026
2742
881
3185
3230
1199
4397
1036
140
1037
1745
4089
1966
2786
4678
1072
4958
4128
2145
1757
1402
2861
903
3515
4272
355
3458
4980
4109
2239
3313
2468
2116
2104
4257
1264
3292
4979
3922
4548
3479
4646
2106
602
40
1663
1519
3084
4650
1228
4169
2613
3136
1328
2678
2911
2837
2868
3294
2483
222
2565
542
3614
3662
71
4968
3171
2359
2389
80
859
379
4136
3000
2170
1287
4807
3990
833
1802
2822
2114
522
3705
850
2209
4177
3344
2517
3781
3143
2093
1398
3190
1399
3172
4329
1071
2335
4599
3510
1901
734
1427
485
4066
4101
4934
755
579
2640
272
3949
536
4371
2790
962
1031
4825
4003
2872
4180
1983
3834
804
4322
1967
3285
2858
496
2692
3726
1217
4367
3448
414
1241
6
3321
2087
4828
2337
2486
4519
2321
1892
4229
543
1497
473
824
1480
3138
4970
130
3731
2261
482
1088
2420
3937
1912
4249
4049
2932
662
2051
885
2122
2198
205
3954
4978
4595
4803
4581
4579
4412
3749
3459
1617
238
762
3004
3634
3773
4827
4046
2526
3532
2625
3711
2179
590
3965
1585
102
3586
1570
4628
3001
1974
3279
1662
1385
3641
2597
802
1404
4850
671
2977
4518
2424
4582
1155
2184
1231
2512
2227
3764
161
4422
4822
2260
591
4233
564
3275
780
2943
2855
298
4026
329
2519
4317
2859
1020
3283
887
4389
761
534
3189
207
565
4131
1478
4175
2781
242
1787
3215
587
3415
3042
919
4792
425
4383
4195
3500
4174
2975
2080
1364
373
278
4304
1868
4673
4663
1382
916
588
2843
2377
1964
1114
2591
3783
1549
2801
4797
2181
4967
2234
3554
3956
1920
3456
2092
2426
4706
483
1776
706
1207
1420
2792
38
2141
4218
279
2202
1129
4766
4780
3921
4159
3862
3075
1717
3122
928
778
1675
3698
105
585
3627
4259
2626
846
4960
3605
4918
4196
3402
1931
4364
4653
3492
900
3276
1516
4989
839
947
741
1315
1443
2581
540
2902
56
1639
3530
2415
4021
3333
1446
884
4879
3268
1095
4875
3134
153
1509
1239
4525
769
820
3428
1379
4450
882
286
1490
2869
104
12
2110
3757
767
1412
2438
4914
3676
3469
2285
609
2671
3508
3200
2976
2204
2924
321
1557
4127
686
3687
1775
4018
4464
2895
4814
1736
3618
1826
3588
3931
4776
4605
1638
3241
3094
3568
3785
2894
3204
4981
4428
3920
4860
1187
3038
2273
2688
4694
2686
642
2544
4563
36
1182
2496
4703
1128
1984
3891
921
1057
1525
1716
2726
1485
244
13
4112
1346
1928
2863
1194
1075
4535
327
2555
3392
589
3594
2405
4117
4471
610
524
2738
2562
4255
2222
3596
4116
3017
228
2973
3387
3006
4772
1175
4734
4799
3263
3863
1683
4600
2560
931
3806
3603
1008
3808
576
3655
3791
2588
3511
1113
3640
2709
2327
1320
1253
660
4564
2939
4798
2290
4805
4835
674
938
1818
4378
1527
4198
670
3923
2366
2375
2473
2706
1157
2540
3679
4277
2306
3974
2853
4773
4829
2926
3270
1016
1293
4769
1942
3898
342
1986
2826
3557
1141
4529
2921
2484
1107
2009
2818
1710
3819
332
678
637
838
4859
3928
4275
3472
3468
4714
2371
2477
2648
2722
2165
4403
4325
647
1388
2207
4406
210
581
3389
4704
4036
4427
1017
1011
1909
354
4952
3903
2998
3850
2012
223
3131
3047
4887
1842
4354
2593
4291
1235
3782
191
2427
17
774
2931
2472
1579
1522
1816
2342
1203
2630
604
3317
3414
3281
3058
3827
2320
136
1489
4573
462
2525
2172
2679
1119
620
3608
917
2336
3297
3223
4094
3485
3638
166
3375
1354
310
2968
2505
1324
3454
722
2075
3730
1962
3157
2665
3345
3168
4297
853
1976
4074
863
1953
2909
3936
1330
3409
2499
541
30
3529
1451
3384
1210
4224
4056
1015
2574
2694
3328
1249
85
4451
1400
4398
1839
4306
2731
1161
4597
3477
3841
1296
2974
3712
2930
3224
1540
3349
4826
3901
1607
2292
304
1990
294
4473
973
3233
1924
162
3462
3927
1792
764
3792
991
2216
554
976
814
3383
1317
3790
3685
4452
3024
3322
2633
225
4761
2668
2607
566
1378
450
4114
3466
752
270
1899
727
909
4877
1375
3244
4057
4852
4808
297
1895
2363
106
2490
1992
1969
3758
4744
4636
1903
3078
4569
1960
4336
396
3905
4846
1738
3587
1772
896
4993
4608
3175
3738
3226
4526
3352
1246
3520
2728
750
283
1167
2637
4910
3362
1464
20
62
2950
1045
1923
1426
1556
227
823
2252
2266
4481
256
384
31
2683
1858
1750
4429
1724
1977
3539
3266
3917
4786
4923
4555
339
1841
3689
4804
3264
2636
127
4002
3939
1204
1424
2406
937
2650
749
4332
525
2979
1616
4079
2077
338
981
4975
523
785
3295
3760
4507
3495
2099
3434
3636
1000
1450
3742
15
2800
2955
3851
1824
601
4319
2684
4138
4726
3723
3320
401
3059
4489
4008
1413
2557
4962
840
1133
4500
4537
2903
3372
2824
2357
273
3350
672
428
3214
3735
1761
2220
234
1968
2942
3715
139
1474
202
4722
1859
1063
2586
731
2566
292
2991
381
4369
2280
311
1759
2096
3541
4506
2713
3550
3667
1575
1551
4682
2057
2442
2138
1606
3483
471
3326
1536
4122
1237
3600
4551
1283
192
2086
1555
873
1384
640
1327
68
217
1667
453
2275
4415
1996
2880
2127
3114
1933
4895
1230
3021
41
2475
1392
4279
1514
4143
4187
2150
108
4898
1952
3126
4793
187
4905
1121
537
4009
692
2345
3151
2927
406
2228
2947
2495
3887
1889
623
2558
3197
2257
1727
1823
334
4514
719
1900
88
2276
2730
3507
744
2465
3245
347
2652
2460
1369
889
3957
2888
512
515
2687
4486
4137
2024
4443
1679
239
3173
2666
317
1040
4302
128
698
851
2032
3346
4913
2642
1991
793
4299
3919
96
4459
1152
250
4465
615
3152
448
972
4795
2416
2041
2082
121
258
2839
4380
551
4783
3068
763
817
3191
2585
4894
3371
1254
4691
1654
941
4503
147
3169
4598
3026
458
4578
4509
83
975
3866
4320
621
1386
66
1461
550
2682
249
501
4919
3304
3212
3900
3696
4658
1534
3165
922
3119
1689
306
55
545
1800
380
1486
1479
2118
2959
2437
1035
1769
1256
4949
2180
148
2213
611
2268
2370
943
4446
1741
4477
1833
3886
1593
37
653
3551
3713
267
3680
989
2515
2658
2672
1007
3622
156
3523
2659
2582
3351
2404
2785
3832
2074
1371
374
1763
1360
1847
1799
1907
390
4010
3846
1961
3381
4141
673
1533
1620
2590
475
1359
1021
3840
2813
4764
264
4281
2224
3423
4785
2967
3800
4869
1026
4558
500
4927
3732
3330
4484
1602
1272
3343
4865
3722
2385
4990
4068
788
4065
3606
4651
4741
2183
103
810
1572
1742
1006
4530
3148
4880
3620
986
816
4430
3183
257
2042
2464
3002
442
318
2996
2627
2299
361
2775
3701
693
2669
1780
3693
2632
3092
2764
1117
3872
2746
1911
4819
505
2825
3943
1630
4130
2937
781
3089
3725
1038
1904
1365
1547
1726
2482
1491
1096
2223
1406
2072
497
906
1737
305
1684
364
1820
1262
3045
3502
2036
2634
4357
4368
4012
1453
4350
3280
3546
584
4490
1351
4671
3613
4104
3503
4096
1445
4619
2716
4132
3478
1305
996
4167
1173
2210
487
2543
827
1352
4904
2875
4897
4871
3849
2774
4645
4362
2603
664
3998
4478
284
1130
4238
2362
4697
747
3579
1174
3619
539
4000
3880
1260
3830
3135
1460
131
235
3103
1171
923
1702
945
2010
4093
398
1746
4419
4760
3461
4614
2274
495
2238
3290
3430
2316
1512
7
1619
3098
2714
696
4105
1827
3847
4393
1177
2576
2503
3668
1176
4528
1170
488
2125
4390
2723
2643
3374
4293
1873
418
1728
14
3265
199
4146
2422
4588
3262
800
3496
3424
201
1258
4534
291
4941
2656
2368
2965
1647
1234
1796
955
4327
558
2044
3513
4467
784
3293
3811
1357
2201
2755
794
3552
1405
4896
3893
314
4733
303
1749
4554
2522
2827
895
3780
2065
302
400
3318
2333
3506
3941
877
2580
4969
2152
3859
2816
4245
220
3337
849
468
2215
3657
4576
3700
4227
646
2081
1599
3691
3671
1028
2354
1383
123
1628
3915
2945
3441
1218
2594
1660
3358
11
3572
3721
2699
2982
826
711
720
857
1950
3445
608
1817
3788
1251
1313
2159
3209
1019
4765
1656
3948
3637
4147
3473
3899
174
2476
1467
2925
4394
1532
134
2264
641
3524
1394
3925
4268
4909
4060
668
1393
82
2492
3032
1002
2311
1143
480
2697
2458
3911
4247
1197
3767
1987
1077
3626
904
3187
2203
4754
803
949
4280
1396
4747
435
3128
4020
4106
1886
772
2542
3484
3077
4203
985
3301
1541
4385
186
4921
2535
1898
2964
3935
3174
2914
568
3475
2797
1054
1295
1954
2737
3051
490
4870
3879
65
4541
308
313
3067
2601
2747
1191
2467
1661
624
4111
2372
2527
3305
718
3521
4340
60
2596
3612
4435
974
3748
2537
2884
2446
2456
254
2283
3356
2703
2017
1645
799
3734
2050
2148
3858
394
1843
2502
1558
2489
2857
2608
3432
695
1637
91
1830
1162
3801
3064
434
4610
2307
4930
1484
2848
1112
4382
3460
4220
716
3210
2787
322
3366
891
655
4030
1865
1233
2409
2129
2796
3164
1840
3282
4102
3043
561
4621
1564
3528
1880
2865
2287
3933
1686
1454
4053
3182
3704
3888
3132
3996
2358
3720
3906
1232
2035
2030
1574
2710
510
1184
4078
3635
4301
4420
293
3052
3296
4561
4186
1414
260
3213
4512
2571
2430
704
3070
3170
2929
1164
4944
2851
2146
3674
876
4796
4874
2573
3198
3408
4337
417
4192
3117
3410
2332
1629
2282
2380
4501
3379
4917
4372
350
2019
3222
4007
4625
1693
4237
954
594
1867
2111
4524
926
2829
4728
538
1248
2401
4635
2281
1243
481
657
2382
3394
3544
4296
4669
4654
2906
3584
1268
1535
4632
1046
351
1846
1211
735
2045
982
3312
3769
1099
1982
2972
2289
226
3442
464
2194
1437
3630
3592
4258
4983
2823
652
4286
3656
983
109
886
4992
4244
2529
3398
152
4718
1774
1553
4689
2901
493
2054
3113
3875
2651
4062
1273
1319
1621
963
4460
4552
4854
865
1083
1097
842
74
2935
3799
4540
2898
4604
3251
2960
1682
4791
3443
4069
4343
2084
1515
1794
3433
4940
1959
548
3545
2891
2773
1417
3531
3065
4732
4384
684
959
3946
2553
1825
1771
4748
4315
2068
4181
122
1748
1222
3147
2131
1144
3269
4994
4033
3022
3091
4365
1074
2078
2286
3417
616
2432
2878
1781
1048
958
2160
4431
4549
1838
2610
2208
1510
4194
4316
2899
4178
606
2347
1118
3486
2689
1712
2323
4214
3755
204
812
4377
628
773
3765
1790
2521
2531
2200
1877
3257
1609
1147
4516
1896
1134
1688
3659
2809
2076
2440
3953
1431
4278
2070
2481
2577
4339
4575
206
2802
2811
1245
3821
2541
3942
2158
2793
1913
4550
3033
445
1111
4929
4618
2455
4173
4511
2423
4156
4097
219
2617
1803
4108
45
4622
898
1810
3386
2567
3060
2629
3145
3140
2101
3194
1188
3593
3397
1845
3254
831
1225
2251
3831
2501
197
3208
1238
1770
3710
1068
2948
2761
4441
3706
3497
1213
1866
1814
2319
63
4612
3733
3338
3447
2474
3447
3338
3733
4612
63
2319
1814
1866
1213
3497
3706
4441
2761
2948
1068
3710
1770
1238
3208
197
2501
3831
2251
1225
831
3254
1845
3397
3593
1188
3194
2101
3140
3145
2629
3060
2567
3386
1810
898
4622
45
4108
1803
2617
219
4097
4156
2423
4511
4173
2455
4618
4929
1111
445
3033
4550
1913
2793
2158
3942
2541
3821
1245
2811
2802
206
4575
4339
2577
2481
2070
4278
1431
3953
2440
2076
2809
3659
1688
1134
1896
4516
1147
1609
3257
1877
2200
2531
2521
1790
3765
773
628
4377
812
204
3755
4214
2323
1712
2689
3486
1118
2347
606
4178
2899
4316
4194
1510
2208
2610
1838
4549
4431
2160
958
1048
1781
2878
2432
616
3417
2286
2078
1074
4365
3091
3022
4033
4994
3269
1144
2131
3147
1222
1748
122
4181
2068
4315
4748
1771
1825
2553
3946
959
684
4384
4732
3065
3531
1417
2773
2891
3545
548
1959
4940
3433
1794
1515
2084
4343
4069
3443
4791
1682
2960
3251
4604
2898
4540
3799
2935
74
842
1097
1083
865
4854
4552
4460
963
1621
1319
1273
4062
2651
3875
3113
2054
493
2901
4689
1553
1774
4718
152
3398
2529
4244
4992
886
109
983
3656
4286
652
2823
4983
4258
3592
3630
1437
2194
464
3442
226
2289
2972
1982
1099
3769
3312
982
2045
735
1211
1846
351
1046
4632
1535
1268
3584
2906
4654
4669
4296
3544
3394
2382
657
481
1243
2281
4635
2401
1248
538
4728
2829
926
4524
2111
1867
594
954
4237
1693
4625
4007
3222
2019
350
4372
4917
3379
4501
2380
2282
1629
2332
3410
3117
4192
417
4337
3408
3198
2573
4874
4796
876
3674
2146
2851
4944
1164
2929
3170
3070
704
2430
2571
4512
3213
260
1414
4186
4561
3296
3052
293
4420
4301
3635
4078
1184
510
2710
1574
2030
2035
1232
3906
3720
2358
3996
3132
3888
3704
3182
4053
1454
1686
3933
2287
2865
1880
3528
1564
4621
561
3043
4102
3282
1840
3164
2796
2129
2409
1233
1865
4030
655
891
3366
322
2787
3210
716
4220
3460
4382
1112
2848
1484
4930
2307
4610
434
3064
3801
1162
1830
91
1637
695
3432
2608
2857
2489
1558
2502
1843
394
3858
2148
2050
3734
799
1645
2017
2703
3356
2283
254
2456
2446
2884
2537
3748
974
4435
3612
2596
60
4340
3521
718
3305
2527
2372
4111
624
1661
2467
1191
2747
2601
3067
313
308
4541
65
3879
4870
490
3051
2737
1954
1295
1054
2797
3475
568
2914
3174
3935
2964
1898
2535
4921
186
4385
1541
3301
985
4203
3077
3484
2542
772
1886
4106
4020
3128
435
4747
1396
4280
949
803
4754
2203
3187
904
3626
1077
1987
3767
1197
4247
3911
2458
2697
480
1143
2311
1002
3032
2492
82
1393
668
4060
4909
4268
3925
1394
3524
641
2264
134
1532
4394
2925
1467
2476
174
3899
3473
4147
3637
3948
1656
4765
1019
3209
2159
1313
1251
3788
1817
608
3445
1950
857
720
711
826
2982
2699
3721
3572
11
3358
1660
2594
1218
3441
2945
3915
1628
123
1383
2354
1028
3671
3691
1599
2081
646
4227
3700
4576
3657
2215
468
849
3337
220
4245
2816
3859
2152
4969
2580
877
3941
3506
2333
3318
400
302
2065
3780
895
2827
2522
4554
1749
303
4733
314
3893
4896
1405
3552
794
2755
2201
1357
3811
3293
784
4467
3513
2044
558
4327
955
1796
1234
1647
2965
2368
2656
4941
291
4534
1258
201
3424
3496
800
3262
4588
2422
4146
199
3265
14
1728
418
1873
4293
3374
2643
2723
4390
2125
488
1170
4528
1176
3668
2503
2576
1177
4393
3847
1827
4105
696
2714
3098
1619
7
1512
2316
3430
3290
2238
495
2274
4614
3461
4760
4419
1746
398
4093
2010
945
1702
923
1171
3103
235
131
1460
3135
3830
1260
3880
4000
539
3619
1174
3579
747
4697
2362
4238
1130
284
4478
3998
664
2603
4362
4645
2774
3849
4871
4897
2875
4904
1352
827
2543
487
2210
1173
4167
996
1305
3478
4132
2716
4619
1445
4096
3503
4104
3613
4671
1351
4490
584
3546
3280
4350
1453
4012
4368
4357
2634
2036
3502
3045
1262
1820
364
1684
305
1737
906
497
2072
1406
2223
1096
1491
2482
1726
1547
1365
1904
1038
3725
3089
781
2937
4130
1630
3943
2825
505
4819
1911
2746
3872
1117
2764
3092
2632
3693
1780
2669
693
3701
2775
361
2299
2627
2996
318
442
3002
2464
2042
257
3183
4430
816
986
3620
4880
3148
4530
1006
1742
1572
810
103
2183
4741
4651
3606
4065
788
4068
4990
2385
3722
4865
3343
1272
1602
4484
3330
3732
4927
500
4558
1026
4869
3800
2967
4785
3423
2224
4281
264
4764
2813
3840
1021
1359
475
2590
1620
1533
673
4141
3381
1961
3846
4010
390
1907
1799
1847
1360
1763
374
1371
2074
3832
2785
2404
3351
2582
2659
3523
156
3622
1007
2672
2658
2515
989
3680
267
3713
3551
653
37
1593
3886
1833
4477
1741
4446
943
2370
2268
611
2213
148
2180
4949
1256
1769
1035
2437
2959
2118
1479
1486
380
1800
545
55
306
1689
3119
922
3165
1534
4658
3696
3900
3212
3304
4919
501
249
2682
550
1461
66
1386
621
4320
3866
975
83
4509
4578
458
3026
4598
3169
147
4503
941
1654
4691
1254
3371
4894
2585
3191
817
763
3068
4783
551
4380
2839
258
121
2082
2041
2416
4795
972
448
3152
615
4465
250
1152
4459
96
3919
4299
793
1991
2642
4913
3346
2032
851
698
128
4302
1040
317
2666
3173
239
1679
4443
2024
4137
4486
2687
515
512
2888
3957
889
1369
2460
2652
347
3245
2465
744
3507
2730
2276
88
1900
719
4514
334
1823
1727
2257
3197
2558
623
1889
3887
2495
2947
2228
406
2927
3151
2345
692
4009
537
1121
4905
187
4793
3126
1952
4898
108
2150
4187
4143
1514
4279
1392
2475
41
3021
1230
4895
1933
3114
2127
2880
1996
4415
2275
453
1667
217
68
1327
640
1384
873
1555
2086
192
1283
4551
3600
1237
4122
1536
3326
471
3483
1606
2138
2442
2057
4682
1551
1575
3667
3550
2713
4506
3541
2096
1759
311
2280
4369
381
2991
292
2566
731
2586
1063
1859
4722
202
1474
139
3715
2942
1968
234
2220
1761
3735
3214
428
672
3350
273
2357
2824
3372
2903
4537
4500
1133
840
4962
2557
1413
4008
4489
3059
401
3320
3723
4726
4138
2684
4319
601
1824
3851
2955
2800
15
3742
1450
1000
3636
3434
2099
3495
4507
3760
3295
785
523
4975
981
338
2077
4079
1616
2979
525
4332
749
2650
937
2406
1424
1204
3939
4002
127
2636
3264
4804
3689
1841
339
4555
4923
4786
3917
3266
3539
1977
1724
4429
1750
1858
2683
31
384
256
4481
2266
2252
823
227
1556
1426
1923
1045
2950
62
20
1464
3362
4910
2637
1167
283
750
2728
3520
1246
3352
4526
3226
3738
3175
4608
4993
896
1772
3587
1738
4846
3905
396
4336
1960
4569
3078
1903
4636
4744
3758
1969
1992
2490
106
2363
1895
297
4808
4852
4057
3244
1375
4877
909
727
1899
270
752
3466
4114
450
1378
566
2607
2668
4761
225
2633
3322
3024
4452
3685
3790
1317
3383
814
976
554
2216
991
3792
764
1792
3927
3462
162
1924
3233
973
4473
294
1990
304
2292
1607
3901
4826
3349
1540
3224
2930
3712
2974
1296
3841
3477
4597
1161
2731
4306
1839
4398
1400
4451
85
1249
3328
2694
2574
1015
4056
4224
1210
3384
1451
3529
30
541
2499
3409
1330
3936
2909
1953
863
4074
1976
853
4297
3168
3345
2665
3157
1962
3730
2075
722
3454
1324
2505
2968
310
1354
3375
166
3638
3485
4094
3223
3297
2336
917
3608
620
1119
2679
2172
2525
462
4573
1489
136
2320
3827
3058
3281
3414
3317
604
2630
1203
2342
1816
1522
1579
2472
2931
774
17
2427
191
3782
1235
4291
2593
4354
1842
4887
3047
3131
223
2012
3850
2998
3903
4952
354
1909
1011
1017
4427
4036
4704
3389
581
210
4406
2207
1388
647
4325
4403
2165
2722
2648
2477
2371
4714
3468
3472
4275
3928
4859
838
637
678
332
3819
1710
2818
2009
1107
2484
2921
4529
1141
3557
2826
1986
342
3898
1942
4769
1293
1016
3270
2926
4829
4773
2853
3974
2306
4277
3679
2540
1157
2706
2473
2375
2366
3923
670
4198
1527
4378
1818
938
674
4835
4805
2290
4798
2939
4564
660
1253
1320
2327
2709
3640
1113
3511
2588
3791
3655
576
3808
1008
3603
3806
931
2560
4600
1683
3863
3263
4799
4734
1175
4772
3006
3387
2973
228
3017
4116
3596
2222
4255
2562
2738
524
610
4471
4117
2405
3594
589
3392
2555
327
4535
1075
1194
2863
1928
1346
4112
13
244
1485
2726
1716
1525
1057
921
3891
1984
1128
4703
2496
1182
36
4563
2544
642
2686
4694
2688
2273
3038
1187
4860
3920
4428
4981
3204
2894
3785
3568
3094
3241
1638
4605
4776
3931
3588
1826
3618
1736
4814
2895
4464
4018
1775
3687
686
4127
1557
321
2924
2204
2976
3200
3508
2671
609
2285
3469
3676
4914
2438
1412
767
3757
2110
12
104
2869
1490
286
882
4450
1379
3428
820
769
4525
1239
1509
153
3134
4875
1095
3268
4879
884
1446
3333
4021
2415
3530
1639
56
2902
540
2581
1443
1315
741
947
839
4989
1516
3276
900
3492
4653
4364
1931
3402
4196
4918
3605
4960
846
2626
4259
3627
585
105
3698
1675
778
928
3122
1717
3075
3862
4159
3921
4780
4766
1129
2202
279
4218
2141
38
2792
1420
1207
706
1776
483
4706
2426
2092
3456
1920
3956
3554
2234
4967
2181
4797
2801
1549
3783
2591
1114
1964
2377
2843
588
916
1382
4663
4673
1868
4304
278
373
1364
2080
2975
4174
3500
4195
4383
425
4792
919
3042
3415
587
3215
1787
242
2781
4175
1478
4131
565
207
3189
534
761
4389
887
3283
1020
2859
4317
2519
329
4026
298
2855
2943
780
3275
564
4233
591
2260
4822
4422
161
3764
2227
2512
1231
2184
1155
4582
2424
4518
2977
671
4850
1404
802
2597
3641
1385
1662
3279
1974
3001
4628
1570
3586
102
1585
3965
590
2179
3711
2625
3532
2526
4046
4827
3773
3634
3004
762
238
1617
3459
3749
4412
4579
4581
4803
4595
4978
3954
205
2198
2122
885
2051
662
2932
4049
4249
1912
3937
2420
1088
482
2261
3731
130
4970
3138
1480
824
473
1497
543
4229
1892
2321
4519
2486
2337
4828
2087
3321
6
1241
414
3448
4367
1217
3726
2692
496
2858
3285
1967
4322
804
3834
1983
4180
2872
4003
4825
1031
962
2790
4371
536
3949
272
2640
579
755
4934
4101
4066
485
1427
734
1901
3510
4599
2335
1071
4329
3172
1399
3190
1398
2093
3143
3781
2517
3344
4177
2209
850
3705
522
2114
2822
1802
833
3990
4807
1287
2170
3000
4136
379
859
80
2389
2359
3171
4968
71
3662
3614
542
2565
222
2483
3294
2868
2837
2911
2678
1328
3136
2613
4169
1228
4650
3084
1519
1663
40
602
2106
4646
3479
4548
3922
4979
3292
1264
4257
2104
2116
2468
3313
2239
4109
4980
3458
355
4272
3515
903
2861
1402
1757
2145
4128
4958
1072
4678
2786
1966
4089
1745
1037
140
1036
4397
1199
3230
3185
881
2742
2026
312
1401
368
4118
4217
1643
1929
3958
1449
3673
126
1169
1546
1605
3480
3739
4884
1788
4843
521
2348
1577
575
97
2417
324
21
457
1701
2100
776
4995
110
3340
1646
4593
1853
2023
1861
2693
2105
3839
3993
3005
1560
708
2820
651
72
2123
1259
994
1626
1059
2272
4643
2374
1971
378
1588
3360
352
3236
4363
1691
3894
3291
971
4647
3243
3575
2344
3053
3625
1587
4399
3855
1139
893
2735
4626
2004
3759
1697
1709
2749
2408
714
3348
4759
592
4585
841
1720
2896
3573
3929
1200
596
4366
2237
942
1183
142
3055
1196
1614
1336
4463
2231
3908
2897
3569
4045
295
4684
1436
2102
4085
3161
3011
1326
821
4738
872
3260
3714
2762
1918
1696
3740
2604
2037
629
645
4557
2003
3481
1192
3082
1061
1687
3364
3874
3970
1852
383
2674
4677
697
137
4206
2135
1434
4164
2834
2828
178
58
3411
93
2085
1947
3896
730
1921
2928
2173
125
47
4988
4872
567
3818
1201
4263
2886
4841
3256
2933
825
1279
3944
913
3501
419
3104
1932
289
429
2296
2134
3107
2779
1407
3966
2027
1440
2910
1428
2322
892
656
1163
2644
1998
4256
979
4407
2399
370
413
2676
3968
259
1495
4901
2487
1563
4284
1723
357
2457
4414
4695
3663
2799
4110
4309
3684
1122
371
4040
184
2151
459
1419
3211
3971
2140
4388
1718
3404
4710
433
4711
3195
4911
3756
369
1181
3815
29
2561
3231
2240
4326
3335
2999
4119
4358
4936
1342
2798
4900
2663
2879
2058
4739
4504
3633
133
3609
777
1819
1024
4527
612
4753
18
2532
1459
164
4866
2008
211
1323
4586
3683
3041
3235
299
4334
2830
4546
760
4587
2394
2552
1363
911
4743
3702
4197
2850
1511
2161
290
2667
1672
2177
281
2126
4627
1725
618
2917
4236
1307
1127
1350
1050
2318
1854
1973
2725
2451
1542
4375
4052
3056
4071
829
3746
2211
3110
1285
3812
1595
4228
1508
2938
1768
509
3914
4172
2765
4064
782
4725
2244
4081
2189
2351
3556
1565
3206
2397
4150
1695
4165
4974
888
3516
3890
1458
4700
4609
506
2817
476
3390
1805
1064
1316
856
2412
934
1518
2169
1985
3804
3617
3177
2069
535
2584
1263
675
2546
1659
3453
1894
4001
263
679
4120
3518
1798
1957
77
1523
3319
4937
132
1429
1236
138
563
4961
1105
3202
3253
2062
4633
53
4438
2478
4346
4351
4134
240
3314
2187
3646
2523
2966
818
3156
3897
2514
4413
494
4571
1876
4152
300
1209
4312
1010
927
3632
577
4170
607
3425
2814
1632
360
2014
3133
3395
3388
2020
1361
2840
3814
404
2846
4005
511
507
1332
908
2963
4577
4681
4972
4849
2021
3181
4881
4115
2919
2605
64
1543
639
3451
4740
701
3287
801
3159
1939
2392
4426
1561
4204
1681
4666
4817
2279
2587
1707
4517
1885
2618
4474
4124
768
1309
4455
1673
1506
3576
2769
4457
2428
1685
2436
4813
269
3158
2498
3153
1652
3196
792
3377
4611
4592
1851
4222
2326
4624
3581
2721
70
3737
3853
3146
3232
3536
4011
3997
4942
4479
343
3341
4925
3505
3093
1945
315
1
1751
4505
1926
4039
198
356
465
1334
1650
420
1123
4184
2302
953
3037
112
2378
4696
1003
316
3598
4129
3736
2459
4424
1834
2022
3534
3467
3299
3102
1504
4353
1220
168
4520
2990
2199
4844
3994
712
2812
427
2838
2407
2606
951
4692
1578
4226
4774
2479
2133
3930
3549
3228
3378
1321
2741
3597
2001
1507
3118
1468
2157
775
1544
2877
1975
2066
3332
4686
3784
836
1719
2520
1311
3981
150
1786
736
2349
323
699
1927
2720
687
4984
4355
4314
2556
2384
547
3717
4902
2205
3437
2748
98
3652
3910
1782
992
532
3787
1869
1978
3838
1590
2758
116
1389
1425
3728
2324
2883
1706
4638
2341
1633
4421
3566
1116
1890
2271
2393
1640
2414
2756
4545
3061
4290
4273
188
890
2400
4494
4938
2485
3444
1463
1433
573
2536
3708
1700
1381
1416
4267
2844
1753
1299
4151
2876
1290
3308
69
4837
1888
1292
1032
2429
52
2015
232
855
1906
4386
514
1435
4667
1740
2791
3947
4891
3761
143
3249
2142
1989
3610
4868
3829
2808
3080
3877
4041
552
3203
3651
2572
1044
2488
2685
2579
4070
4912
713
1250
3962
1347
1103
1158
980
2547
3250
1857
3125
4617
3111
2052
691
2449
4812
1481
2754
562
19
215
2178
1505
3560
3036
3154
4521
3412
61
3303
4676
408
1963
3376
2592
2419
3912
2934
3540
3087
3261
2700
203
3284
1418
2893
2707
1178
3824
1766
3438
1948
3010
4434
3833
2386
2196
1156
3653
78
1470
3902
444
4751
503
4310
3578
1492
2258
1439
194
924
2144
94
3805
2873
600
4889
2803
4767
4848
4163
4025
2155
3871
2946
1958
3924
4193
3062
3083
4538
1576
3054
1914
3403
925
2504
2241
2064
1018
995
3205
437
2653
4719
3267
3246
4602
3186
145
3121
4947
1403
443
3003
3969
34
2219
1943
1477
1124
2778
2117
2718
4631
1993
4532
1397
3216
4246
3336
1298
2350
2212
3642
2767
3854
307
2034
2807
3793
3023
27
1247
460
4823
3370
4708
1442
4594
4274
4858
935
2589
9
2288
4547
2534
961
1521
4908
2583
1582
499
905
245
4802
2011
4906
1289
787
4959
2783
2395
4321
2646
2736
2882
3623
95
1306
49
4568
1832
4818
2690
2253
4634
593
3955
3599
3073
705
3973
2046
440
158
1466
1410
247
3577
771
4885
3616
2806
2760
3069
4241
4790
1979
3090
815
4338
1041
2866
599
2367
1001
1980
3538
4099
3564
3988
4683
1937
1069
2752
3426
4432
3271
4254
407
3227
391
3315
3916
151
1106
2185
1938
3976
3553
1325
3329
246
4231
4232
2073
828
1391
4019
3452
4013
4816
1531
3869
1138
1597
54
1052
262
661
3768
3848
426
1631
1711
3427
4029
1809
2983
4166
479
659
1159
1452
2732
2218
4410
492
883
2900
4670
4248
3752
997
1598
617
518
2369
2298
1829
3828
2248
33
4144
3664
253
1828
2768
3272
4073
4853
446
2352
1333
2835
3099
703
1618
3405
4510
3347
1227
1079
2729
2777
1380
4847
1308
944
4499
3975
2310
1860
1837
4966
3604
1301
1677
1358
4445
4756
452
3176
4051
4400
155
1680
4405
4345
456
2235
4054
3436
252
1025
4862
1153
4491
2611
1666
3747
349
3797
3493
447
560
2028
4396
1674
3450
1430
3771
3669
4665
869
669
3324
3237
4699
3401
1242
216
1713
3670
724
3602
4662
2303
1137
2889
2664
4300
3816
4404
948
1168
2951
1255
2549
2462
748
4475
2132
2719
1883
3359
2704
3527
4985
1897
1690
4690
89
914
2182
2944
1735
738
531
2953
2600
1538
2500
1244
990
1086
251
1349
4720
837
1624
4121
48
3095
765
1705
1612
2819
1949
1165
3357
367
644
3440
3643
3207
3031
1935
2031
359
3354
694
224
274
1600
4024
868
22
100
4590
1610
2166
1291
3218
746
3030
277
331
1671
3716
526
2338
4562
2638
4613
2163
179
2331
1341
1871
2662
3675
4480
1456
4544
1073
2048
3323
4840
2167
4168
950
910
4845
4811
4746
1027
3681
4017
236
2661
4142
4417
1274
811
1415
2055
4402
1271
1835
1281
4436
4661
5
4750
1567
1573
431
2993
326
353
725
2645
1108
3124
3952
790
4965
4749
1811
4742
1266
740
3071
1765
4360
1060
1545
4158
35
3184
4352
1229
3180
3864
3422
3368
4023
363
2243
2090
25
87
3959
1408
415
3741
189
1583
2443
4730
2744
333
1831
3580
4737
2845
3139
2922
690
4447
1482
2771
4082
528
4022
3961
2308
117
3517
1304
1744
200
1087
2727
1310
516
101
175
4648
4976
3590
4567
754
2006
4416
2916
613
2425
3331
2766
2466
3548
1140
3149
2259
1622
546
3744
3277
4454
2250
960
625
940
2376
1520
2304
4155
3727
2516
461
1033
757
266
4502
190
2757
1571
114
341
1821
929
4553
2233
3844
2214
4090
1997
4779
4493
1098
1965
399
3682
894
1528
4543
2670
185
3567
1791
4335
1142
2115
2317
1566
3116
4289
4745
2717
605
1722
4392
2673
4442
1862
2695
4842
1421
375
4189
1999
2089
978
2635
4640
439
4113
3057
1084
1411
1529
3365
650
3509
3895
3938
1043
39
2139
2641
614
745
467
2112
1850
1012
59
1154
3857
2657
702
2740
1554
3007
160
796
3025
387
3
330
346
721
3474
969
2860
3978
835
4225
2083
3418
90
3431
4359
4042
3807
2654
1698
2071
4095
382
2249
73
2624
2751
397
3766
2987
3582
2711
255
834
4269
1731
3718
2025
120
4515
3665
2309
658
4215
3719
2388
3499
1592
2294
1312
4498
1047
1589
3234
2780
1934
663
806
638
1893
847
1642
2620
709
766
4839
932
2312
1094
2230
988
3127
4437
4242
4971
484
3525
858
1374
1891
4991
176
4705
1951
1807
4987
3983
441
3995
4347
2305
3932
4982
2124
952
4157
4641
3823
3519
1265
4487
2890
3286
1503
3008
4328
4533
4323
2162
4977
1355
729
1277
967
2795
4395
3179
1202
2831
4425
3678
2040
2854
3772
402
4824
2346
3455
3570
4890
504
1472
3247
1373
4907
1100
3514
410
2284
1085
2940
424
1500
4409
2575
2506
1625
1441
4713
4219
386
4288
3050
1715
3707
2698
1252
4687
4266
1318
1887
556
4943
3647
3252
2137
3697
4688
1613
2038
1179
2256
4789
3918
1703
275
265
4954
193
1062
3999
340
1109
1704
1844
2153
1483
4444
1636
1340
4270
3589
1370
4292
2874
2954
2550
4262
3085
1223
1739
1627
1150
86
24
3463
92
2892
2595
3559
4031
2390
2225
1493
2391
2971
4252
388
1125
4287
1499
4964
4092
389
2962
557
4716
4210
336
3079
4342
365
1764
3464
1055
3034
4044
3420
3639
472
1195
3100
2559
2691
1208
4933
2511
1908
3029
862
2680
643
4331
1849
3393
2314
4028
1767
3363
366
2340
3470
4260
26
1335
586
1257
4606
977
2413
50
2545
3883
1905
3631
2788
4782
517
4307
4788
214
3096
2628
2750
3802
791
486
2989
2295
1657
1302
1502
1655
1743
4211
4882
4456
4373
2147
1322
1988
1368
2702
3763
2016
946
3881
2530
491
4235
1584
4162
4932
328
2262
3316
4834
169
3163
3488
2957
4832
3836
4855
3984
3108
2229
4821
4950
866
3795
405
633
4702
2005
966
2300
3615
4922
1615
2568
4462
4601
4928
335
2039
920
4303
4655
685
4584
1447
2109
1275
2984
1721
466
733
218
16
4176
3220
3645
4251
4583
4674
770
3724
2524
3019
3385
395
1594
1269
44
2402
700
1755
288
3040
4863
2470
1524
2745
2508
1455
478
1337
4806
3562
1014
2452
2245
1494
477
619
2705
2453
4630
1513
1915
2554
4391
1030
119
3621
1110
4731
3884
470
1586
2188
451
1581
939
4216
1664
1344
1422
1548
4199
181
3166
309
3142
1132
502
630
2379
3097
2681
3779
23
580
1944
4075
1034
3745
2905
845
2060
634
1777
167
3644
3786
4556
4566
3439
3607
965
1596
1603
2334
930
4698
2615
3803
4032
3907
1941
8
4088
287
3504
4701
1734
1348
4488
3817
3407
4408
320
3240
3013
2353
2403
4574
3044
3072
4672
3595
4387
2995
2660
3571
3192
4055
4148
2734
2206
2232
4685
1224
2631
4801
2088
3826
2923
248
4664
1303
2759
1526
3487
874
1372
2103
3583
2255
1145
3361
3852
631
572
3238
4888
4781
3306
2907
3794
875
2097
4591
4379
574
1240
832
3353
4344
2538
28
4542
3709
3298
2733
4076
854
3160
1730
3289
3367
3413
1148
2602
1438
1801
170
4376
3770
2841
4191
3225
1172
4963
4946
4048
4223
632
345
4468
2128
2715
2920
3009
3150
4295
649
1066
4810
4570
1081
3909
2091
844
2221
4179
3339
3843
1029
3018
2598
344
4059
2119
4050
3255
1058
4659
2047
282
1215
4649
1092
4955
2254
2870
213
723
10
3650
1160
455
4831
1093
1882
753
2269
1288
3774
4213
4154
667
1785
3750
1469
3020
1267
3278
4133
1366
135
2621
3991
1219
173
4712
4061
3654
209
2242
3835
2168
196
998
3565
4758
3810
208
4755
1552
4349
2958
3457
1067
1747
2867
4999
4043
688
555
4261
1300
3239
4916
4867
449
4639
3219
301
715
4461
1692
3300
3421
2533
2513
1193
1090
2724
3120
3979
4047
1120
454
81
1356
3813
241
3406
3660
4893
1136
1946
243
4145
987
4809
3109
1432
1732
4356
1205
2
154
1462
1498
1276
4423
1005
3489
2174
2217
1080
2904
183
1758
4763
2952
2969
348
377
1082
2444
2784
4580
1648
4596
864
4318
3913
2675
3845
2980
3876
4294
268
3873
3178
3028
2763
1214
1568
4616
1848
4208
2570
3658
1708
411
3648
2712
1699
907
1056
3842
4140
4264
3137
795
3355
4153
1146
4483
1345
4
3144
3951
2136
3471
583
786
2360
1473
2448
3591
3878
4381
2267
4188
4348
964
4762
1115
1070
3167
4953
1874
1822
1212
1496
4123
3039
830
4209
4623
3555
717
4736
1387
1773
2915
3522
1940
4067
1488
2551
2421
3703
4945
3809
3201
337
902
1282
3986
4370
3046
2435
4038
489
970
2000
2447
42
1216
1611
636
3754
1475
2029
4083
578
362
3865
4903
3221
3288
2383
1487
3162
654
2355
3334
4253
474
627
3820
3992
2418
4201
2985
2063
4086
2564
1604
4920
1053
3743
2013
171
4657
1185
3105
4125
3964
385
99
1091
1559
4027
2842
4135
2941
4063
372
1795
2043
508
3686
4531
4652
689
113
141
2247
2186
75
163
4139
4727
422
2509
2569
1270
2885
296
1784
2033
2609
3248
2356
2471
4495
2949
3926
3217
1329
759
2002
2387
3963
2994
2325
4440
4998
3193
2293
1190
438
129
2981
2130
146
157
2789
603
2445
1634
4466
1762
1676
2578
3661
2649
3088
392
2956
2528
1377
2510
3777
2441
3892
3258
3666
4004
2864
3985
861
409
4629
2339
3076
2270
4243
783
3498
1131
1881
4997
3762
2164
732
3396
3775
1448
4470
376
2647
1641
3048
4656
569
779
3242
1760
1022
111
2396
3012
3123
4240
860
3115
1338
1135
276
2815
870
1754
3465
2918
4973
4418
2079
2655
3310
1870
4915
4485
2434
2463
3400
2539
2098
4014
1198
3688
4830
1651
726
4644
3490
933
2970
3482
742
2056
3494
107
1314
2997
2988
4072
1226
3972
432
4221
2507
4182
2297
4250
1665
124
635
4271
3822
1180
2226
4924
2381
1089
3074
118
710
2061
3327
3867
1797
1714
957
1476
4715
1783
32
280
319
4476
1539
1471
1756
229
4735
2265
4956
4951
4886
4892
4433
4522
4448
789
598
4800
1793
4006
1284
4539
3729
4771
2313
1023
867
739
2856
2330
1395
2373
2439
3789
3558
3982
3106
2113
984
751
1297
4873
2849
513
1101
4058
2978
177
3856
230
2154
2007
84
529
1635
2108
1261
993
1186
4794
3342
1331
1423
2328
1863
4775
4559
2461
1994
4752
4411
1126
2677
4308
3987
2836
2149
4183
582
3419
403
1917
3882
571
498
3694
4016
3672
4276
707
3542
4324
3825
3526
1049
2193
4458
2059
805
261
4784
4103
897
3601
2278
3934
3977
3302
2696
4469
4836
3690
3391
1390
3435
3751
4693
901
3753
2018
1694
3512
2236
756
1409
4620
1189
2410
880
4305
3870
2871
4472
3399
681
3273
3101
819
4778
520
3904
798
2614
4757
1678
1910
4091
595
2986
2263
2094
4768
3860
3259
4202
4724
2143
3035
4523
231
2454
808
3081
1878
4080
412
2246
2852
4996
1591
2739
1925
3063
3967
3014
4449
149
1658
809
3885
3837
822
1550
1864
3868
1668
4560
4607
677
4931
1013
4729
1981
4883
463
1278
2701
4298
1902
4185
2619
1562
3547
1778
1879
1608
4717
999
544
4482
1004
1376
3677
4675
4721
1149
1339
2301
570
3309
3155
393
2810
4149
4851
1294
51
852
1808
3325
436
76
1078
4239
3130
3861
2913
4957
1623
1779
1789
3574
4234
115
918
1872
423
1884
2107
2121
3112
3950
1362
4087
4401
4876
683
2708
871
2753
1009
3776
79
325
912
1733
285
3778
3369
4496
4642
4707
3699
3537
2329
2291
3382
3373
180
2805
1501
4565
2192
4589
1855
1856
1970
4679
57
1343
3429
1537
3380
3188
4787
2961
4857
3449
4833
1916
1815
4341
1580
2992
1956
2936
2821
2049
2197
1729
3798
1812
4107
1457
936
1151
1813
67
1569
1930
159
4077
3561
2411
553
195
237
2433
3015
797
3533
2612
3960
4899
2398
2171
680
4709
4034
2770
4171
3129
1922
2431
2804
4572
1353
3611
4439
3980
4265
2548
665
879
1102
648
4207
878
3229
1444
4497
1752
956
421
2908
549
1166
4161
2794
2494
4864
4986
4015
2315
3796
2743
2881
4283
358
3141
915
1919
2480
2491
2120
3629
4878
3446
968
848
4536
2364
182
1042
1601
2469
4668
622
1972
4190
2195
1517
4230
597
1286
3940
212
2782
743
4856
416
1221
813
737
2623
530
626
3649
4282
1530
2833
2599
3416
682
3945
1670
3307
1104
4777
2176
1955
4603
4035
233
4205
3476
4815
4492
2365
2887
2361
172
1995
3624
3311
144
4313
1051
2053
1367
4513
4200
2847
1065
2277
4374
1669
3563
843
4615
2772
4098
46
4838
3491
2493
4861
3274
3199
2497
666
221
3585
4126
4939
2175
2832
3989
271
1936
3535
4212
4660
527
728
4311
4770
4508
2616
2067
4361
2095
4680
1280
2639
4333
2343
43
4926
4948
2862
4637
1806
1206
1465
3889
3692
3066
758
519
2191
533
2156
2622
1076
2518
2450
1039
4330
4935
4453
430
4100
3027
4084
807
2190
2563
3049
4037
3016
1875
165
1644
1804
2776
1649
2912
676
3086
1836
3628
4820
1653
4160
3543
469
899
4723
4285
559
3695
5000
