1
2599
3812
2771
3551
2518
3687
1880
1205
4129
679
2480
4018
3924
2490
3293
2836
4343
2739
4443
4361
2339
3979
10
3601
2249
1256
1057
2348
4236
1986
3515
4054
4359
4329
458
1449
2371
424
1629
881
4931
2947
4846
4483
4523
2787
2587
872
2295
3053
3032
1864
1431
4780
4489
71
3587
4320
527
4821
3120
277
284
1420
4706
4262
1775
2820
4153
4045
4649
3399
4744
885
4324
1878
1896
3155
1318
4873
1142
4046
537
106
1328
1974
1982
3565
4082
915
573
3830
3867
3181
2686
3532
1174
3552
690
772
482
3254
1690
516
4733
200
369
1411
2880
4776
3412
4634
1791
2221
1948
4621
2155
1083
3615
2814
4451
4766
2673
2997
3702
940
3700
1065
3620
2690
2045
3571
122
4737
1701
4624
1695
4227
540
4692
1630
2317
69
3729
2080
2852
700
391
3230
4731
292
3506
3496
2684
709
1128
1639
1092
2289
3535
4788
4014
4195
3607
2279
1121
660
970
2310
2682
2643
1923
1854
4269
2288
158
2938
1241
4540
2341
2761
2068
3510
183
475
3346
3644
370
1186
1675
2559
2230
839
1326
3227
2741
936
2162
3028
932
571
439
2679
1683
2065
4860
4189
2039
1347
1638
4993
886
4339
1599
3187
832
4899
440
3707
202
3051
3725
2393
2653
604
2061
2134
1335
1232
1140
4060
4181
4916
2735
25
498
1789
701
4815
2862
3507
3962
2418
314
3330
4302
1476
3396
2999
3430
4816
904
1493
4746
4180
2106
4917
1452
1138
529
3419
320
448
1938
4364
2302
868
1257
923
1748
1457
570
2354
2614
541
3395
2085
1968
4384
2448
2845
453
138
1134
1147
713
354
803
3564
859
3450
471
850
4158
3553
4971
785
3596
2406
3067
684
2387
695
3744
2240
2376
4402
2615
4337
4984
723
4507
2928
4033
4808
1800
3627
1653
3223
4249
349
4193
2846
2269
2536
1757
3369
4627
2056
4098
517
4245
1502
3854
3614
110
3567
2481
255
4833
931
2921
1098
1740
1351
2669
2015
218
2644
3513
1608
238
559
1899
272
2181
849
4727
2313
1003
780
3486
774
4111
2848
2048
2887
97
50
808
1096
3945
4190
396
1687
4499
1915
873
4722
2897
554
2283
248
2984
1650
3640
4020
3868
4625
1068
2009
2227
952
3818
3473
2078
298
4769
1035
1931
2523
4913
2427
1785
1524
1932
169
2219
1781
2434
104
728
3956
1387
4049
3946
3193
3989
953
4673
2813
1043
1616
2064
2843
4279
4639
301
1011
3746
1746
2842
2567
4547
2246
1827
3075
2276
2163
710
1116
2111
1146
4830
4122
4387
3127
4777
1385
1244
655
3992
2353
2445
3068
4281
4259
2446
4532
4792
318
4502
2982
2208
1508
869
3806
3758
2621
39
1842
2888
1552
1594
4889
176
3244
1578
2070
4589
1298
2055
404
389
854
3036
3814
3015
4995
3422
3819
749
4653
4818
671
2201
3323
4319
3307
4904
3566
876
3261
4217
4369
4424
2611
2581
1458
131
1998
456
600
1587
4453
1406
1135
2236
322
3466
621
532
2540
1439
676
316
1295
436
360
1716
4626
491
916
3474
4263
4622
1676
2602
2350
629
1224
3516
17
755
978
579
2935
4497
2655
1996
1682
1139
1019
3357
263
1384
2058
4536
4791
1067
3124
2255
1114
1875
1378
1423
1823
2202
649
812
2384
4123
3929
3445
4303
2223
3381
1592
4367
2719
1414
2877
3161
1777
2314
4888
245
1203
691
2792
3512
4315
3242
4038
1021
3409
1279
1152
4270
687
877
3183
775
2206
4663
2242
4037
2132
835
1988
239
1104
3071
4827
1976
2593
281
3599
2990
1075
2053
1812
2266
3283
206
591
445
3184
286
3631
533
2238
4155
1544
4955
497
2632
4987
4481
2768
3773
4620
4857
1806
132
278
2059
1008
3643
327
4834
3683
3384
41
586
3204
1733
4786
60
1717
826
1835
2538
1041
1215
3827
2328
1531
90
1634
2124
1883
3544
1551
3612
1765
781
3859
340
3557
506
1402
3136
4758
3948
4261
285
1583
800
72
1461
3754
4563
964
894
4611
3088
3153
3508
2975
4963
2554
3500
1388
1110
3617
4650
77
4091
3077
4932
3882
3677
599
627
2693
3654
3484
113
1643
454
4167
674
2287
1934
3789
3961
2677
229
1069
893
2817
3097
1085
3459
3329
2401
756
4140
633
4572
2750
531
1459
4346
1713
4950
4930
1469
3210
4992
3177
496
1501
2868
4738
4256
675
2939
4779
1119
3246
4103
3821
3832
2766
2402
753
3872
2147
2513
4519
3005
2556
1266
383
606
1486
3668
4068
4988
729
1824
4428
2121
896
152
250
1702
2422
4778
209
694
2130
2267
821
2285
3386
2342
4234
3154
508
2823
3605
871
782
450
818
1743
490
2360
54
582
4145
1724
487
637
2983
4110
1001
3289
1087
4858
3290
1262
1562
1167
2343
1034
1182
2397
1660
991
290
4956
2566
607
2701
4404
972
4462
1171
4366
4235
4436
2470
3526
712
1555
643
2301
2760
1550
164
4100
926
4872
1984
139
4973
3580
922
2895
2447
1900
509
3317
1654
1455
1214
3044
3494
1190
2415
4156
4097
4885
4403
4159
650
4399
1679
3158
373
1573
4968
2585
1515
3169
1188
1925
3953
4541
2069
129
4551
271
2253
4126
2322
2270
1492
4257
55
688
865
3705
1642
3436
692
595
1404
1408
339
642
3091
2127
4186
1853
1346
444
3062
3469
2665
1891
488
1248
3090
348
799
3182
1994
4030
1006
3764
405
3270
4471
1747
1285
2173
2430
3363
4124
4374
53
1045
1286
2197
2089
460
3117
190
280
2855
193
2610
2560
976
3054
544
4712
2248
2071
4689
584
2471
3337
807
4682
1678
1696
2998
1788
4668
2544
2553
222
4922
2869
4476
4305
1914
126
1222
1750
2504
2149
1209
1225
4711
3241
1176
4066
736
371
40
1301
4503
3493
641
4073
4304
2158
696
3514
2503
168
2950
3519
1400
566
4379
3362
2417
4591
3031
1712
81
4678
3367
409
1429
3464
1440
2511
4293
4021
3982
2388
734
4600
4538
1755
1397
4031
1417
4989
510
1497
3150
3457
3721
1754
420
4847
3339
3345
4562
4268
3912
716
974
4579
4449
4351
4080
2359
906
574
2409
2574
1862
1456
1024
2224
4076
3281
4851
2636
2191
1466
3809
1613
4072
1771
26
236
4466
2829
123
2954
3007
184
2666
3685
4902
3826
1437
2116
3838
4527
2962
2522
4619
3163
1359
3004
769
1575
2305
390
4276
1776
3977
4116
1313
1158
851
2776
4887
1088
3250
2346
1729
1762
2795
4754
28
4401
578
2437
1990
1820
4317
3310
697
1704
185
4680
4164
9
174
944
1657
4701
1582
2451
3216
656
3671
1669
1403
2951
3049
4606
2372
797
3481
2596
2349
1307
1894
3096
416
811
3368
2831
474
525
2146
1170
975
427
3373
1821
3265
4883
2506
116
2363
4463
4187
1002
237
2791
433
3420
1086
3366
3023
3080
2311
1693
4209
3531
878
4608
1325
4479
4199
1942
624
2617
1533
3655
4553
403
2674
2789
1264
4383
135
1566
4460
2767
2796
3523
4824
1183
1427
4219
3959
4023
4260
666
1179
4169
2979
1715
2228
1350
1801
1520
2525
562
4202
38
847
2198
4976
4772
914
4529
1795
4660
3543
4614
1521
3850
2324
2391
3479
4127
2003
89
1089
4690
2
793
4472
2744
4316
4000
512
1910
1302
358
961
1004
4058
1538
1572
2177
2909
2226
4349
622
418
2918
4842
1365
3190
1108
3733
2344
3803
4251
447
3203
188
3487
2468
765
4095
2637
2782
3524
4949
4233
3900
2380
2469
1234
1422
817
4702
1032
2365
4534
3162
845
3973
3441
783
1971
201
1946
3319
341
1760
1247
2306
3415
3724
630
1173
1254
423
4040
4108
2861
406
1115
4935
1975
1815
933
1172
251
2161
3694
4530
919
4726
3046
2784
2241
663
3919
1623
100
3828
300
2325
3174
1433
3736
1871
4825
145
4629
3855
4085
4926
1811
3398
941
2333
3885
4121
2076
211
2141
3361
4178
1027
956
2892
1920
4853
3220
4112
3438
2549
302
112
1644
3555
441
1543
2167
733
2396
2259
2635
1546
4099
4906
3706
4079
3448
1809
3219
2720
1419
3033
2520
761
1372
3521
3715
1463
3258
4239
3714
199
94
2199
48
363
2929
3896
4415
1814
866
1585
735
414
1659
198
4354
1398
1772
1245
1291
3470
2502
3316
4537
4775
1735
3305
4350
87
296
2662
2927
552
4024
4631
4340
3873
2483
4966
4321
2345
4500
2479
2978
246
1604
535
4947
2702
519
3796
2705
3598
4478
3768
2773
109
3865
4059
1758
2337
4013
4566
1155
2234
4708
4243
1246
758
2857
3785
1969
3278
221
4810
943
2118
2822
2403
3222
4897
3852
2989
4504
3480
3299
4691
680
4137
4147
481
3006
4306
585
1680
2833
1233
3559
2454
400
1251
1661
4651
4839
3333
1322
3894
1924
8
1197
2713
4584
3952
3810
3897
3632
2035
3483
2213
950
2108
3025
1710
683
620
2676
3029
689
2216
4948
3935
4440
2500
2487
3862
4433
2258
4592
73
1300
2370
4422
4264
1849
977
3647
1070
1756
1299
2137
4036
1773
4442
4868
1036
1102
985
767
3857
2678
3791
3815
2934
2432
3472
1277
4388
1879
84
2308
4814
3576
2152
4274
754
1153
3748
312
4686
4802
128
4982
2084
2245
4770
4067
722
366
2864
2002
3257
3669
4267
2107
208
2649
1831
297
1013
507
4143
224
2243
4939
4385
2981
3460
214
2711
3843
32
4307
455
3660
205
4800
167
4607
2356
1185
3173
1569
2529
2501
3119
502
4862
4296
4491
4612
3723
2837
63
4979
731
4755
1972
267
1212
1930
1751
612
121
2110
3684
3247
1474
938
3435
4175
108
928
2900
610
1884
2472
2239
2298
3907
1477
2260
3840
3933
1037
968
3011
2584
2151
4272
2725
3452
4294
1275
2537
2088
4647
1528
4458
3262
560
1517
2192
4323
2214
651
3545
4867
1026
3831
1320
2063
1909
3199
4928
539
467
4628
4196
3987
4588
4197
2033
1797
2103
3995
3689
2477
1844
114
1851
1482
738
3279
4119
2622
3280
3143
2268
1136
1287
924
3836
2931
3027
4035
1494
3050
959
3425
3609
4674
2184
4750
125
3192
1184
3650
1962
897
4676
88
3379
3618
141
3695
3331
524
4016
3761
598
4333
4823
4997
2728
3233
3802
983
3492
4864
580
3728
4891
2765
3175
34
1933
2944
1979
3114
4397
91
1626
1196
3447
3205
4695
2515
3259
2364
2879
727
365
4569
4603
3765
1964
4139
2128
4389
4062
3110
3338
1327
2458
3816
4869
1124
2004
2756
3807
1706
3079
4822
4087
2786
4365
275
2687
1738
1033
82
4376
1647
1577
166
1255
3676
2320
1782
2859
4670
2462
4954
2066
3372
2965
357
4978
143
4455
3424
4644
24
1349
2960
289
777
2411
31
3037
2400
2303
4635
4015
1828
4871
2799
542
79
1540
830
4573
4048
706
1243
3260
1370
1091
1959
2200
867
2377
107
3877
422
1293
397
217
1079
4693
2623
1584
2805
4011
3937
1231
3378
46
3887
4521
3234
3026
2169
3775
4633
1907
2519
4909
1866
2043
2460
2634
127
3923
3130
3869
2568
2749
2433
724
1745
3902
1434
3963
1633
1554
602
2290
3454
2689
4405
1467
4898
511
412
1628
3186
4469
2097
2948
1619
4921
368
1861
3753
1324
437
4345
23
3670
1192
1978
4250
1703
175
648
1249
4494
330
1066
2074
118
359
3711
1090
2774
4558
4793
4282
3904
4115
1409
2752
346
1393
2532
2425
892
4398
3710
639
4785
2136
4736
813
4203
1612
2583
569
4684
4561
4593
3771
3275
254
1148
2936
592
2825
2390
2722
4877
1622
4009
1504
2323
3274
2054
4580
395
3056
4517
4185
883
4874
3701
4001
3268
1081
3964
304
2007
1391
1605
1742
2808
1187
2017
3870
2361
3575
3107
2806
1230
4151
768
4683
3020
3471
3371
4940
887
2025
150
392
3726
3708
2207
469
2923
1312
2112
2338
3525
1426
438
605
4767
173
235
2575
3790
2922
784
1319
2024
2482
2914
528
1648
593
4666
2971
3786
3940
3358
1718
2964
4559
1304
2656
1563
3686
4004
2671
3804
771
2179
870
76
2988
3623
4756
594
3160
273
18
2195
3206
419
4616
2672
2516
1961
2465
1890
4332
3934
4958
1691
3518
4010
3061
1589
2450
1000
526
3042
662
1229
3680
2901
4381
3407
1396
332
1681
3583
2185
3918
4662
2414
4852
4661
3065
2187
3286
1631
852
3327
2156
504
2527
2694
2563
1953
372
4157
4012
1852
2827
4747
1227
231
3905
2860
3699
2657
1389
2589
3433
2395
4524
4820
3414
3137
1699
3972
2569
1341
2381
232
2565
2754
2681
4878
1481
3370
1198
331
715
2764
3264
3212
3762
3970
216
2571
647
2351
4050
4938
3760
1730
1957
561
1947
347
3437
3665
2051
4395
4168
3633
4486
3402
3594
4173
1475
3082
3271
394
1048
3488
1258
4053
3781
489
3823
3229
4132
4360
4923
2811
3467
1495
659
891
4828
147
4807
1739
2374
2514
3167
2629
3477
2021
2018
3657
3861
3115
3121
4125
3909
3681
4796
2090
3932
743
249
4417
3269
2347
4799
576
1720
3074
4222
3750
548
2133
951
948
477
2463
3134
1130
3148
1123
1741
1965
522
794
3288
2256
1666
4962
2399
3106
3985
62
875
1955
4996
4832
401
2010
4501
212
858
3767
2100
3086
3597
4278
3202
1935
3235
1636
3787
162
3527
1100
1929
3638
1505
2710
4336
3805
4201
1865
2638
1936
2244
917
4034
4859
996
3336
1867
3716
2140
1836
3863
4468
4568
1950
2026
4322
1239
3135
308
4421
2972
1106
3497
3950
2576
1480
3461
1125
3939
2340
2592
159
4355
3595
3798
1213
4373
4393
61
2917
2435
3364
3213
2300
949
2312
4194
1306
601
4903
4863
2546
3055
2142
2603
2091
3253
3858
4051
4946
4571
2881
2125
3649
2882
4826
421
1157
3129
287
1780
119
2129
619
494
1705
2779
1506
3306
3066
1744
3078
1841
2143
4128
888
3772
2474
3159
4277
4207
2889
3603
2840
1473
1793
4699
2577
1309
1825
3125
4141
3353
1511
4148
1898
2913
1943
2769
1663
3276
4311
343
4512
486
1368
464
1268
1339
4896
4044
1074
4298
3272
2633
4161
2153
4679
3890
632
596
4934
5
2729
1260
1178
3356
1618
628
2995
4985
3730
3679
1490
1259
889
4172
2016
2551
1237
3200
2193
2941
3087
3663
2154
3417
3910
3084
1399
3344
1288
3103
4675
982
3529
1561
625
2000
981
3297
2533
980
4170
443
1770
3931
1294
2658
2373
3582
1722
726
2508
3251
1527
1448
4131
3606
353
3864
1353
3322
3611
3490
1281
1980
4790
3341
2040
3301
2157
1371
1787
3383
4986
3238
2336
4377
1413
1822
4386
1280
4052
1607
1220
2970
549
3118
4461
4886
178
157
2858
4515
3390
1591
1645
1151
4166
381
65
1401
3468
4070
2498
4783
1271
3195
3780
1415
4105
4133
4003
4598
4560
197
2605
4582
4983
2031
1970
4412
1895
252
2949
4041
848
442
515
44
4893
4805
2821
1840
2528
4069
4583
1507
493
2718
4117
350
1471
4493
2851
1354
597
4739
752
4248
547
4549
4880
2521
4556
3451
1117
1382
385
1297
2642
2093
3621
323
4586
1342
2273
228
521
990
2675
2996
2171
4252
4134
4659
3165
4804
3848
2902
4994
2775
3385
3920
120
4700
3628
4183
446
1374
1194
4945
3391
307
2804
3841
686
92
328
4368
4192
3969
64
2912
386
2878
3303
207
57
587
1901
4526
3133
4297
788
930
1014
3178
351
960
337
2264
3277
259
1855
1593
2326
1848
4875
822
763
2489
4599
520
790
1510
1529
1044
762
3585
1736
2699
468
618
342
3188
260
737
2321
3743
2828
4400
311
3958
1954
3410
1673
2408
4752
1252
1941
1535
3777
3359
4081
4309
673
2826
2835
3035
1310
4715
1261
1375
1615
1887
1590
2383
3404
3844
890
759
1876
4380
3140
1731
4467
234
1606
714
1472
2730
1450
4022
4645
3709
796
1721
2180
565
1559
2957
1989
4254
434
1460
1405
1111
3098
1160
2746
3667
846
4498
3602
2394
4347
3795
4760
1985
4843
4771
779
4894
4610
2664
1846
4244
3263
1099
1603
2630
1360
3392
2797
3328
2123
2271
2044
3503
2604
1133
3925
2183
3442
3382
3778
3304
3101
3974
979
2188
4162
258
2812
937
4392
1030
1169
3375
934
3248
3176
2667
4188
1447
1940
1829
2150
1625
4959
379
1763
2976
3666
745
3298
1020
2420
1987
1834
1651
4866
2977
2449
1595
3981
3558
3641
1917
3094
3109
242
4685
3833
4590
1330
2389
3966
429
1688
4488
3491
4648
3112
2819
4544
4845
2863
335
4086
2082
2461
1137
3073
3191
3658
4287
957
2190
1364
3499
2594
4325
4813
3917
2905
3485
721
3126
3315
1799
1564
3842
4555
646
4088
3656
1719
1542
4641
2558
192
1462
2293
2801
836
361
3678
1804
4937
3426
3845
3799
1345
1902
1022
2815
1276
1728
1046
572
4411
1500
1991
42
1336
2717
1908
3243
2854
1786
4042
21
3313
2315
4154
1652
1568
1012
4655
146
3719
203
4
4557
4677
399
3878
3021
3898
3105
4574
1856
4490
3745
4002
986
4435
4204
191
4654
3593
3653
2029
2832
410
33
2539
1570
2608
1600
4378
1893
4253
2967
2762
2476
2335
2724
1485
2601
2700
1451
4025
4990
1107
4925
2296
2552
3938
1381
3916
3285
3294
616
4330
483
1922
2743
4326
1195
2920
1873
2304
4179
2794
4848
3083
1263
4539
466
4876
3573
2443
3456
2392
1377
4225
2588
2716
3793
4910
1039
4884
345
2721
1154
27
3600
1050
3635
4447
1548
3769
1428
4240
2439
1997
2327
2534
3069
3231
160
2334
4936
4697
3928
140
3495
2853
4570
973
513
288
355
4895
802
1289
2073
1478
2217
3829
2274
518
247
2932
1047
2661
1499
2220
2639
615
2174
4567
4768
4474
378
3403
3458
543
4745
3563
3008
1759
2524
523
266
640
1918
863
2526
2291
1995
4531
4801
669
413
2742
3517
608
1790
3389
670
4759
708
2237
35
1843
2991
4039
432
4090
1904
4445
3030
2809
1952
4019
4951
51
4289
2872
2507
2493
3936
999
329
927
2619
2292
3884
3240
3374
165
4308
2041
3255
210
4457
2844
149
2431
1323
3416
3774
4912
299
2398
2204
3232
96
3405
2423
3320
4047
3624
172
4581
958
4334
4210
994
270
880
1911
1912
4101
553
1872
921
4230
1684
4008
47
1292
12
1105
4109
901
4615
4258
2281
3151
1358
4782
352
1927
2452
4114
4762
2695
2924
465
3888
3377
425
2099
1373
829
2189
3014
3017
1321
4613
2541
3001
1576
4533
3394
68
1881
3584
665
428
2407
2751
1238
2535
1635
2386
505
1274
3352
4255
4473
4819
2330
1421
3951
1526
1956
4882
2884
326
910
3547
2607
1512
1992
1601
2232
2736
2691
58
3418
303
1240
717
2956
3312
1966
3776
2075
4543
2570
1208
503
4055
773
1558
4513
1983
2115
2159
376
95
1838
4565
1418
1076
1664
4713
2961
2841
798
148
67
2459
792
1707
1333
581
3675
911
3589
4918
2307
4416
4238
1062
3132
751
3070
4352
1317
2081
918
223
3880
2331
2235
2104
2416
787
1999
1816
4841
74
1017
1522
2182
4743
4587
3742
3343
3691
2254
124
3380
1040
2654
2013
2830
3224
1308
2709
2286
256
1376
834
105
2683
3570
4789
2573
4525
3630
2663
387
583
3718
3284
2032
1367
2646
2225
3439
1143
4358
4957
3578
4331
2696
1993
3943
4637
2777
862
1080
3533
1803
795
2062
4327
2891
1150
324
3976
1063
4265
4672
969
4597
3350
1697
3147
3688
3779
2109
635
3757
4705
4646
1498
4908
336
2357
1435
874
766
1122
2883
3252
4465
1278
4409
2692
1164
3846
3342
4696
3141
4363
2707
1390
967
2316
3146
757
590
4596
2006
37
243
2933
4206
4006
4218
4089
4241
2963
2205
4914
4854
4459
1193
1055
305
4806
462
1837
2367
4944
3340
3449
1670
2247
1061
155
534
1394
556
1204
2748
3196
388
2441
3766
2037
1168
163
3349
3024
1395
3968
1343
1610
4522
2543
2847
4429
3309
4371
3012
3740
2113
1810
2612
861
3637
2733
2943
4669
1958
1007
2011
1118
1235
1649
4929
1906
3586
2798
3712
3245
4720
3131
2659
838
1641
2438
2369
1436
3770
262
2329
4288
181
685
2606
4438
3941
2215
4781
3476
2277
3239
4292
546
1858
1207
1416
2428
631
3376
1813
2919
2404
241
742
3347
2229
1882
603
1779
2497
3579
1525
905
3189
1191
189
4312
2467
2908
356
1380
1094
2094
294
4357
1056
1161
2966
1199
3674
3295
760
3837
4283
2095
133
3236
720
2210
1484
3661
3703
4953
4432
4413
4545
1885
1784
4698
2030
1637
4999
1379
1656
4623
3393
1315
4301
3266
538
4284
2494
2436
3860
3171
2413
3874
4184
2911
1708
4208
703
536
1479
3704
293
4542
4974
4865
1443
2738
4418
857
3063
1005
1052
4408
2595
3180
4448
2358
2647
2212
3698
2005
2046
4665
3009
3043
939
4734
3421
1383
4748
2874
4548
3465
3413
1640
4773
1937
984
4138
2958
2940
1886
636
4907
2114
3914
2545
3325
4220
1596
907
2915
3755
227
2072
99
4434
4375
3903
4266
1084
59
747
1283
4146
321
1509
2067
2986
2925
2160
898
4285
4970
3825
1180
588
514
4370
4092
3947
2974
2708
4765
4212
2426
2495
1112
3619
4861
678
2555
3108
4061
2993
2712
4707
4291
1537
3022
4564
1042
3122
2509
4516
4216
4728
4485
3651
3282
4829
4096
2893
3434
2952
1223
1624
2098
3201
2442
805
4638
4505
264
3292
3881
2597
1250
3482
2824
855
1156
1316
4972
2119
4991
1609
2668
1798
3625
2352
2688
461
2466
4911
1556
1677
4927
1662
3692
2250
435
1545
705
1290
2412
1617
170
638
1127
2429
2866
1352
2613
2457
4063
93
1621
3549
4761
557
4032
4892
4919
1516
3682
2652
4837
3727
3590
3170
4314
2865
3052
2810
1819
3983
3788
884
1671
1778
1632
1945
3998
2561
3949
801
3986
912
3072
1424
1267
3664
1667
4716
2903
2309
4454
2444
3228
4275
313
4942
4812
3408
2117
4704
2484
2222
2096
1166
3622
1454
3332
402
4732
2985
1817
3185
4688
30
3058
2101
1627
3111
4703
182
4174
4803
2378
1794
4757
3813
929
567
1131
1077
1850
2870
3237
117
1331
2008
253
306
2945
2122
4849
2714
1082
4981
3672
3652
614
1163
809
3462
3996
1532
997
3520
4576
1845
1219
16
1530
3423
4056
4961
1847
2876
380
3722
75
3797
4106
1868
98
4578
2038
4492
810
4300
3613
3875
3092
963
4446
4774
3820
4844
2284
4246
4480
1611
2456
1536
2894
1181
2793
882
644
3639
1877
2624
4353
955
295
215
2086
3145
3157
3980
3536
3302
2517
70
2816
3568
3267
3273
2385
334
1620
2803
2660
195
2781
375
4182
4604
2297
1951
2838
2265
3354
1863
2856
484
4065
962
770
3892
2379
4136
4075
4425
4420
4797
2168
4681
3440
3853
1329
2172
4456
3432
3537
2759
3538
478
945
4943
913
2550
1541
4007
1518
4120
2572
4228
1270
1438
3324
3851
3314
4964
2145
1579
4602
4152
1189
3429
1009
3152
719
291
4729
4074
15
3800
2022
1919
3016
1732
4535
2019
4714
3214
1807
4605
279
3662
2579
1269
4130
4717
3978
384
3225
3811
111
3296
180
815
2092
2590
2299
1723
1060
3207
4546
4835
611
2027
3060
3636
3085
2491
2867
1602
1805
3782
3879
4554
3971
3123
1356
2042
4286
2994
4575
1210
194
4694
11
2453
3994
3221
3965
1018
3116
3427
2410
3659
4084
3047
4520
1534
1221
4753
3211
3040
693
903
3463
3839
2209
3871
2753
702
942
4444
3038
4232
1547
4414
3749
3411
204
1272
3179
3018
136
2987
2496
4406
1574
161
2873
750
2785
4508
1097
1581
2818
1766
4290
2670
1109
1859
2755
4741
3999
4509
2164
1071
398
407
1597
4310
3249
725
426
4664
2778
1674
470
2262
3498
2968
2698
744
3100
3957
1464
2772
2382
4656
480
4484
86
3717
473
2542
558
3099
3104
3217
1010
309
177
4998
144
2839
4550
1553
476
4496
3629
2186
4318
1960
4475
1818
3542
459
1228
495
2165
3808
415
3834
3550
3128
1557
3502
1332
4338
153
2640
2871
3893
463
2405
4952
2600
776
1446
4160
2875
3642
954
3784
2175
4658
151
1905
2196
545
1726
1709
2057
1565
4176
1513
2946
2120
1580
29
842
1655
1685
2375
3139
4064
4437
2144
577
741
2800
3560
265
711
2703
4831
681
1658
3365
551
3348
988
4205
3444
3256
4464
3000
452
3926
1686
7
3960
4104
187
2014
1072
947
1211
1226
2628
3501
36
2973
115
3308
179
1888
3591
4295
3817
1514
2641
3010
4879
3539
4149
1792
3215
4900
987
791
2034
3041
22
3019
993
2512
1218
4809
4595
4890
1355
699
2582
946
240
4396
4113
3561
3209
1646
1973
3734
1981
4920
2368
4229
4719
3891
966
4652
2148
4057
1023
3756
902
3752
283
310
589
3455
4514
4960
1839
3081
4915
4005
3889
3997
4313
4721
672
1407
2926
3397
4784
4165
4724
3913
49
4640
3002
899
1764
1808
3991
225
4980
3057
4341
1921
4470
3835
739
626
2261
2079
226
1217
1963
1465
3763
4901
4636
2757
2488
2734
1870
4632
2001
2263
3942
2618
2732
1344
4391
4231
1897
3988
4552
2138
3783
4362
819
3955
804
4271
4247
3847
2012
1410
2275
1201
2899
1586
4657
1567
1200
2886
4226
219
853
3569
704
1129
652
3883
2211
2850
1103
1273
171
1064
408
661
3
1303
3822
2233
1470
2475
1491
1441
843
2505
3334
2362
3048
3194
617
1752
2758
1453
4763
657
3388
2105
3318
1549
2651
3895
3335
4795
2650
101
1769
2907
1126
1334
4967
3737
1939
1425
4029
4382
472
4870
3089
4390
4850
2680
1265
1202
4224
831
377
364
4043
2478
1392
2102
492
3528
3866
1519
3504
3849
2616
1496
575
613
2896
1101
3360
1054
2049
2366
4487
1369
653
841
268
920
3428
3693
2942
2745
682
3634
998
196
2166
2715
2282
2499
4017
4441
4078
4071
1737
1412
3645
2849
1145
3541
3735
4093
4643
1162
3102
80
382
568
1296
3400
1113
3577
362
1692
3522
1560
856
2023
186
20
730
1051
3045
3731
479
3906
3064
4856
4671
1665
4718
374
1725
1802
1711
1903
2510
2052
1311
3554
19
3198
4838
317
3927
2898
1598
3604
4594
4811
3534
4794
14
282
1488
3794
3548
2726
971
3039
3076
4344
4528
3984
257
4735
1689
4211
4439
3648
2904
2783
564
824
1944
1761
1832
2648
860
3208
4430
2580
4142
261
864
4094
4495
3113
3226
4787
4102
2591
4237
3922
1432
2280
1967
156
430
3592
2969
2530
4941
4510
3975
2731
83
1120
315
2737
2083
4356
827
130
3720
3697
4933
43
4609
4855
1668
4335
2704
4764
2421
85
820
274
2723
457
2564
4328
664
909
2937
1165
4410
3406
4242
3824
3197
623
3739
1366
879
3013
4213
1340
1714
3142
3511
1977
1483
4171
1487
2626
3540
78
1338
3546
56
823
3915
1672
3453
3218
344
1833
634
2355
2020
935
2740
3930
1095
3608
66
1175
1053
1869
1442
4273
2955
740
3856
2257
4027
431
1468
2586
3478
333
4419
4163
4740
4107
4177
1826
1874
2959
2609
1314
4215
3326
1236
2930
2557
2126
1949
3993
2770
4423
4709
748
668
4511
4482
4477
1362
3944
844
3287
4836
393
4577
825
4427
2077
2645
3990
2562
2318
1038
1058
325
3355
2218
4617
895
2763
4975
840
3908
3156
2802
1928
367
319
3351
2278
3741
4280
3311
102
2706
3732
989
1857
1767
1073
3876
4372
3387
1031
338
1284
2910
555
4798
134
816
4028
1503
4817
4618
2047
4924
3588
1159
3034
4723
4077
1028
654
789
3616
4426
1796
995
3738
3168
1149
1727
1348
3059
230
3446
677
1029
1430
778
3759
1386
2953
1357
2578
2992
411
1700
45
3291
1539
3144
3572
2788
451
3321
233
3673
1889
4667
6
1926
1523
4642
1830
2780
2464
1361
2060
1774
900
1305
3954
2473
3901
2486
4150
2547
4191
1093
2631
1242
1571
1015
3626
3911
4749
833
2890
4394
2332
3610
1768
2492
3713
3166
3003
732
746
1016
2419
1282
2747
4905
4299
3475
2598
4969
3792
3431
1588
1734
1177
2135
3967
2834
4881
1363
4585
3509
244
828
2627
103
2697
3751
1753
154
137
4751
2531
563
908
4506
1783
3556
2194
3505
3489
269
4223
2050
965
550
1144
814
3921
1694
925
485
2424
501
2548
13
2455
4450
1749
718
4452
3562
1916
2272
764
3093
220
2087
1132
2790
698
1444
3747
3646
2906
4742
2170
3801
2203
1913
3172
3690
4518
142
3581
2139
1025
2685
3530
837
1059
2176
1337
4710
786
2440
52
2727
4026
4725
213
992
4135
1489
2980
4214
1614
1892
2625
2131
4965
3574
4601
1049
4730
1860
2251
1206
2231
707
3164
3138
2620
4083
530
1216
3401
3696
276
4977
2485
1141
667
2178
1253
2036
2916
4407
3300
499
3095
417
1078
3443
658
645
3149
4198
3886
4431
2319
449
4118
4221
609
4200
3899
4840
4687
2252
4348
806
2807
500
4144
2885
2028
4342
2294
4630
1445
1698
5000
