1
2453
2161
1235
371
3143
3093
2839
2444
4207
1881
1861
967
3349
2115
2366
4171
2523
3982
4228
4304
361
2213
4232
2757
4702
3134
3263
3158
605
3277
2780
724
1251
263
4147
3015
1104
544
4916
2382
2971
1946
2005
2856
1283
4596
1498
2369
3451
2364
1627
3385
4163
3228
1081
1019
4758
4001
1098
3900
1269
2047
2686
541
1976
245
4998
445
4470
1435
2593
4380
948
3044
2036
4950
4272
3671
2095
4659
2399
3252
3213
946
3963
809
1071
4378
600
3072
1961
875
3705
3912
3533
2092
4108
1352
279
2990
3971
79
166
85
598
424
3617
2809
4275
847
241
4853
487
711
2433
4452
273
4704
1143
1501
1135
2084
2930
3415
4004
3060
1665
3269
1524
2149
13
3825
2418
4390
2116
2921
1132
199
3788
27
3859
2306
4536
4720
100
2455
4250
2080
908
545
4827
1654
3729
2823
1706
1252
4811
3836
1658
1793
880
8
3895
4982
4140
556
1341
1759
2341
2891
3603
461
2262
2845
4973
3846
4405
2202
2105
3679
1592
1386
2255
3578
3016
4184
1624
2649
1921
4040
3386
4612
2380
4667
3476
675
2153
504
3853
2468
1770
3751
386
2057
3758
1277
723
558
678
989
1829
4716
464
874
4449
4092
1801
41
4273
1883
1161
783
3133
3326
970
306
1528
4665
2716
1442
3316
1176
2081
4489
2701
121
2011
3492
380
4590
36
1573
83
1570
1803
4914
680
2901
3482
2976
2052
2362
3553
2014
1021
3007
3392
957
971
2387
2505
1270
3606
164
1629
1232
114
1378
2197
460
2646
894
806
2276
2876
4589
4154
781
1953
530
2374
286
4257
1186
1866
2331
4991
740
2488
4352
3646
3837
3341
4227
4367
4094
1600
1726
2385
1514
726
1888
3525
3534
2447
674
4646
1472
3484
2342
4197
3117
3981
3746
473
3795
2788
2032
4409
339
1974
4392
3039
3402
3975
2069
1162
1760
4778
2127
290
3595
648
1967
1328
2163
548
984
2144
803
656
3423
4538
3677
2791
1180
653
2436
305
4523
352
1705
2792
1649
3081
4065
4495
1609
878
4188
4868
2945
4186
1668
646
1782
1771
3493
4562
2254
4089
2414
694
107
1925
750
3608
4863
2054
4276
4031
4142
4477
1690
4135
645
729
1421
4805
3065
567
2124
4274
4958
2789
902
3306
4855
3073
1983
3816
1092
4527
242
3757
3004
2977
2814
2581
1891
4579
1476
2859
3665
1279
4951
3720
3516
1248
1045
2557
120
2524
3824
4825
4157
231
2660
3898
1300
2804
493
4785
3892
1086
1907
184
1693
4181
2347
3266
3786
1676
206
2799
1633
2610
4494
68
3512
1666
169
868
3295
4639
474
4918
2897
3183
4351
4629
427
4415
1372
560
3139
621
1484
2412
3713
614
1733
4539
3336
1754
84
2640
4658
3793
2208
4696
2122
2793
2244
2732
930
1344
1217
663
3688
2616
4391
215
4166
4455
3184
2698
2662
2407
1645
4234
3586
4498
949
1475
788
2692
4644
2563
4333
1129
2846
2689
2694
2162
4894
1284
633
3845
3856
2373
3811
1796
1636
1237
2476
2346
2252
3706
1444
2512
3177
4219
1123
1669
308
2543
2952
3630
3001
1642
1261
1519
18
3543
3937
1699
3888
2578
3800
2078
682
1648
2941
3202
1238
1965
2200
2224
4899
4849
825
4213
1667
1208
2641
1403
1226
615
3618
2983
1673
3801
4648
1635
2579
1758
523
4692
2731
2251
394
4233
4173
1181
198
2102
2300
4708
1465
15
2463
3379
4099
3547
2184
4787
517
897
1720
4988
417
738
536
2460
3400
4747
1474
2556
933
3660
385
4949
1324
3991
3222
335
3421
2966
2637
595
4782
1933
3022
310
497
1892
235
1085
3663
392
4652
2340
3613
3712
687
4709
2954
1768
3261
4688
2417
4208
4387
4490
3171
3157
1986
4888
993
1462
1968
4146
1540
284
309
3838
2583
458
1541
2639
4045
415
4614
3928
4448
755
483
2929
3208
3043
4781
1740
225
2622
924
3527
2389
2225
2679
2676
2168
1185
3502
4223
4580
332
2191
1079
2210
2938
1594
1777
2012
39
2217
3381
3350
3893
4280
3903
2067
3100
2642
77
731
905
4087
965
1404
1554
2661
2271
3479
398
2194
4974
4705
1178
927
2272
467
4638
1798
848
4190
2560
469
3655
3814
1256
4262
1287
4069
3440
941
397
4205
3566
903
4404
1638
3925
3872
2924
4131
4315
1791
436
1952
4083
2211
2956
3620
2664
3891
295
82
3036
1870
4497
4436
907
1852
2984
3992
3694
1133
4911
3120
3098
434
904
2275
3034
294
4791
336
1893
2733
364
4604
170
115
4678
527
3764
3243
1011
1490
4926
3754
2246
3393
4564
1579
2508
2962
3753
3383
3311
3077
3018
4296
3930
3170
4524
3480
3074
3531
3813
3812
4334
4468
671
1915
468
955
1032
1797
3579
2919
1342
2519
4211
2392
2537
426
3568
863
4450
2305
1880
1660
151
2943
2238
3283
1835
2242
4672
4263
3748
3466
1438
4727
4858
4486
644
1855
1015
127
918
1114
2935
819
2703
1966
1425
4488
550
2623
4675
1607
1589
3651
3612
3236
3464
1150
4036
3114
4402
4277
4616
4129
1441
843
3104
4340
4518
937
2093
1458
3636
4664
1285
3079
2801
3528
2472
4760
1280
90
350
2759
2205
2307
2526
4559
1023
4886
1882
1113
3652
4128
3675
6
3387
1930
3726
4751
3994
3087
261
911
1031
1860
1221
2273
899
2462
3899
870
1751
4889
3998
2045
2749
4687
4029
3357
3390
2987
3848
915
2910
2165
2439
4095
2138
3684
442
4602
3279
1755
4728
2852
2687
322
4923
2657
2752
4613
3890
1144
1655
4999
4631
4212
1460
3027
288
1068
1769
2584
2531
1227
2665
1083
3050
4226
2821
4661
561
4637
2031
4599
2866
4480
4430
4035
254
1695
4202
657
4565
4586
3877
285
3933
3861
1009
873
565
4371
317
1717
1593
1212
3570
4917
1295
691
2489
4609
1557
1620
1216
3267
1090
44
3304
4844
1043
3162
4601
3497
31
2737
2286
2464
4033
3537
419
601
1898
4987
3397
976
766
3112
3368
1694
940
670
1436
3989
1000
2183
1059
4465
3682
4038
4291
1680
4598
3169
926
587
1714
249
1151
4522
4544
4673
859
4503
4245
1429
796
982
4515
765
622
2120
3432
2773
1408
72
3734
1290
1499
4928
585
4161
1125
2502
2817
1698
4621
2730
2816
2617
3946
94
575
3614
4403
4258
3594
2697
842
3993
172
650
35
1107
338
4136
334
3828
4242
3433
4878
1820
2647
1253
2333
1704
995
2592
2090
953
2784
3494
3061
2828
3972
3293
4542
1932
3462
1945
3923
4266
2235
3340
388
1651
3869
4686
3076
3201
3882
1128
1685
4841
4421
4493
224
4435
399
3290
4429
3587
1535
3271
2019
1034
4337
2310
299
3248
3223
229
2316
3936
2440
4745
255
1509
2720
2018
3384
1291
4139
3450
4
706
1823
2482
1602
522
4051
1679
228
1504
4017
22
2580
1396
348
4159
2475
137
340
2590
4871
1917
805
505
272
4500
2185
3875
4729
4417
4906
187
269
2478
3472
3967
1984
244
2704
2416
3457
4179
4843
193
368
2086
1010
2948
3395
3221
813
2405
267
4180
3465
697
4514
665
2870
4115
4126
3597
1338
1020
5
3443
3407
2221
2292
3524
4124
274
1370
3165
227
328
54
3325
1333
1646
2388
3013
4814
1731
2119
3238
2114
768
3791
867
4933
2423
4546
912
3298
3011
2690
2705
3542
270
4993
455
1210
2626
679
4530
4088
3254
1576
3552
3445
4794
4394
425
256
1350
1597
3455
1055
557
4162
222
1379
701
2548
611
402
2772
2140
163
3551
2006
4846
2351
4471
2370
1294
2672
4693
910
484
834
1683
4578
4365
357
2561
3241
2143
535
1069
3763
495
1767
2898
1539
1612
4721
2303
514
866
3348
2337
4469
4000
3762
175
871
2378
277
2420
2159
4634
3089
3673
3442
2128
4900
1025
3779
3954
1800
2917
3820
2912
70
1487
2826
2562
1745
3941
3686
4884
457
920
716
3115
1187
4329
3884
3509
1978
1985
2609
4327
2550
936
3979
1608
14
956
456
3334
2146
2400
1765
616
2718
1375
3826
753
326
1526
4942
10
2209
1802
1561
1473
2216
366
4765
4770
4256
2882
3874
1941
2484
1493
80
1432
4301
2959
2586
19
3703
4464
3218
2044
3307
1380
1357
858
2974
3711
3247
433
3099
3995
1545
4535
3519
3082
2965
3693
3744
3481
3095
666
3584
232
1428
597
2611
1821
2228
3038
4887
3425
3634
4386
2527
3938
4024
3189
3413
531
1936
4994
4948
2350
3796
2335
2356
56
2702
4475
2027
4505
1997
3127
3049
1030
4719
3470
1268
1725
4633
4348
1364
2358
4289
888
4306
3185
3085
1374
3548
4467
1682
2029
1211
43
4328
795
563
2909
1312
1430
2858
3090
3626
1156
4902
382
3249
4418
2761
1788
983
4055
2226
3116
2002
952
42
1331
1581
3987
690
4800
777
2326
1783
2855
2100
358
4501
2659
4114
3148
4650
384
2758
1844
391
2779
1146
2302
2957
2491
3558
582
103
4761
4041
2996
2589
2770
4842
2429
4414
3366
500
2427
93
3378
2536
3324
4558
1354
2601
3025
2975
1073
488
60
1723
2365
1960
2199
4261
641
1988
2953
3517
2010
2595
1750
250
3491
1534
1158
791
4804
466
3656
634
4592
1222
4462
1448
375
1360
1773
396
355
529
2663
4278
3265
1369
640
872
1502
3641
3071
3805
4446
2073
4358
1228
2008
1271
685
3003
772
2150
4771
3483
3067
369
1391
4085
2911
1148
4081
2020
3917
4377
1308
3775
4701
3399
2015
3894
4975
4663
354
216
1954
2653
4822
3121
4425
4965
3035
4060
2154
2604
1896
4014
4617
704
974
1711
3604
2223
3704
4209
624
1643
2368
3360
2964
4967
966
2902
540
2059
1093
2445
887
4420
412
259
1405
2264
3006
962
551
2308
4736
1303
3983
814
264
226
78
3857
1200
3952
660
1317
1879
2321
511
4200
1399
3956
681
1168
55
1298
3619
4321
4294
1572
4943
797
906
3477
207
4608
439
1584
833
1339
2762
4925
2782
4895
2035
4954
2754
494
3033
3765
4178
3258
23
3926
2565
1434
2833
2813
4557
4622
4259
1049
1895
1819
1742
1450
4985
221
662
1890
593
331
4605
2499
2695
3640
799
212
4829
3262
538
1075
4003
4076
3592
2873
2709
816
553
1689
555
3398
778
3135
3278
4248
2101
3209
3128
800
3944
746
1864
4341
75
2268
145
1230
3303
4615
45
289
3520
2973
1785
3329
3363
403
3315
4297
532
3478
1962
2723
2459
4012
2219
4056
4410
4037
1173
1398
3489
3203
1040
4642
2001
572
4584
698
836
3019
4877
188
395
3240
3496
1067
3657
4453
1580
3535
4769
2277
2904
4964
3999
4632
2391
2933
4762
2797
1909
4376
3337
2198
3422
695
2514
520
178
1741
3426
3843
664
2363
2567
1812
3138
2088
3356
3435
844
4936
4023
4216
2939
1004
4876
2680
2083
3821
972
3163
4338
3648
4282
689
4690
3557
3389
2409
498
2934
4840
1089
3538
3205
3486
2371
3292
4941
606
2182
4249
773
1675
2151
1376
3396
25
4970
3009
3273
213
2818
4326
2025
2670
3485
886
4819
2061
4743
4717
4413
1097
3767
3624
4084
2212
1919
3759
909
4711
2769
3404
1220
3046
204
3841
3064
822
1008
2094
2515
3695
1672
2066
4299
883
4100
2135
4913
607
1701
320
88
2510
1568
3896
3204
649
3911
1549
823
3860
2907
1437
2174
4620
1939
1991
2304
748
1505
1616
2614
2175
2691
3664
2456
4101
1315
2431
3724
2868
2763
491
4150
1207
1489
583
3255
3862
3282
986
266
3301
2509
2721
4577
1603
141
2615
2134
4944
3285
1815
1846
2452
293
3598
1003
1792
4718
786
3118
4110
1640
658
3468
2013
1650
401
954
4093
509
2713
3343
3914
776
506
2091
2354
2979
50
1266
2421
3931
234
1050
1644
4437
2451
3131
1938
1477
276
1100
592
917
3460
2790
156
3174
3264
3580
4116
4697
4904
2291
2295
2635
4122
3731
3698
668
3522
1956
2422
4182
2110
2566
2719
1486
1567
4346
2353
2318
1029
840
3253
4839
1639
2229
3487
2030
1778
2177
1488
2805
1923
838
2232
1903
4151
925
1850
1563
3633
4627
992
839
4407
2050
2992
1537
3865
4893
2241
2525
717
1818
157
1267
642
900
725
38
1836
3625
1478
1905
4730
370
3563
236
65
2677
1657
4206
1091
2783
4362
4039
3950
2250
2989
3974
942
3685
3787
2450
4793
2024
4194
608
496
4466
1550
4713
1309
4915
3681
3151
2940
3130
1384
4624
3300
1661
3063
846
1582
751
2398
1886
1329
677
3627
1746
2258
589
4850
64
262
1707
117
4381
2076
4838
4499
849
1109
2028
1026
3544
4857
1774
1424
2070
454
3014
4783
2401
1889
3589
3207
629
4504
1455
4817
1738
4953
865
4585
323
4532
2296
449
3092
81
346
4286
1977
1056
2920
2520
3299
4314
2038
1206
3976
1856
1566
4319
921
4698
2532
4723
2574
1958
1236
2629
343
1401
2471
2108
1619
1258
2836
2034
2171
4960
3690
4164
3920
2668
3364
2243
3736
437
465
3373
1292
2359
3560
2239
106
3755
2178
191
4653
4400
4864
3733
3562
1440
4836
113
1064
619
576
1786
2619
519
1869
3012
2684
3416
1152
2630
1418
742
2875
3798
132
2981
3575
744
3678
4636
862
997
2982
760
512
1491
4174
3997
247
3124
3037
1167
2288
2722
1355
1641
718
2007
314
4059
672
513
4397
747
3458
3827
3156
1363
389
3536
37
3849
737
3554
3107
1126
2085
124
3382
2330
1035
2865
1523
3289
980
1562
4677
3084
2944
98
3406
4540
4048
1191
3886
542
801
977
4519
1466
2980
877
2656
735
3934
3919
2796
1924
1916
4807
4177
4105
278
2795
2958
3182
1410
1416
2379
4618
4214
4119
3540
4318
3147
4812
48
785
4545
3444
2895
2285
97
4908
131
4983
1542
1302
3879
4890
3101
570
4882
4801
2643
2879
2970
150
770
4198
1195
1963
2320
964
1587
143
2009
4929
4285
1854
1259
4506
3996
4802
2176
2706
482
1942
3211
316
960
2233
3772
20
4835
3907
3902
3833
1876
850
525
1538
2393
958
3783
2297
2573
4703
4431
754
1887
3840
2495
3237
2669
4574
3338
3699
414
1346
625
3883
959
260
2294
1288
3966
134
3549
4796
516
1061
3239
1495
71
568
292
3372
89
831
2490
3002
4619
3257
4379
4820
998
1998
3145
3955
365
547
4517
2951
3776
3344
1828
3227
602
4976
4447
2470
1551
2501
739
817
451
2193
4694
2923
167
3842
3569
4411
4870
11
1471
3110
4737
1242
4737
3110
1471
11
4870
4411
3569
3842
167
2923
4694
2193
451
817
739
2501
1551
2470
4447
4976
602
3227
1828
3344
3776
2951
4517
547
365
3955
3145
1998
998
4820
4379
3257
4619
3002
2490
831
89
3372
292
568
71
1495
3239
1061
516
4796
3549
134
3966
1288
2294
260
959
3883
625
1346
414
3699
3338
4574
2669
3237
2495
3840
1887
754
4431
4703
2573
2297
3783
958
2393
1538
525
850
1876
3833
3902
3907
4835
20
3772
2233
960
316
3211
1942
482
2706
2176
4802
3996
4506
1259
1854
4285
4929
2009
143
1587
964
2320
1963
1195
4198
770
150
2970
2879
2643
4801
4882
570
3101
4890
3879
1302
1542
4983
131
4908
97
2285
2895
3444
4545
785
48
4812
3147
4318
3540
4119
4214
4618
2379
1416
1410
3182
2958
2795
278
4105
4177
4807
1916
1924
2796
3919
3934
735
2656
877
2980
1466
4519
977
801
542
3886
1191
4048
4540
3406
98
2944
3084
4677
1562
980
3289
1523
2865
1035
2330
3382
124
2085
1126
3107
3554
737
3849
37
3536
389
1363
3156
3827
3458
747
4397
513
672
4059
314
2007
718
1641
1355
2722
2288
1167
3037
3124
247
3997
4174
1491
512
760
2982
997
862
4636
3678
744
3575
2981
132
3798
2875
742
1418
2630
1152
3416
2684
3012
1869
519
2619
1786
576
619
1064
113
4836
1440
3562
3733
4864
4400
4653
191
2178
3755
106
2239
3560
2359
1292
3373
465
437
3736
2243
3364
2668
3920
4164
3690
4960
2171
2034
2836
1258
1619
2108
2471
1401
343
2629
1236
1958
2574
4723
2532
4698
921
4319
1566
1856
3976
1206
2038
4314
3299
2520
2920
1056
1977
4286
346
81
3092
449
2296
4532
323
4585
865
4953
1738
4817
1455
4504
629
3207
3589
1889
2401
4783
3014
454
2070
1424
1774
4857
3544
1026
2028
1109
849
4499
4838
2076
4381
117
1707
262
64
4850
589
2258
1746
3627
677
1329
1886
2398
751
1582
846
3063
1661
3300
4624
1384
3130
2940
3151
3681
4915
1309
4713
1550
4466
496
608
4194
2024
4793
2450
3787
3685
942
3974
2989
2250
3950
4039
4362
2783
1091
4206
1657
2677
65
236
3563
370
4730
1905
1478
3625
1836
38
725
900
642
1267
157
1818
717
2525
2241
4893
3865
1537
2992
2050
4407
839
992
4627
3633
1563
1850
925
4151
1903
2232
838
1923
2805
1488
2177
1778
2030
3487
2229
1639
4839
3253
840
1029
2318
2353
4346
1567
1486
2719
2566
2110
4182
2422
1956
3522
668
3698
3731
4122
2635
2295
2291
4904
4697
4116
3580
3264
3174
156
2790
3460
917
592
1100
276
1477
1938
3131
2451
4437
1644
1050
234
3931
2421
1266
50
2979
2354
2091
506
776
3914
3343
2713
509
4093
954
401
1650
2013
3468
658
1640
4110
3118
786
4718
1792
1003
3598
293
2452
1846
1815
3285
4944
2134
2615
141
1603
4577
2721
2509
3301
266
986
3282
3862
3255
583
1489
1207
4150
491
2763
2868
3724
2431
1315
4101
2456
3664
2691
2175
2614
1616
1505
748
2304
1991
1939
4620
2174
1437
2907
3860
823
1549
3911
649
3204
3896
1568
2510
88
320
1701
607
4913
2135
4100
883
4299
2066
1672
3695
2515
2094
1008
822
3064
3841
204
3046
1220
3404
2769
4711
909
3759
1919
2212
4084
3624
3767
1097
4413
4717
4743
2061
4819
886
3485
2670
2025
4326
2818
213
3273
3009
4970
25
3396
1376
2151
1675
773
4249
2182
606
4941
3292
2371
3486
3205
3538
1089
4840
2934
498
2409
3389
3557
4690
689
4282
3648
4338
3163
972
3821
2083
2680
4876
1004
2939
4216
4023
4936
844
3435
3356
2088
3138
1812
2567
2363
664
3843
3426
1741
178
520
2514
695
3422
2198
3337
4376
1909
2797
4762
2933
2391
4632
3999
4964
2904
2277
4769
3535
1580
4453
3657
1067
3496
3240
395
188
4877
3019
836
698
4584
572
2001
4642
1040
3203
3489
1398
1173
4037
4410
4056
2219
4012
2459
2723
1962
3478
532
4297
3315
403
3363
3329
1785
2973
3520
289
45
4615
3303
1230
145
2268
75
4341
1864
746
3944
800
3128
3209
2101
4248
3278
3135
778
3398
555
1689
553
816
2709
2873
3592
4076
4003
1075
538
3262
4829
212
799
3640
2695
2499
4605
331
593
1890
662
221
4985
1450
1742
1819
1895
1049
4259
4622
4557
2813
2833
1434
2565
3926
23
3258
4178
3765
3033
494
2754
4954
2035
4895
2782
4925
2762
1339
833
1584
439
4608
207
3477
906
797
4943
1572
4294
4321
3619
1298
55
1168
681
3956
1399
4200
511
2321
1879
1317
660
3952
1200
3857
78
226
264
814
3983
1303
4736
2308
551
962
3006
2264
1405
259
412
4420
887
2445
1093
2059
540
2902
966
4967
2964
3360
2368
1643
624
4209
3704
2223
3604
1711
974
704
4617
4014
1896
2604
2154
4060
3035
4965
4425
3121
4822
2653
1954
216
354
4663
4975
3894
2015
3399
4701
3775
1308
4377
3917
2020
4081
1148
2911
4085
1391
369
3067
3483
4771
2150
772
3003
685
1271
2008
1228
4358
2073
4446
3805
3071
3641
1502
872
640
1369
3265
4278
2663
529
355
396
1773
1360
375
1448
4462
1222
4592
634
3656
466
4804
791
1158
1534
3491
250
1750
2595
2010
3517
2953
1988
641
4261
2199
1960
2365
1723
60
488
1073
2975
3025
2601
1354
4558
3324
2536
3378
93
2427
500
3366
4414
2429
4842
2770
2589
2996
4041
4761
103
582
3558
2491
2957
2302
1146
2779
391
1844
2758
384
4650
3148
4114
2659
4501
358
2100
2855
1783
2326
777
4800
690
3987
1581
1331
42
952
2002
3116
2226
4055
983
1788
2761
4418
3249
382
4902
1156
3626
3090
2858
1430
1312
2909
563
795
4328
43
1211
2029
1682
4467
3548
1374
3085
3185
4306
888
4289
2358
1364
4348
4633
1725
1268
3470
4719
1030
3049
3127
1997
4505
2027
4475
2702
56
2356
2335
3796
2350
4948
4994
1936
531
3413
3189
4024
3938
2527
4386
3634
3425
4887
3038
2228
1821
2611
597
1428
232
3584
666
3095
3481
3744
3693
2965
3082
3519
4535
1545
3995
3099
433
3247
3711
2974
858
1357
1380
3307
2044
3218
4464
3703
19
2586
2959
4301
1432
80
1493
2484
1941
3874
2882
4256
4770
4765
366
2216
1473
1561
1802
2209
10
4942
1526
326
753
3826
1375
2718
616
1765
2400
2146
3334
456
956
14
1608
3979
936
2550
4327
2609
1985
1978
3509
3884
4329
1187
3115
716
920
457
4884
3686
3941
1745
2562
2826
1487
70
2912
3820
2917
1800
3954
3779
1025
4900
2128
3442
3673
3089
4634
2159
2420
277
2378
871
175
3762
4000
4469
2337
3348
866
514
2303
4721
1612
1539
2898
1767
495
3763
1069
535
2143
3241
2561
357
4365
4578
1683
834
484
910
4693
2672
1294
2370
4471
2351
4846
2006
3551
163
2140
2772
402
611
2548
701
1379
222
4162
557
1055
3455
1597
1350
256
425
4394
4794
3445
3552
1576
3254
4088
4530
679
2626
1210
455
4993
270
3542
2705
2690
3011
3298
912
4546
2423
4933
867
3791
768
2114
3238
2119
1731
4814
3013
2388
1646
1333
3325
54
328
227
3165
1370
274
4124
3524
2292
2221
3407
3443
5
1020
1338
3597
4126
4115
2870
665
4514
697
3465
4180
267
2405
813
3221
3395
2948
1010
2086
368
193
4843
4179
3457
2416
2704
244
1984
3967
3472
2478
269
187
4906
4417
4729
3875
2185
4500
272
505
805
1917
4871
2590
340
137
2475
4159
348
1396
2580
22
4017
1504
228
1679
4051
522
1602
2482
1823
706
4
3450
4139
1291
3384
2018
2720
1509
255
4745
2440
3936
2316
229
3223
3248
299
2310
4337
1034
2019
3271
1535
3587
4429
3290
399
4435
224
4493
4421
4841
1685
1128
3882
3201
3076
4686
3869
1651
388
3340
2235
4266
3923
1945
3462
1932
4542
3293
3972
2828
3061
3494
2784
953
2090
2592
995
1704
2333
1253
2647
1820
4878
3433
4242
3828
334
4136
338
1107
35
650
172
3993
842
2697
3594
4258
4403
3614
575
94
3946
2617
2816
2730
4621
1698
2817
2502
1125
4161
585
4928
1499
1290
3734
72
1408
2773
3432
2120
622
765
4515
982
796
1429
4245
4503
859
4673
4544
4522
1151
249
1714
587
926
3169
4598
1680
4291
4038
3682
4465
1059
2183
1000
3989
1436
670
940
1694
3368
3112
766
976
3397
4987
1898
601
419
3537
4033
2464
2286
2737
31
3497
4601
3162
1043
4844
3304
44
1090
3267
1216
1620
1557
4609
2489
691
1295
4917
3570
1212
1593
1717
317
4371
565
873
1009
3861
3933
285
3877
4586
4565
657
4202
1695
254
4035
4430
4480
2866
4599
2031
4637
561
4661
2821
4226
3050
1083
2665
1227
2531
2584
1769
1068
288
3027
1460
4212
4631
4999
1655
1144
3890
4613
2752
2657
4923
322
2687
2852
4728
1755
3279
4602
442
3684
2138
4095
2439
2165
2910
915
3848
2987
3390
3357
4029
4687
2749
2045
3998
4889
1751
870
3899
2462
899
2273
1221
1860
1031
911
261
3087
3994
4751
3726
1930
3387
6
3675
4128
3652
1113
1882
4886
1023
4559
2526
2307
2205
2759
350
90
1280
4760
2472
3528
2801
3079
1285
4664
3636
1458
2093
937
4518
4340
3104
843
1441
4129
4616
4277
4402
3114
4036
1150
3464
3236
3612
3651
1589
1607
4675
2623
550
4488
1425
1966
2703
819
2935
1114
918
127
1015
1855
644
4486
4858
4727
1438
3466
3748
4263
4672
2242
1835
3283
2238
2943
151
1660
1880
2305
4450
863
3568
426
2537
2392
4211
2519
1342
2919
3579
1797
1032
955
468
1915
671
4468
4334
3812
3813
3531
3074
3480
4524
3170
3930
4296
3018
3077
3311
3383
3753
2962
2508
1579
4564
3393
2246
3754
4926
1490
1011
3243
3764
527
4678
115
170
4604
364
2733
1893
336
4791
294
3034
2275
904
434
3098
3120
4911
1133
3694
3992
2984
1852
907
4436
4497
1870
3036
82
295
3891
2664
3620
2956
2211
4083
1952
436
1791
4315
4131
2924
3872
3925
1638
4404
903
3566
4205
397
941
3440
4069
1287
4262
1256
3814
3655
469
2560
4190
848
1798
4638
467
2272
927
1178
4705
4974
2194
398
3479
2271
2661
1554
1404
965
4087
905
731
77
2642
3100
2067
3903
4280
3893
3350
3381
2217
39
2012
1777
1594
2938
2210
1079
2191
332
4580
4223
3502
1185
2168
2676
2679
2225
2389
3527
924
2622
225
1740
4781
3043
3208
2929
483
755
4448
3928
4614
415
4045
2639
1541
458
2583
3838
309
284
1540
4146
1968
1462
993
4888
1986
3157
3171
4490
4387
4208
2417
4688
3261
1768
2954
4709
687
3712
3613
2340
4652
392
3663
1085
235
1892
497
310
3022
1933
4782
595
2637
2966
3421
335
3222
3991
1324
4949
385
3660
933
2556
1474
4747
3400
2460
536
738
417
4988
1720
897
517
4787
2184
3547
4099
3379
2463
15
1465
4708
2300
2102
198
1181
4173
4233
394
2251
2731
4692
523
1758
2579
1635
4648
3801
1673
2983
3618
615
1226
1403
2641
1208
1667
4213
825
4849
4899
2224
2200
1965
1238
3202
2941
1648
682
2078
3800
2578
3888
1699
3937
3543
18
1519
1261
1642
3001
3630
2952
2543
308
1669
1123
4219
3177
2512
1444
3706
2252
2346
2476
1237
1636
1796
3811
2373
3856
3845
633
1284
4894
2162
2694
2689
2846
1129
4333
2563
4644
2692
788
1475
949
4498
3586
4234
1645
2407
2662
2698
3184
4455
4166
215
4391
2616
3688
663
1217
1344
930
2732
2244
2793
2122
4696
2208
3793
4658
2640
84
1754
3336
4539
1733
614
3713
2412
1484
621
3139
560
1372
4415
427
4629
4351
3183
2897
4918
474
4639
3295
868
169
1666
3512
68
4494
2610
1633
2799
206
1676
3786
3266
2347
4181
1693
184
1907
1086
3892
4785
493
2804
1300
3898
2660
231
4157
4825
3824
2524
120
2557
1045
1248
3516
3720
4951
1279
3665
2859
1476
4579
1891
2581
2814
2977
3004
3757
242
4527
1092
3816
1983
3073
4855
3306
902
2789
4958
4274
2124
567
3065
4805
1421
729
645
4135
1690
4477
4142
4031
4276
2054
4863
3608
750
1925
107
694
2414
4089
2254
4562
3493
1771
1782
646
1668
4186
2945
4868
4188
878
1609
4495
4065
3081
1649
2792
1705
352
4523
305
2436
653
1180
2791
3677
4538
3423
656
803
2144
984
548
2163
1328
1967
648
3595
290
2127
4778
1760
1162
2069
3975
3402
3039
4392
1974
339
4409
2032
2788
3795
473
3746
3981
3117
4197
2342
3484
1472
4646
674
2447
3534
3525
1888
726
1514
2385
1726
1600
4094
4367
4227
3341
3837
3646
4352
2488
740
4991
2331
1866
1186
4257
286
2374
530
1953
781
4154
4589
2876
2276
806
894
2646
460
2197
1378
114
1232
1629
164
3606
1270
2505
2387
971
957
3392
3007
1021
2014
3553
2362
2052
2976
3482
2901
680
4914
1803
1570
83
1573
36
4590
380
3492
2011
121
2701
4489
2081
1176
3316
1442
2716
4665
1528
306
970
3326
3133
783
1161
1883
4273
41
1801
4092
4449
874
464
4716
1829
989
678
558
723
1277
3758
2057
386
3751
1770
2468
3853
504
2153
675
3476
4667
2380
4612
3386
4040
1921
2649
1624
4184
3016
3578
2255
1386
1592
3679
2105
2202
4405
3846
4973
2845
2262
461
3603
2891
2341
1759
1341
556
4140
4982
3895
8
880
1793
1658
3836
4811
1252
1706
2823
3729
1654
4827
545
908
2080
4250
2455
100
4720
4536
2306
3859
27
3788
199
1132
2921
2116
4390
2418
3825
13
2149
1524
3269
1665
3060
4004
3415
2930
2084
1135
1501
1143
4704
273
4452
2433
711
487
4853
241
847
4275
2809
3617
424
598
85
166
79
3971
2990
279
1352
4108
2092
3533
3912
3705
875
1961
3072
600
4378
1071
809
3963
946
3213
3252
2399
4659
2095
3671
4272
4950
2036
3044
948
4380
2593
1435
4470
445
4998
245
1976
541
2686
2047
1269
3900
1098
4001
4758
1019
1081
3228
4163
3385
1627
2364
3451
2369
1498
4596
1283
2856
2005
1946
2971
2382
4916
544
1104
3015
4147
263
1251
724
2780
3277
605
3158
3263
3134
4702
2757
4232
2213
361
4304
4228
3982
2523
4171
2366
2115
3349
967
1861
1881
4207
2444
2839
3093
3143
371
1235
2161
2453
1
3637
4395
638
101
2739
1816
1784
4553
4516
3500
477
1990
618
1063
4454
4062
4007
1926
3571
811
4533
2397
3610
2755
4049
4217
2533
125
2357
3417
655
702
2269
987
1118
569
3510
1601
3611
2345
4172
1556
2914
393
3916
3722
4002
3878
3696
2424
1485
4685
2129
832
2993
1451
727
447
3647
4264
2139
3742
4078
49
3977
4106
2819
821
1044
1106
1101
1822
1732
3854
3591
2187
2367
192
1555
409
3190
1884
2864
1761
4816
4237
4773
4350
510
3784
4132
931
3803
2777
4739
1426
4774
318
1340
1229
76
1853
4193
4073
610
3200
1795
1700
3129
223
4224
2699
196
4026
562
683
2148
4125
4625
3490
761
2632
2247
4959
4134
2961
197
1497
472
1175
2461
2683
24
4145
1347
230
4123
3940
329
2098
2881
4528
1368
4920
4426
2103
3573
312
1931
4229
337
1348
4554
2113
347
351
3756
1721
303
1885
3059
2612
2314
4018
2937
205
2442
2688
2835
1530
1862
2315
1729
1452
4788
1918
220
2261
1902
4330
211
3149
4459
2227
58
1028
208
2419
4511
4096
730
923
669
3449
3086
1225
3550
1574
3377
4366
736
4588
2435
3419
3880
3752
3730
968
3362
1922
588
2587
3048
4971
2516
4046
591
4422
1198
3501
4308
4241
3401
4873
3005
913
3961
1585
4064
4576
4102
3766
3819
479
1964
2496
1289
3424
152
3140
1377
884
1840
1276
1849
996
767
1415
596
4044
4170
1422
4766
2256
4641
1016
4203
3885
2607
87
4657
147
1293
4082
4931
2487
4755
1692
999
275
1724
3159
2894
3286
4874
826
2289
4160
4423
4252
4798
4733
3028
2125
1611
1179
4700
4133
4364
501
4221
4683
3080
2063
4569
2361
2152
2155
3070
1626
1735
1713
3887
3532
2678
1529
2654
3949
9
758
4681
1343
3351
410
2913
4790
2521
1249
3870
1172
3806
1662
4382
1957
2841
1461
1286
4581
3908
1457
136
1512
4862
4776
2569
1362
489
2413
2540
3010
321
2048
1130
4072
4339
1631
3605
2860
3096
258
1940
4647
763
1605
1321
2603
3674
1659
3040
1336
4875
4025
3245
4626
3461
2767
1042
3700
1677
3506
1710
3802
217
2041
3962
2126
2323
3668
1947
341
17
420
2437
4121
2874
63
3889
4316
1763
3659
2627
1264
4594
1117
2906
2861
1951
2170
2538
2186
1084
3852
4016
3075
4270
2402
3376
3718
1246
2190
4130
3572
4919
3000
3511
3122
4434
360
4525
4148
26
3515
3702
1349
2169
4992
2360
3414
3945
752
3438
1865
1459
4343
2885
762
4570
1833
1908
3508
2842
3669
2884
4111
4342
4336
1301
4077
3167
490
3830
3229
2968
1171
4361
3518
2724
4548
4707
1663
3732
1736
4854
432
53
2728
2972
3970
2844
518
2079
4930
1419
3643
1518
2377
3331
1134
2133
1752
4463
2042
29
1521
324
1993
4068
4706
3126
2518
4940
448
4551
620
852
2201
2077
4137
4432
2889
174
741
2403
4830
1260
4042
3715
2257
359
139
1766
3942
4680
3314
1066
2141
3959
2734
2825
1453
3601
2237
1076
1479
2188
1848
4097
4487
3420
804
3687
297
4966
2631
654
4158
2811
2338
3369
1137
4502
4655
3789
2511
2298
2582
2507
2465
4684
1928
2588
1544
643
802
2172
4071
3609
2847
2000
3792
3850
1712
1948
2494
4628
2896
1737
4828
612
2915
1532
4183
3728
1054
4220
1468
4363
4320
4541
4725
1182
4744
4509
1121
3251
3469
854
981
3514
515
932
4185
3246
4668
3623
4305
4086
3427
1943
3499
1127
3305
1262
3354
2384
3672
1558
787
891
4674
4808
733
492
1727
4360
200
3692
4384
1506
979
4563
3680
372
3214
2599
2249
3576
2411
1142
154
1087
4218
1494
521
499
362
4732
2334
4113
502
2802
4734
3810
2372
3583
3275
4375
2486
1837
91
1105
1131
1205
1996
2189
1647
2862
2753
1313
1982
2438
2449
1335
950
1464
3985
4457
3834
2620
2572
3226
4243
659
3835
3097
3146
830
4295
3564
126
3281
4856
1124
574
4020
1138
963
4307
2750
4483
4699
2857
4845
1920
109
4649
3723
2327
637
1316
4112
1177
824
1383
2415
3876
2260
3409
1702
2547
298
4710
146
2712
1319
33
1247
4254
3224
1708
1517
1265
1872
422
183
4317
4461
3526
3839
3906
3141
3881
4057
4052
1310
2872
1345
4513
282
3574
2541
2967
239
248
3864
1414
4824
533
99
3186
2430
820
3234
1912
1330
3032
2545
2760
1546
2037
714
860
4010
1734
4803
4168
508
4832
311
2270
2236
1241
416
851
4510
769
1407
1839
4441
2003
2936
2097
3960
1764
1078
3318
3210
2696
828
3670
2293
2137
721
639
4898
4451
4067
3313
219
186
756
243
195
1018
3296
876
2908
3770
3232
2324
793
2410
2266
3851
3347
1859
2426
3023
481
3615
300
715
4347
636
130
4907
1231
2591
4460
626
1805
1299
1979
1012
428
1051
2928
4440
1564
4011
435
2322
3437
3187
3024
2554
3530
3217
1199
1804
2089
1096
2395
2735
3774
2043
4302
630
1578
4756
1456
3418
2517
4956
4388
1215
4996
3358
1955
2504
47
2633
4823
2454
1219
4593
1894
2457
4952
3590
3342
1877
1409
1443
407
4359
3078
4997
1193
2878
3188
4288
3031
1017
296
2711
1565
4968
377
4947
651
4032
2147
4210
901
4984
3818
3294
1632
4484
4312
173
2408
1878
3737
2636
2469
1046
869
185
3056
2887
4247
2849
1590
1192
1353
2230
2551
1367
1507
1141
268
688
1323
135
4439
571
344
3280
4416
2644
2039
1806
1169
179
537
4763
1122
3957
252
2267
4239
4901
1263
3832
3577
3192
367
1678
4859
3822
1094
4635
3901
1039
4412
1569
2434
3062
4496
539
3166
3725
4784
3797
4550
4746
2546
4107
2056
3980
1470
1718
3654
4015
4555
480
4547
1780
566
1625
4651
4244
4292
4236
1153
418
3288
3020
3287
3666
119
2899
3915
4714
4797
453
709
3585
450
3649
2892
1911
3964
2926
52
1395
429
3434
129
4268
4806
1103
1827
4534
609
1197
3561
4265
2503
4560
1209
4058
66
153
2343
1305
3454
2375
176
3181
2349
2394
3220
2207
686
1851
2016
2492
2082
2473
1314
2648
3676
4869
1411
4567
4323
710
4595
4074
792
3405
4235
2577
1637
1119
4027
3168
3847
4660
4529
3328
3629
1615
3463
4255
1033
1749
1371
3607
1351
1245
2988
3984
4750
3780
3740
3978
4485
841
3196
3743
3600
1515
3667
3191
3094
4445
1511
2655
3639
190
2834
4349
2049
1756
564
476
4269
1402
586
2493
2026
4310
2215
2969
2381
2522
2283
2396
345
4922
3136
3125
3495
4187
2621
2714
2618
2756
2248
3132
2998
265
4109
3274
4881
3047
4654
1233
3804
2206
3873
2553
4030
1500
4512
3297
1591
3817
2624
2863
2652
2888
1482
1412
4572
3581
1873
1744
4279
3069
2605
4427
209
2158
4225
4972
2741
3057
3142
524
1874
2985
4561
4103
3026
2196
2055
728
812
969
2448
1447
3809
406
2851
4610
2893
789
2597
3260
2634
1628
703
4837
2498
1446
944
3738
1382
3172
3602
3448
2681
162
3539
4724
1571
3447
1747
2997
1297
4552
4309
4989
3631
4050
2673
158
2707
1112
2344
3456
2033
3823
764
581
3855
1719
1830
3219
1775
3109
3029
2571
4549
4995
3932
705
3068
1189
774
1799
827
2274
3546
1681
1790
3582
4332
2539
4741
2485
1832
2922
2259
3773
2787
1108
3439
4372
1184
4406
3212
2564
4054
2700
2121
1543
3504
142
4753
2598
4267
1065
302
3521
165
378
2830
374
2838
1139
1250
1439
2506
3716
2282
2890
3106
1072
1623
1613
4543
4013
4104
1688
775
2808
3083
4556
3055
889
4777
46
1255
2104
1810
4924
4980
1807
2748
4374
2785
3721
2638
2742
3650
579
4098
411
2156
3658
2869
2886
1417
879
4009
1445
661
896
4167
1183
994
1281
2947
3719
400
214
782
3858
4141
3108
4909
4748
1218
1361
423
3958
580
2284
4118
138
4670
3021
133
4938
2278
4768
1808
1973
4482
780
4826
4383
2062
3194
112
3042
2806
3714
2840
2883
4867
2576
3863
2978
1971
237
4772
313
1697
2192
3152
4303
632
973
3270
2329
4456
307
1318
4442
2173
647
2949
1332
2245
4912
1496
3929
3137
2751
1115
3691
4508
3596
1325
2558
4623
4201
757
2827
4271
2675
4175
1431
4369
2766
1929
3197
2051
2112
3431
1190
3430
1559
881
4385
1272
246
3119
3321
4019
4779
4472
2458
1531
1969
864
3556
4458
2710
2727
943
2837
2815
975
4669
2552
2850
4195
2301
3474
2798
3291
1201
1999
2738
3066
3871
4676
3638
4300
3739
2745
1413
1841
578
3339
4866
784
2117
4607
2131
2693
1781
743
3333
2072
3844
4682
315
390
1950
3312
486
3761
4597
1595
4961
4290
3367
3365
1671
4144
3918
2040
3653
4311
613
325
3905
3555
470
4127
3355
471
463
28
3897
1703
3503
1868
4353
4903
4656
2446
2214
304
1022
673
1913
4283
4419
180
4357
3051
2311
1513
2220
2831
3747
405
3924
1588
327
2053
4080
534
2530
4165
2628
86
1058
4833
4935
2991
2386
1914
2736
2443
1596
3507
4731
1057
1400
459
238
1311
2336
1577
4356
893
3320
4354
1536
1618
2768
4671
2339
3091
253
3529
1326
2600
189
4230
4872
2406
2319
128
3371
4810
168
1610
3233
4034
4792
3488
2136
3216
1875
2608
2740
4196
1753
951
2218
4331
3459
732
543
2432
4757
779
4666
1552
1243
4591
4986
2355
3230
3616
1047
3599
835
4155
291
4389
988
3284
507
2765
4630
2425
3593
2674
1306
4752
287
2480
62
1273
3345
4325
3662
3206
2313
3953
4322
383
4662
1871
3391
1159
4251
201
2544
3727
3403
2667
584
3268
1794
2774
1365
2111
1337
3913
684
3242
1037
4740
2685
815
1838
2602
1527
2160
2021
4775
4962
4821
667
2466
1547
2290
4260
4848
2800
3452
2824
4921
1975
790
1598
1696
301
991
1617
1149
734
2725
1322
404
4199
4222
333
1469
837
1244
1275
2348
928
2222
381
1389
1041
4189
2479
628
2613
4293
1005
155
1111
1831
3173
635
2960
1147
2776
3473
3195
1863
1664
122
4344
617
4531
1116
4722
1897
919
947
810
4799
2877
4070
118
2743
1166
3749
546
257
4851
3661
2529
1296
3453
4324
4767
3225
4905
2682
3180
1814
140
1224
2068
3153
1825
4754
4573
3707
4521
1972
4153
1906
271
3113
1739
1583
4231
3394
898
387
2995
2309
1038
2497
4861
1757
1483
2528
4537
3935
719
985
1014
4396
2568
1959
4689
1867
934
712
3939
916
1164
857
1001
1656
3947
1900
2123
1140
2927
2474
4847
1449
3235
818
4022
4764
349
74
4583
856
1813
1762
623
3689
2064
111
1394
2099
1397
1525
2832
2671
1481
4742
408
4852
1776
3374
3410
1684
2542
4712
2332
3948
1824
938
4204
2999
4373
149
440
2481
939
319
3973
2606
573
4345
807
116
4880
2575
4047
1053
3428
4891
4215
2771
2726
452
4990
2428
4005
3017
1174
363
4028
2715
356
3408
3052
3144
749
4091
3965
1024
1239
722
3785
4063
2060
1088
3559
853
631
559
1006
745
1842
554
4834
707
3103
2803
693
2651
1204
4813
2132
4963
1634
2822
3053
2477
1480
3276
4715
829
4476
4120
1099
4191
3717
34
4438
3346
3467
2281
2853
3436
3352
2181
4424
2549
2287
4053
4738
4408
3708
895
1904
4507
438
1520
104
1716
3778
1188
3302
2963
1937
1373
2071
990
1809
2118
2166
2916
2142
2513
3868
1170
1387
2325
1334
1358
21
2986
4955
1510
3829
3968
4526
441
4075
1834
4479
3909
3910
1652
1002
3741
1060
4603
2203
4152
4481
3622
202
3030
549
4568
478
1748
1811
1492
3799
379
4691
1604
4786
57
3380
2871
2854
2946
1427
1165
3155
3769
1949
1653
4043
2234
251
3309
3523
2781
4749
4575
4021
3735
3790
603
1995
1423
2280
4695
1730
4979
2179
1155
2744
1278
3782
3697
2900
3701
1935
2376
1586
3102
4981
604
1994
652
4809
3441
4587
2265
4946
759
1709
3904
4726
443
3088
4611
2328
4977
3359
4945
2650
1420
3272
2253
3710
3986
2058
1553
1847
4473
2942
475
935
4978
3815
3375
4176
4313
3105
462
102
4246
1743
3054
4932
771
1136
4831
4284
3807
1234
92
3709
3323
16
177
413
978
2955
1095
1575
2109
700
2786
2559
4401
4169
1454
1715
1691
1359
3644
3154
430
3231
123
699
1304
2180
2931
3179
1858
4571
552
61
1102
3921
4606
2932
4298
4640
3111
1080
3781
2075
713
51
4520
4789
1989
1145
4934
3308
4491
4566
161
4939
1614
3990
4865
3160
4879
4370
3198
3412
696
4399
845
692
1779
2167
1857
4896
3628
4643
2164
1817
376
353
446
708
2775
444
1901
4492
1393
2500
2004
4287
3388
1503
194
4066
1062
503
2074
2570
3041
4927
373
1007
1467
676
4885
1516
4897
3645
1787
2717
3259
4443
2625
1433
3988
2017
1120
4281
3370
4428
929
2023
2585
528
3475
2843
1196
1686
3683
4645
2778
69
2046
1845
2848
2535
67
4735
855
1981
4679
12
3008
1307
1533
1160
526
4238
2157
3250
914
4582
4795
3771
2829
2880
3808
281
1789
1927
110
4433
3951
2994
892
280
2794
421
1463
1203
4818
3621
2312
1013
798
1670
1036
2810
1630
4815
171
105
148
1282
3866
3777
1980
2746
32
1327
890
1082
2204
1254
218
2106
4759
4969
3199
1722
2467
1910
3429
431
95
1826
4474
3
3193
1240
3123
3831
4444
3471
4393
2708
3498
2747
73
2594
2867
1381
3545
1163
1843
945
1899
3335
1274
882
2352
4149
4780
210
2483
3330
3505
203
4143
1366
1202
1213
182
3161
96
485
59
1070
594
3446
1320
2925
4253
4883
1508
1048
4117
2
808
1599
961
3361
1687
2317
3176
922
1992
283
3642
2645
1074
30
2065
4006
1970
1728
2918
3244
590
2383
3164
240
1110
2903
2596
108
4937
4355
3794
794
1548
3215
2263
2905
3632
1388
2390
2404
3969
342
577
3353
3867
3332
4008
1223
4398
1392
2231
2807
1560
1027
2022
2658
3411
4240
2950
2130
1257
233
3310
3150
1772
1522
3058
3317
4600
3256
3750
4192
1356
4860
2096
2240
1077
40
2145
1606
3541
1385
1987
1157
160
1622
2764
2107
2555
3635
599
3745
1934
159
4335
1406
885
1944
4156
1621
2087
4957
1214
3319
861
3565
2729
2666
3922
3045
3588
2299
2195
3513
720
3927
1052
3760
4478
3943
627
181
3178
1194
3768
4061
7
2812
1674
1390
3175
4892
2820
4910
4368
330
4079
3567
3322
4138
2441
1154
144
3327
4090
2534
2279
5000
