1
2287
1246
3421
2066
2268
2538
2677
3874
1534
4643
4691
1155
3706
4884
110
4899
1890
3492
3552
2546
4576
4121
2943
1372
4965
4661
2967
1111
2262
2155
194
3010
1596
1167
812
1014
4103
3568
2471
3799
662
3274
4080
1498
23
1403
3242
1485
320
2204
1041
3624
3891
3425
521
4732
353
1738
2405
4819
4431
154
3466
2627
3255
3515
3266
3780
2800
4422
1907
2882
2580
1922
1203
4953
3317
2234
2057
3531
2384
4663
2469
4114
255
4975
3436
3278
2777
2295
1514
964
857
4511
1010
3814
4220
4656
332
1471
516
1934
2898
2521
2361
3689
3700
3504
939
120
1243
2296
3737
1084
4232
2125
1279
8
3155
543
4700
2505
4542
853
2573
88
3625
4147
4575
97
722
4402
1302
203
904
4428
1552
1089
4213
2106
4508
755
4749
4960
3661
1535
4502
4094
3750
1140
2899
183
4670
71
4824
1940
4046
3419
3943
3528
1646
4719
4627
2737
4440
195
4440
2737
4627
4719
1646
3528
3943
3419
4046
1940
4824
71
4670
183
2899
1140
3750
4094
4502
1535
3661
4960
4749
755
4508
2106
4213
1089
1552
4428
904
203
1302
4402
722
97
4575
4147
3625
88
2573
853
4542
2505
4700
543
3155
8
1279
2125
4232
1084
3737
2296
1243
120
939
3504
3700
3689
2361
2521
2898
1934
516
1471
332
4656
4220
3814
1010
4511
857
964
1514
2295
2777
3278
3436
4975
255
4114
2469
4663
2384
3531
2057
2234
3317
4953
1203
1922
2580
2882
1907
4422
2800
3780
3266
3515
3255
2627
3466
154
4431
4819
2405
1738
353
4732
521
3425
3891
3624
1041
2204
320
1485
3242
1403
23
1498
4080
3274
662
3799
2471
3568
4103
1014
812
1167
1596
3010
194
2155
2262
1111
2967
4661
4965
1372
2943
4121
4576
2546
3552
3492
1890
4899
110
4884
3706
1155
4691
4643
1534
3874
2677
2538
2268
2066
3421
1246
2287
1
4041
3942
2144
3981
1110
2877
1845
2818
1318
1417
3300
2131
766
3079
908
2854
2554
3362
4734
216
3717
4175
3990
252
2421
2922
3385
1871
3722
1131
331
65
3936
3886
2731
1791
2251
4072
1941
3548
4606
4339
713
3742
448
1211
2928
606
1997
1850
1842
2778
3870
1725
3110
1192
2709
140
4125
1539
1387
4628
157
4725
3907
4589
2574
1938
4703
2407
970
4922
3200
2991
4391
1251
2203
471
3028
158
34
3414
4872
3633
4802
3031
463
957
2632
1244
1892
4584
2661
3503
4002
2833
4651
1897
2236
2945
2774
384
2703
2090
2115
2136
485
500
1927
2308
1541
4493
2834
1588
3961
136
2172
1095
3596
3309
3919
4923
1154
4216
4787
3796
3183
4747
1713
2032
3078
4456
832
3897
3855
3124
2132
1953
3951
1579
263
2276
2603
2941
446
429
4045
4657
3921
4906
3697
2747
219
4571
392
2269
1542
3565
2128
2769
3203
509
2154
1578
1208
1895
1208
1578
2154
509
3203
2769
2128
3565
1542
2269
392
4571
219
2747
3697
4906
3921
4657
4045
429
446
2941
2603
2276
263
1579
3951
1953
2132
3124
3855
3897
832
4456
3078
2032
1713
4747
3183
3796
4787
4216
1154
4923
3919
3309
3596
1095
2172
136
3961
1588
2834
4493
1541
2308
1927
500
485
2136
2115
2090
2703
384
2774
2945
2236
1897
4651
2833
4002
3503
2661
4584
1892
1244
2632
957
463
3031
4802
3633
4872
3414
34
158
3028
471
2203
1251
4391
2991
3200
4922
970
2407
4703
1938
2574
4589
3907
4725
157
4628
1387
1539
4125
140
2709
1192
3110
1725
3870
2778
1842
1850
1997
606
2928
1211
448
3742
713
4339
4606
3548
1941
4072
2251
1791
2731
3886
3936
65
331
1131
3722
1871
3385
2922
2421
252
3990
4175
3717
216
4734
3362
2554
2854
908
3079
766
2131
3300
1417
1318
2818
1845
2877
1110
3981
2144
3942
4041
1
1022
3197
4107
661
56
3601
3657
3294
1976
535
229
2435
1781
3397
21
3585
4258
420
4311
3387
2887
3474
825
2666
2513
367
544
325
3527
2067
3704
279
475
3153
3254
1853
3162
2582
1000
3598
2078
3564
501
1608
4966
1733
2746
2017
3746
4427
3924
647
965
792
3025
696
4445
1023
4735
4742
2845
3467
2477
3732
1971
531
3694
1978
2333
399
4611
4048
398
3632
644
2138
1963
4151
1026
3486
2284
3790
260
3365
756
4171
3036
3639
224
4534
3081
2448
4792
464
1082
1597
1124
4088
1383
59
2332
2003
4095
2322
1165
816
3922
484
2391
659
1729
4525
4577
3290
2565
4895
4581
519
2130
148
76
387
1904
4864
2772
16
1314
1641
1583
1415
861
4191
4394
617
3611
2638
2087
3457
1212
3482
1467
176
3879
1947
2940
876
232
1727
1473
990
3201
4170
2193
3051
529
4764
1505
3456
1182
1951
3733
4522
4795
762
346
3048
346
762
4795
4522
3733
1951
1182
3456
1505
4764
529
3051
2193
4170
3201
990
1473
1727
232
876
2940
1947
3879
176
1467
3482
1212
3457
2087
2638
3611
617
4394
4191
861
1415
1583
1641
1314
16
2772
4864
1904
387
76
148
2130
519
4581
4895
2565
3290
4577
4525
1729
659
2391
484
3922
816
1165
2322
4095
2003
2332
59
1383
4088
1124
1597
1082
464
4792
2448
3081
4534
224
3639
3036
4171
756
3365
260
3790
2284
3486
1026
4151
1963
2138
644
3632
398
4048
4611
399
2333
1978
3694
531
1971
3732
2477
3467
2845
4742
4735
1023
4445
696
3025
792
965
647
3924
4427
3746
2017
2746
1733
4966
1608
501
3564
2078
3598
1000
2582
3162
1853
3254
3153
475
279
3704
2067
3527
325
544
367
2513
2666
825
3474
2887
3387
4311
420
4258
3585
21
3397
1781
2435
229
535
1976
3294
3657
3601
56
661
4107
3197
1022
1
4971
1515
2742
165
1218
898
3979
2152
4235
1368
4546
4677
588
1178
3918
3938
2512
1431
1675
3664
1647
3781
2791
1352
1193
14
1306
1886
2385
3772
1458
629
3947
3086
3850
217
3204
4367
376
1721
3559
2906
2673
4327
2740
4303
2149
1476
1157
2414
2520
2013
413
3073
2104
937
3820
4696
1132
4619
2589
2060
2001
3392
2540
2146
813
280
4407
3644
2232
3905
2168
4389
4357
4743
2208
2474
2923
2258
4490
1686
3319
4750
2328
4338
1474
2369
1479
4949
3111
926
1456
3374
697
3828
3681
2051
3064
1214
209
4313
1273
4224
3848
2275
3141
1916
4844
2056
1880
3330
1378
3517
609
4535
1366
3616
4300
3217
2088
1974
4058
3741
1406
1002
2274
1102
1657
3803
887
3189
4684
4063
3053
2592
2680
443
4497
3406
2959
3860
3837
3195
1506
548
4891
931
4753
3001
2480
3077
3208
4342
1642
2068
4757
4574
3723
1751
4018
4597
1076
1536
2398
706
2398
1536
1076
4597
4018
1751
3723
4574
4757
2068
1642
4342
3208
3077
2480
3001
4753
931
4891
548
1506
3195
3837
3860
2959
3406
4497
443
2680
2592
3053
4063
4684
3189
887
3803
1657
1102
2274
1002
1406
3741
4058
1974
2088
3217
4300
3616
1366
4535
609
3517
1378
3330
1880
2056
4844
1916
3141
2275
3848
4224
1273
4313
209
1214
3064
2051
3681
3828
697
3374
1456
926
3111
4949
1479
2369
1474
4338
2328
4750
3319
1686
4490
2258
2923
2474
2208
4743
4357
4389
2168
3905
2232
3644
4407
280
813
2146
2540
3392
2001
2060
2589
4619
1132
4696
3820
937
2104
3073
413
2013
2520
2414
1157
1476
2149
4303
2740
4327
2673
2906
3559
1721
376
4367
3204
217
3850
3086
3947
629
1458
3772
2385
1886
1306
14
1193
1352
2791
3781
1647
3664
1675
1431
2512
3938
3918
1178
588
4677
4546
1368
4235
2152
3979
898
1218
165
2742
1515
4971
1
2432
2175
2972
3130
1851
2722
2962
2765
719
576
1689
3022
1633
1723
4905
3822
2093
2190
1563
4053
2141
2681
3434
646
4801
725
1771
4375
2059
3530
552
4362
4414
4904
314
944
1967
3844
2233
865
459
2264
3196
508
1913
4610
1533
2609
2584
920
3753
4049
4031
147
4666
180
3550
191
874
1233
4507
2916
4471
2988
236
246
1494
1848
1959
2826
1571
941
1087
2587
2378
4667
383
3136
1309
4308
1252
141
4912
35
2936
345
293
3336
3353
444
1038
4138
636
2893
2457
4024
1222
2604
1704
155
1652
24
188
1923
1827
4118
3908
4723
872
4486
585
586
3711
3843
4448
3235
2665
1341
4604
1392
276
4275
1322
2086
4957
3710
1396
1221
4443
2376
1491
2058
4341
3359
553
1545
1703
2123
3580
312
870
3682
4043
1164
4381
3829
301
1020
3118
4098
75
1747
2856
4050
3863
3047
4738
691
2802
1917
4716
3101
1617
1874
2116
249
2116
1874
1617
3101
4716
1917
2802
691
4738
3047
3863
4050
2856
1747
75
4098
3118
1020
301
3829
4381
1164
4043
3682
870
312
3580
2123
1703
1545
553
3359
4341
2058
1491
2376
4443
1221
1396
3710
4957
2086
1322
4275
276
1392
4604
1341
2665
3235
4448
3843
3711
586
585
4486
872
4723
3908
4118
1827
1923
188
24
1652
155
1704
2604
1222
4024
2457
2893
636
4138
1038
444
3353
3336
293
345
2936
35
4912
141
1252
4308
1309
3136
383
4667
2378
2587
1087
941
1571
2826
1959
1848
1494
246
236
2988
4471
2916
4507
1233
874
191
3550
180
4666
147
4031
4049
3753
920
2584
2609
1533
4610
1913
508
3196
2264
459
865
2233
3844
1967
944
314
4904
4414
4362
552
3530
2059
4375
1771
725
4801
646
3434
2681
2141
4053
1563
2190
2093
3822
4905
1723
1633
3022
1689
576
719
2765
2962
2722
1851
3130
2972
2175
2432
1
1058
922
2260
3112
3707
3298
2143
4873
3758
1773
4172
2977
186
615
4548
2612
2924
2869
2158
4266
274
4901
2481
3240
3260
13
1290
189
4952
3532
850
3734
2119
3223
3909
2973
952
2047
4877
1125
571
2813
4112
505
2522
1931
3566
3862
159
1695
4042
620
673
4491
4521
868
290
1093
1196
2245
3142
4441
3968
4883
3119
2110
803
131
4014
400
4259
3810
2764
950
2652
2165
1402
3647
1288
2430
4019
2997
2759
1364
2465
2054
1766
3752
411
369
1530
3264
1141
2647
3892
3386
3410
3231
3377
1144
3713
1793
4615
4453
3002
3903
1998
1521
213
2186
2762
3175
3572
2240
3833
1459
1911
81
1567
2293
2374
1858
3286
2559
894
4572
889
732
3327
2879
4683
3561
3614
3935
598
593
2257
2712
1609
4273
1321
2161
1769
4513
4492
3358
3462
3324
4654
708
1301
1275
3788
2213
4598
1437
1445
2049
959
1496
899
892
2071
3250
3104
2727
3104
3250
2071
892
899
1496
959
2049
1445
1437
4598
2213
3788
1275
1301
708
4654
3324
3462
3358
4492
4513
1769
2161
1321
4273
1609
2712
2257
593
598
3935
3614
3561
4683
2879
3327
732
889
4572
894
2559
3286
1858
2374
2293
1567
81
1911
1459
3833
2240
3572
3175
2762
2186
213
1521
1998
3903
3002
4453
4615
1793
3713
1144
3377
3231
3410
3386
3892
2647
1141
3264
1530
369
411
3752
1766
2054
2465
1364
2759
2997
4019
2430
1288
3647
1402
2165
2652
950
2764
3810
4259
400
4014
131
803
2110
3119
4883
3968
4441
3142
2245
1196
1093
290
868
4521
4491
673
620
4042
1695
159
3862
3566
1931
2522
505
4112
2813
571
1125
4877
2047
952
2973
3909
3223
2119
3734
850
3532
4952
189
1290
13
3260
3240
2481
4901
274
4266
2158
2869
2924
2612
4548
615
186
2977
4172
1773
3758
4873
2143
3298
3707
3112
2260
922
1058
1
1116
739
4379
2425
4618
3224
3443
754
2297
360
2794
335
3157
2484
3469
4800
3725
220
994
2507
4202
3932
4979
3137
4573
2363
83
2556
1268
453
2633
93
4027
2640
3576
1562
109
2654
2793
860
3460
3114
4187
2383
3889
1749
4560
4648
547
1625
4119
2174
1635
42
3417
882
3834
4865
3969
1619
122
2277
2301
2151
4554
3786
610
3878
2779
4582
2050
3178
1988
2971
724
4632
2835
1142
2819
1607
1671
2231
4231
1813
2744
2018
513
999
2671
1206
1156
1060
309
2386
3695
2884
2984
4758
3129
4515
106
2837
2560
1882
3154
1966
3958
1741
1356
4040
2964
2311
4685
2499
4927
4091
2360
1274
854
1477
2810
1777
2637
2768
3024
3638
4106
423
2447
2900
2711
3345
3982
603
1846
3613
175
2693
1115
294
212
2697
347
2656
2714
4867
927
1003
222
4460
2735
3041
1824
2113
245
4585
1278
1450
581
4658
859
4461
4274
3858
2166
2371
2166
3858
4274
4461
859
4658
581
1450
1278
4585
245
2113
1824
3041
2735
4460
222
1003
927
4867
2714
2656
347
2697
212
294
1115
2693
175
3613
1846
603
3982
3345
2711
2900
2447
423
4106
3638
3024
2768
2637
1777
2810
1477
854
1274
2360
4091
4927
2499
4685
2311
2964
4040
1356
1741
3958
1966
3154
1882
2560
2837
106
4515
3129
4758
2984
2884
3695
2386
309
1060
1156
1206
2671
999
513
2018
2744
1813
4231
2231
1671
1607
2819
1142
2835
4632
724
2971
1988
3178
2050
4582
2779
3878
610
3786
4554
2151
2301
2277
122
1619
3969
4865
3834
882
3417
42
1635
2174
4119
1625
547
4648
4560
1749
3889
2383
4187
3114
3460
860
2793
2654
109
1562
3576
2640
4027
93
2633
453
1268
2556
83
2363
4573
3137
4979
3932
4202
2507
994
220
3725
4800
3469
2484
3157
335
2794
360
2297
754
3443
3224
4618
2425
4379
739
1116
1
3263
3811
3019
934
4366
930
1151
18
4595
3380
692
1071
984
45
2630
2761
1504
4539
248
1750
4126
2163
1632
1453
2288
3666
4270
3588
3662
741
2881
689
4662
134
3265
4263
4347
3574
4398
1199
3304
3857
1687
1283
371
2037
1175
3007
3873
4540
893
4600
171
3243
3590
2990
2029
1598
2070
3719
1195
3499
2970
4837
4067
1334
3049
3229
3977
1397
4946
3491
4755
4137
1949
654
358
3699
1261
1400
4954
1176
3622
1271
3164
2282
2775
897
4023
2825
4622
3960
1339
4008
4163
2473
3435
2411
2074
4644
3773
1343
1304
1315
30
2206
462
1181
993
560
1433
3202
1856
3363
3953
3595
4680
2394
740
2951
1388
4015
978
3029
614
2178
1930
4239
1557
2616
1460
3067
3766
4704
31
1384
4162
3258
1755
998
891
1775
4085
4090
3555
3594
3567
1045
4888
2221
3743
2551
1107
1277
1763
2004
573
769
1975
2095
1667
3589
2317
992
840
3030
840
992
2317
3589
1667
2095
1975
769
573
2004
1763
1277
1107
2551
3743
2221
4888
1045
3567
3594
3555
4090
4085
1775
891
998
1755
3258
4162
1384
31
4704
3766
3067
1460
2616
1557
4239
1930
2178
614
3029
978
4015
1388
2951
740
2394
4680
3595
3953
3363
1856
3202
1433
560
993
1181
462
2206
30
1315
1304
1343
3773
4644
2074
2411
3435
2473
4163
4008
1339
3960
4622
2825
4023
897
2775
2282
3164
1271
3622
1176
4954
1400
1261
3699
358
654
1949
4137
4755
3491
4946
1397
3977
3229
3049
1334
4067
4837
2970
3499
1195
3719
2070
1598
2029
2990
3590
3243
171
4600
893
4540
3873
3007
1175
2037
371
1283
1687
3857
3304
1199
4398
3574
4347
4263
3265
134
4662
689
2881
741
3662
3588
4270
3666
2288
1453
1632
2163
4126
1750
248
4539
1504
2761
2630
45
984
1071
692
3380
4595
18
1151
930
4366
934
3019
3811
3263
1
240
878
1331
4113
12
166
3831
2650
4451
168
3095
1210
2918
2836
2878
1656
2864
1674
167
2757
1901
4005
1332
72
4011
2150
3289
3784
3318
2103
4907
1734
3512
546
3424
4740
1354
197
3084
670
3280
4533
4870
2446
1706
648
4849
3105
2387
4193
3920
4898
4547
38
4517
805
111
2185
2355
3172
342
3533
1810
418
25
2205
1621
4859
4432
890
3375
1146
1758
2808
2776
4314
3006
64
1310
1032
407
3344
1715
2366
3100
1344
880
1190
1992
2278
3399
3835
684
1735
2187
2698
1121
778
913
1761
3125
3864
4843
1520
4967
130
4291
4806
3615
2555
4068
682
3351
2611
3352
3888
4071
718
2253
2478
2019
2312
1285
385
3239
2625
2523
2412
3986
1413
2548
4404
4770
1812
737
1336
776
2815
1487
4386
4254
4361
4217
2096
3037
2579
888
1044
28
4814
590
2888
1411
4337
470
262
2578
2767
2641
4463
4781
2725
2919
2319
903
3705
903
2319
2919
2725
4781
4463
2641
2767
2578
262
470
4337
1411
2888
590
4814
28
1044
888
2579
3037
2096
4217
4361
4254
4386
1487
2815
776
1336
737
1812
4770
4404
2548
1413
3986
2412
2523
2625
3239
385
1285
2312
2019
2478
2253
718
4071
3888
3352
2611
3351
682
4068
2555
3615
4806
4291
130
4967
1520
4843
3864
3125
1761
913
778
1121
2698
2187
1735
684
3835
3399
2278
1992
1190
880
1344
3100
2366
1715
3344
407
1032
1310
64
3006
4314
2776
2808
1758
1146
3375
890
4432
4859
1621
2205
25
418
1810
3533
342
3172
2355
2185
111
805
4517
38
4547
4898
3920
4193
2387
3105
4849
648
1706
2446
4870
4533
3280
670
3084
197
1354
4740
3424
546
3512
1734
4907
2103
3318
3784
3289
2150
4011
72
1332
4005
1901
2757
167
1674
2864
1656
2878
2836
2918
1210
3095
168
4451
2650
3831
166
12
4113
1331
878
240
1
2788
4763
4424
1884
3809
4528
512
302
3869
3117
3665
362
1011
4962
3606
1523
1390
4156
4078
3034
4176
1894
2191
4305
533
4411
1550
820
836
657
1843
2489
4963
522
3727
4378
3519
439
4518
2122
3674
50
2901
3680
4178
3350
169
4055
478
1143
1818
3999
4687
1870
1375
426
4697
852
1454
2431
4409
2445
4751
4435
3026
438
161
483
3004
2524
2248
2968
3306
4808
2686
844
4857
1330
3941
1377
89
873
4616
4769
4060
3299
4929
1502
1964
2318
4679
2903
1785
650
3676
2718
4081
4401
3687
4737
1898
356
3887
2755
1138
1797
1519
1239
1702
923
4489
2593
1371
627
695
3569
942
1610
814
2033
1570
145
4630
2192
3653
867
1672
2324
1908
2014
3658
3328
2821
4789
3120
15
2326
1730
4218
3738
3003
289
3754
4605
717
4054
1340
1935
1630
1046
4102
669
2862
2576
2717
3630
736
1565
91
404
524
1057
3745
2607
2552
2958
2552
2607
3745
1057
524
404
91
1565
736
3630
2717
2576
2862
669
4102
1046
1630
1935
1340
4054
717
4605
3754
289
3003
3738
4218
1730
2326
15
3120
4789
2821
3328
3658
2014
1908
2324
1672
867
3653
2192
4630
145
1570
2033
814
1610
942
3569
695
627
1371
2593
4489
923
1702
1239
1519
1797
1138
2755
3887
356
1898
4737
3687
4401
4081
2718
3676
650
1785
2903
4679
2318
1964
1502
4929
3299
4060
4769
4616
873
89
1377
3941
1330
4857
844
2686
4808
3306
2968
2248
2524
3004
483
161
438
3026
4435
4751
2445
4409
2431
1454
852
4697
426
1375
1870
4687
3999
1818
1143
478
4055
169
3350
4178
3680
2901
50
3674
2122
4518
439
3519
4378
3727
522
4963
2489
1843
657
836
820
1550
4411
533
4305
2191
1894
4176
3034
4078
4156
1390
1523
3606
4962
1011
362
3665
3117
3869
302
512
4528
3809
1884
4424
4763
2788
1
785
770
49
1962
1440
1694
800
3021
112
51
4070
4033
3321
1194
4462
2710
2530
4715
2664
1389
3785
2662
2476
2316
2738
4853
4459
4250
601
4731
2490
4412
3447
341
3654
4885
1936
2148
4373
3295
292
1948
4360
1508
765
1501
1235
2626
2796
910
4400
265
4482
3420
1877
386
1393
4317
3356
4408
1215
3357
4908
594
2969
2129
1787
3116
4472
3775
4365
3989
498
2956
881
4775
4544
2440
822
3126
1447
300
4390
4660
4756
1363
1281
2229
4084
1965
3945
3668
3645
295
3618
611
1640
1868
227
989
3237
2702
4638
2515
1300
3759
4562
3641
4850
324
683
1833
2388
693
2266
4449
476
709
1472
4417
2619
1765
712
3013
2420
3307
1004
3779
1425
4918
4169
1902
3163
680
1316
4123
3560
1183
2102
4236
4649
3586
4621
2351
4007
1805
3672
2434
4397
351
1427
3551
3756
1338
1236
2798
2400
510
57
2828
3322
4567
2327
4251
1673
496
1673
4251
2327
4567
3322
2828
57
510
2400
2798
1236
1338
3756
3551
1427
351
4397
2434
3672
1805
4007
2351
4621
3586
4649
4236
2102
1183
3560
4123
1316
680
3163
1902
4169
4918
1425
3779
1004
3307
2420
3013
712
1765
2619
4417
1472
709
476
4449
2266
693
2388
1833
683
324
4850
3641
4562
3759
1300
2515
4638
2702
3237
989
227
1868
1640
611
3618
295
3645
3668
3945
1965
4084
2229
1281
1363
4756
4660
4390
300
1447
3126
822
2440
4544
4775
881
2956
498
3989
4365
3775
4472
3116
1787
2129
2969
594
4908
3357
1215
4408
3356
4317
1393
386
1877
3420
4482
265
4400
910
2796
2626
1235
1501
765
1508
4360
1948
292
3295
4373
2148
1936
4885
3654
341
3447
4412
2490
4731
601
4250
4459
4853
2738
2316
2476
2662
3785
1389
2664
4715
2530
2710
4462
1194
3321
4033
4070
51
112
3021
800
1694
1440
1962
49
770
785
1
2868
3610
2803
4111
4817
208
1436
2373
79
3542
3996
3251
4821
4430
735
412
4978
1905
4689
1068
2649
3671
4494
2689
3731
4570
2470
58
2583
452
1083
1153
3915
4871
3760
3270
3478
2305
3910
4064
2302
410
2270
1527
4499
436
1996
3097
1033
1987
4244
84
1001
3825
4083
2934
3740
2286
1604
1592
4500
3383
2539
3764
2063
2462
1983
2688
305
3071
834
3080
4452
3331
318
313
1634
3521
1575
947
2488
4714
3340
3291
1822
1168
2585
779
20
4437
2961
4826
3859
1258
451
3341
264
2162
4442
1470
3394
2526
3011
2099
287
4410
1136
2567
2031
334
1790
4209
4631
4326
2353
1837
4961
102
4707
3426
538
4073
1448
2169
1969
149
2298
1994
4028
3027
1029
3500
2135
1034
938
495
2534
2635
4354
2285
1748
1788
3018
4127
1531
4349
2644
4345
1823
3720
2105
1096
442
3372
4980
2602
1828
3303
1881
630
67
1780
2306
738
3628
4626
3628
738
2306
1780
67
630
1881
3303
1828
2602
4980
3372
442
1096
2105
3720
1823
4345
2644
4349
1531
4127
3018
1788
1748
2285
4354
2635
2534
495
938
1034
2135
3500
1029
3027
4028
1994
2298
149
1969
2169
1448
4073
538
3426
4707
102
4961
1837
2353
4326
4631
4209
1790
334
2031
2567
1136
4410
287
2099
3011
2526
3394
1470
4442
2162
264
3341
451
1258
3859
4826
2961
4437
20
779
2585
1168
1822
3291
3340
4714
2488
947
1575
3521
1634
313
318
3331
4452
3080
834
3071
305
2688
1983
2462
2063
3764
2539
3383
4500
1592
1604
2286
3740
2934
4083
3825
1001
84
4244
1987
1033
3097
1996
436
4499
1527
2270
410
2302
4064
3910
2305
3478
3270
3760
4871
3915
1153
1083
452
2583
58
2470
4570
3731
2689
4494
3671
2649
1068
4689
1905
4978
412
735
4430
4821
3251
3996
3542
79
2373
1436
208
4817
4111
2803
3610
2868
1
587
935
1831
4237
3967
1430
3246
2806
187
1186
3481
1668
3693
4225
124
1547
1117
2226
2634
450
2729
1237
267
55
2643
674
1728
3267
4059
1405
179
4720
3188
4168
3791
4324
4676
1873
192
455
3468
2339
4809
3091
855
2501
1099
1492
68
3883
1864
4226
4484
2932
1517
3432
1889
624
2733
4148
811
1603
396
3479
2450
749
4025
3256
2397
4709
4777
467
3032
288
2320
3269
1637
4320
3691
1507
2960
4380
3541
2008
3930
2207
138
759
1814
534
1031
10
2486
3261
3757
3906
954
4828
3144
2364
4242
2508
3494
321
2863
1855
3422
98
2235
637
375
1691
4000
2844
286
4415
3651
4047
1573
1817
1939
1580
1223
619
3376
2500
3149
577
745
4234
851
1130
2743
549
4479
2561
715
3579
19
2695
3035
4205
4550
3122
4012
676
824
3992
1213
2453
4645
2242
1446
3226
3501
916
1745
3703
3152
1764
3631
3875
3966
4132
2094
2989
2094
4132
3966
3875
3631
1764
3152
3703
1745
916
3501
3226
1446
2242
4645
2453
1213
3992
824
676
4012
3122
4550
4205
3035
2695
19
3579
715
2561
4479
549
2743
1130
851
4234
745
577
3149
2500
3376
619
1223
1580
1939
1817
1573
4047
3651
4415
286
2844
4000
1691
375
637
2235
98
3422
1855
2863
321
3494
2508
4242
2364
3144
4828
954
3906
3757
3261
2486
10
1031
534
1814
759
138
2207
3930
2008
3541
4380
2960
1507
3691
4320
1637
3269
2320
288
3032
467
4777
4709
2397
3256
4025
749
2450
3479
396
1603
811
4148
2733
624
1889
3432
1517
2932
4484
4226
1864
3883
68
1492
1099
2501
855
3091
4809
2339
3468
455
192
1873
4676
4324
3791
4168
3188
4720
179
1405
4059
3267
1728
674
2643
55
267
1237
2729
450
2634
2226
1117
1547
124
4225
3693
1668
3481
1186
187
2806
3246
1430
3967
4237
1831
935
587
1
3074
2780
41
1030
821
460
1944
3186
3131
3876
3268
4726
4026
2926
3008
378
1821
621
233
4686
4134
4283
3297
3507
3584
2329
1768
2160
126
2728
4368
1217
53
1201
1159
4211
2581
1150
1611
1188
343
3439
4420
849
2982
1757
1238
3423
1104
2304
1295
3020
1323
3643
2563
2859
777
2046
2167
4268
819
2176
2935
3557
4246
4284
3690
1937
3880
4592
3487
580
1169
4406
1688
796
1538
3427
2348
2986
949
2279
3156
4848
433
1305
2701
979
4287
690
2537
4466
1292
1866
503
3913
1097
4065
3339
4243
1865
4896
2921
2824
32
250
2883
2920
4752
4282
2413
1511
3763
2847
60
4022
3395
1726
2715
1849
3854
3075
2427
4754
3052
1161
3490
2858
1299
2331
1678
3128
2393
507
3442
2595
132
2164
3430
4671
285
996
2065
1021
3147
164
4322
2107
4812
3972
3983
1961
1852
1679
3660
2942
221
1394
3964
2933
4699
40
494
4629
4536
514
4536
4629
494
40
4699
2933
3964
1394
221
2942
3660
1679
1852
1961
3983
3972
4812
2107
4322
164
3147
1021
2065
996
285
4671
3430
2164
132
2595
3442
507
2393
3128
1678
2331
1299
2858
3490
1161
3052
4754
2427
3075
3854
1849
2715
1726
3395
4022
60
2847
3763
1511
2413
4282
4752
2920
2883
250
32
2824
2921
4896
1865
4243
3339
4065
1097
3913
503
1866
1292
4466
2537
690
4287
979
2701
1305
433
4848
3156
2279
949
2986
2348
3427
1538
796
1688
4406
1169
580
3487
4592
3880
1937
3690
4284
4246
3557
2935
2176
819
4268
2167
2046
777
2859
2563
3643
1323
3020
1295
2304
1104
3423
1238
1757
2982
849
4420
3439
343
1188
1611
1150
2581
4211
1159
1201
53
1217
4368
2728
126
2160
1768
2329
3584
3507
3297
4283
4134
4686
233
621
1821
378
3008
2926
4026
4726
3268
3876
3131
3186
1944
460
821
1030
41
2780
3074
1
4099
3312
3431
1441
3454
4772
2180
3211
2436
828
4439
4928
559
4467
4530
582
2309
1249
4831
641
671
3617
4974
841
1347
4701
1893
2438
3604
4079
2252
3361
4862
1264
3872
3827
1883
458
2670
2300
4938
1079
3146
921
643
2787
2994
4393
82
4086
3161
2629
2987
177
1620
432
3005
1958
4892
4557
1209
2340
4706
2009
1942
1513
477
1669
4793
142
4672
862
2601
4761
794
1282
4973
330
2108
568
3956
2011
3540
1042
160
4641
1835
1796
2182
4075
9
4280
3608
3739
651
3408
1232
4240
3337
4181
570
4794
3675
4252
1207
3346
3774
2880
3228
4035
1270
2890
473
2995
4847
2911
2365
3937
3898
1287
4299
4736
4717
1909
2468
173
4200
4958
981
4062
4602
3050
3718
4805
2461
4503
526
3904
3959
574
566
2946
3600
4692
1774
2201
858
2913
48
3009
144
1820
4746
1615
3620
1092
3547
2055
379
864
1809
3807
3498
1950
1005
4878
1005
1950
3498
3807
1809
864
379
2055
3547
1092
3620
1615
4746
1820
144
3009
48
2913
858
2201
1774
4692
3600
2946
566
574
3959
3904
526
4503
2461
4805
3718
3050
4602
4062
981
4958
4200
173
2468
1909
4717
4736
4299
1287
3898
3937
2365
2911
4847
2995
473
2890
1270
4035
3228
2880
3774
3346
1207
4252
3675
4794
570
4181
3337
4240
1232
3408
651
3739
3608
4280
9
4075
2182
1796
1835
4641
160
1042
3540
2011
3956
568
2108
330
4973
1282
794
4761
2601
862
4672
142
4793
1669
477
1513
1942
2009
4706
2340
1209
4557
4892
1958
3005
432
1620
177
2987
2629
3161
4086
82
4393
2994
2787
643
921
3146
1079
4938
2300
2670
458
1883
3827
3872
1264
4862
3361
2252
4079
3604
2438
1893
4701
1347
841
4974
3617
671
641
4831
1249
2309
582
4530
4467
559
4928
4439
828
2436
3211
2180
4772
3454
1441
3431
3312
4099
1
4006
4039
1297
3368
2870
4092
640
523
4705
3923
2963
2133
3448
2676
2528
2441
2978
3646
2519
4377
3926
3851
4916
4681
2015
3804
4710
1313
1639
3471
2809
537
2792
2706
4807
1655
4674
1428
2048
4184
3488
3473
3508
883
3806
2335
4455
4214
298
2294
1296
4149
2930
4594
4838
1027
1591
1825
1421
2314
4044
2256
4115
1572
4480
2753
1875
1683
4089
234
2663
1184
4778
4069
2299
1229
2159
1480
3993
3789
1590
946
1815
4578
688
1123
4133
4030
2907
2237
2902
545
1418
1697
3069
527
2843
311
4495
592
2948
3721
694
1972
4093
3288
4788
3635
3220
4221
1369
4868
370
1643
1740
4207
4483
1177
3667
4
2653
2173
4165
4302
419
1245
3640
4370
178
2807
3207
4977
2454
1385
402
372
3587
457
4810
3974
61
3247
1483
4312
1945
1094
2525
17
308
1461
3673
4144
997
2678
4481
4937
4161
4514
4140
3210
422
3679
2506
3605
3393
2028
3393
3605
2506
3679
422
3210
4140
4514
4161
4937
4481
2678
997
4144
3673
1461
308
17
2525
1094
1945
4312
1483
3247
61
3974
4810
457
3587
372
402
1385
2454
4977
3207
2807
178
4370
3640
1245
419
4302
4165
2173
2653
4
3667
1177
4483
4207
1740
1643
370
4868
1369
4221
3220
3635
4788
3288
4093
1972
694
3721
2948
592
4495
311
2843
527
3069
1697
1418
545
2902
2237
2907
4030
4133
1123
688
4578
1815
946
1590
3789
3993
1480
2159
1229
2299
4069
4778
1184
2663
234
4089
1683
1875
2753
4480
1572
4115
2256
4044
2314
1421
1825
1591
1027
4838
4594
2930
4149
1296
2294
298
4214
4455
2335
3806
883
3508
3473
3488
4184
2048
1428
4674
1655
4807
2706
2792
537
2809
3471
1639
1313
4710
3804
2015
4681
4916
3851
3926
4377
2519
3646
2978
2441
2528
2676
3448
2133
2963
3923
4705
523
640
4092
2870
3368
1297
4039
4006
1
2044
4713
3320
92
139
3470
4003
3333
2867
4748
4476
2876
901
1700
4556
4894
3379
3061
2227
4852
2292
3384
3865
1410
945
4559
3549
4926
4917
3485
4564
4970
1328
3199
3429
3262
666
3046
2723
2675
3
4856
3360
4537
3805
3012
4603
2575
1957
4914
830
2621
137
2491
2658
4321
2894
4192
4017
911
3381
3103
986
2953
3402
3033
2039
2707
4634
1586
1544
3885
3057
2950
4215
4950
4813
4829
2483
3856
1832
2726
4298
1516
2347
4285
3686
2418
596
449
465
1999
983
4074
4319
4329
1638
3121
47
2408
2225
877
1054
1455
3744
3816
3899
869
1307
807
3305
2415
1582
1720
283
1052
542
4174
3348
3325
826
3060
918
1829
2944
2786
1426
1017
3391
551
1069
2830
767
1063
218
3571
2860
1690
1216
4199
2690
1276
734
1906
380
1324
3165
401
623
3724
303
1086
94
987
1348
3497
3390
953
85
3523
845
2021
2367
2244
1317
1122
1317
2244
2367
2021
845
3523
85
953
3390
3497
1348
987
94
1086
303
3724
623
401
3165
1324
380
1906
734
1276
2690
4199
1216
1690
2860
3571
218
1063
767
2830
1069
551
3391
1017
1426
2786
2944
1829
918
3060
826
3325
3348
4174
542
1052
283
1720
1582
2415
3305
807
1307
869
3899
3816
3744
1455
1054
877
2225
2408
47
3121
1638
4329
4319
4074
983
1999
465
449
596
2418
3686
4285
2347
1516
4298
2726
1832
3856
2483
4829
4813
4950
4215
2950
3057
3885
1544
1586
4634
2707
2039
3033
3402
2953
986
3103
3381
911
4017
4192
2894
4321
2658
2491
137
2621
830
4914
1957
2575
4603
3012
3805
4537
3360
4856
3
2675
2723
3046
666
3262
3429
3199
1328
4970
4564
3485
4917
4926
3549
4559
945
1410
3865
3384
2292
4852
2227
3061
3379
4894
4556
1700
901
2876
4476
4748
2867
3333
4003
3470
139
92
3320
4713
2044
1
1345
1234
101
4136
2038
3709
172
2083
80
4637
3145
4588
29
705
4036
2342
3529
2034
3459
3483
1269
1173
182
608
1062
3836
1920
4159
3109
3465
3076
2696
2197
2399
4599
2751
2502
3437
1566
4708
604
390
2570
3545
3698
1981
2189
4780
3495
3139
4866
3511
3308
1626
1438
2682
764
2547
3281
4101
1255
818
668
2659
977
4555
564
4464
3063
982
3683
1754
4351
3334
2214
3726
4527
2965
658
1231
2467
3678
73
1070
933
704
196
2812
2713
461
3285
1414
2839
2518
2006
2773
1731
1786
4586
1241
3133
628
1465
3826
956
700
3088
3440
4964
1984
190
1444
3055
4458
635
1705
4841
1830
243
1585
237
1422
1066
3965
1989
847
2853
2091
3715
269
4387
349
1648
4238
515
1711
1968
3509
1650
2395
4784
714
492
3988
518
1925
4369
3089
1106
866
1490
2908
595
3884
3190
3171
2672
4352
3659
344
4551
761
4194
4730
2615
4558
2615
4730
4194
761
4551
344
3659
4352
2672
3171
3190
3884
595
2908
1490
866
1106
3089
4369
1925
518
3988
492
714
4784
2395
1650
3509
1968
1711
515
4238
1648
349
4387
269
3715
2091
2853
847
1989
3965
1066
1422
237
1585
243
1830
4841
1705
635
4458
3055
1444
190
1984
4964
3440
3088
700
956
3826
1465
628
3133
1241
4586
1786
1731
2773
2006
2518
2839
1414
3285
461
2713
2812
196
704
933
1070
73
3678
2467
1231
658
2965
4527
3726
2214
3334
4351
1754
3683
982
3063
4464
564
4555
977
2659
668
818
1255
4101
3281
2547
764
2682
1438
1626
3308
3511
4866
3139
3495
4780
2189
1981
3698
3545
2570
390
604
4708
1566
3437
2502
2751
4599
2399
2197
2696
3076
3465
3109
4159
1920
3836
1062
608
182
1173
1269
3483
3459
2034
3529
2342
4036
705
29
4588
3145
4637
80
2083
172
3709
2038
4136
101
1234
1345
1
4919
2974
4835
3233
4340
3323
716
1896
3493
2062
2224
3272
199
3127
4288
4037
815
2139
3562
539
1148
278
1576
528
36
1228
2564
315
4875
3404
4931
415
3882
842
3716
809
2586
3808
645
4712
2904
3637
2035
4260
2749
3575
2543
3581
1990
2239
4711
2280
46
1677
4013
685
4384
3649
3819
2382
3944
441
1149
2140
490
3044
2455
2668
1844
906
1442
4909
5
4526
389
405
2763
4796
530
74
2423
2000
1191
3369
3849
1574
2389
26
665
4568
2456
902
499
2865
2344
2758
3688
4190
434
1286
1558
2721
681
1170
1802
3458
4790
1370
1993
1398
316
322
3115
1119
980
1028
4117
962
95
1219
2705
2771
3301
1859
2716
2628
327
4930
3962
3045
2255
2732
1481
810
4981
4652
437
3184
3975
4881
3832
2216
1451
4579
3292
2036
3669
4315
3770
1105
113
3098
70
2307
4438
4797
3656
2402
2850
4120
3612
121
2325
4729
4096
3083
4096
4729
2325
121
3612
4120
2850
2402
3656
4797
4438
2307
70
3098
113
1105
3770
4315
3669
2036
3292
4579
1451
2216
3832
4881
3975
3184
437
4652
4981
810
1481
2732
2255
3045
3962
4930
327
2628
2716
1859
3301
2771
2705
1219
95
962
4117
1028
980
1119
3115
322
316
1398
1993
1370
4790
3458
1802
1170
681
2721
1558
1286
434
4190
3688
2758
2344
2865
499
902
2456
4568
665
26
2389
1574
3849
3369
1191
2000
2423
74
530
4796
2763
405
389
4526
5
4909
1442
906
1844
2668
2455
3044
490
2140
1149
441
3944
2382
3819
3649
4384
685
4013
1677
46
2280
4711
2239
1990
3581
2543
3575
2749
4260
2035
3637
2904
4712
645
3808
2586
809
3716
842
3882
415
4931
3404
4875
315
2564
1228
36
528
1576
278
1148
539
3562
2139
815
4037
4288
3127
199
3272
2224
2062
3493
1896
716
3323
4340
3233
4835
2974
4919
1
3824
268
1605
4010
3729
228
2571
4698
839
1553
2230
2766
1714
672
4633
3570
3927
4241
1836
1696
3094
2504
4863
958
2929
3702
3677
435
3484
4886
4861
3525
616
1202
985
1061
1581
3980
1056
1108
4702
1443
4911
2577
270
4944
2885
4520
3248
2517
2045
4182
2947
3326
4204
2183
607
2597
2118
3692
1503
2799
226
317
266
3973
4245
3578
363
3182
1599
1047
4109
2082
1367
698
3310
4436
4688
2770
3453
3023
2439
2631
699
827
87
2422
2954
4620
3900
2687
1589
1171
1665
1776
2241
831
4271
3405
1699
4659
4009
4693
3607
4653
541
3219
1439
1109
1015
2558
3170
914
2072
4880
78
1863
1227
2479
2872
4277
584
1800
4612
297
393
726
4549
3543
2605
1113
3302
3842
4532
3355
2781
2228
474
4668
3445
241
2535
4506
1732
721
972
3963
558
2124
2493
4596
4727
4839
2002
1914
1737
1039
963
886
4188
2855
4827
486
201
3553
201
486
4827
2855
4188
886
963
1039
1737
1914
2002
4839
4727
4596
2493
2124
558
3963
972
721
1732
4506
2535
241
3445
4668
474
2228
2781
3355
4532
3842
3302
1113
2605
3543
4549
726
393
297
4612
1800
584
4277
2872
2479
1227
1863
78
4880
2072
914
3170
2558
1015
1109
1439
3219
541
4653
3607
4693
4009
4659
1699
3405
4271
831
2241
1776
1665
1171
1589
2687
3900
4620
2954
2422
87
827
699
2631
2439
3023
3453
2770
4688
4436
3310
698
1367
2082
4109
1047
1599
3182
363
3578
4245
3973
266
317
226
2799
1503
3692
2118
2597
607
2183
4204
3326
2947
4182
2045
2517
3248
4520
2885
4944
270
2577
4911
1443
4702
1108
1056
3980
1581
1061
985
1202
616
3525
4861
4886
3484
435
3677
3702
2929
958
4863
2504
3094
1696
1836
4241
3927
3570
4633
672
1714
2766
2230
1553
839
4698
2571
228
3729
4010
1605
268
3824
1
2495
261
4959
115
4774
1484
2622
4256
1432
3546
2549
801
4766
4444
1419
2283
3877
536
4158
2596
1933
2914
3997
3939
2459
63
569
4664
296
3636
1803
2976
3777
4933
104
3894
4650
1333
4512
1049
4364
4893
3185
3510
797
1262
3378
3148
633
1952
3505
235
3016
3761
4001
723
506
2550
3502
354
4851
2557
4395
2443
746
1349
1342
1524
4052
3296
1973
2080
1185
2337
2246
211
4768
3480
1090
2396
225
2025
2349
793
3708
4279
991
2451
4296
135
2873
3948
1712
2822
3287
1158
118
4348
2417
4543
123
2983
4135
2181
1522
728
613
1036
1259
3087
3823
2433
3173
2315
4509
1308
365
808
540
4335
3252
656
323
1008
2200
488
2496
125
1074
1395
4248
4295
4607
1284
3670
3970
3627
2931
2562
3929
4423
4510
2452
3332
150
319
4682
2076
1629
1568
3238
4617
3401
1189
1956
3407
1681
1075
489
1612
2849
4334
4915
2646
4855
751
4855
2646
4915
4334
2849
1612
489
1075
1681
3407
1956
1189
3401
4617
3238
1568
1629
2076
4682
319
150
3332
2452
4510
4423
3929
2562
2931
3627
3970
3670
1284
4607
4295
4248
1395
1074
125
2496
488
2200
1008
323
656
3252
4335
540
808
365
1308
4509
2315
3173
2433
3823
3087
1259
1036
613
728
1522
2181
4135
2983
123
4543
2417
4348
118
1158
3287
2822
1712
3948
2873
135
4296
2451
991
4279
3708
793
2349
2025
225
2396
1090
3480
4768
211
2246
2337
1185
2080
1973
3296
4052
1524
1342
1349
746
2443
4395
2557
4851
354
3502
2550
506
723
4001
3761
3016
235
3505
1952
633
3148
3378
1262
797
3510
3185
4893
4364
1049
4512
1333
4650
3894
104
4933
3777
2976
1803
3636
296
4664
569
63
2459
3939
3997
2914
1933
2596
4158
536
3877
2283
1419
4444
4766
801
2549
3546
1432
4256
2622
1484
4774
115
4959
261
2495
1
108
3433
2223
2209
1457
1554
1127
2606
3792
1224
2406
1112
2485
720
3901
2598
3198
915
2998
3382
2356
4552
416
3455
2022
733
3535
2343
4947
2783
3314
1860
3151
799
817
2215
2927
1350
4636
727
3916
3925
4541
1253
4276
3259
1160
3415
417
652
2346
4613
4695
936
2566
1493
2648
3554
775
4110
3043
4523
200
2170
4355
798
4587
3890
3461
4323
114
3476
2848
3798
3642
4153
4403
2426
2030
2536
2700
2975
1543
1658
1329
3539
1717
1701
1872
3315
3619
3191
6
1587
3984
2892
3603
4446
1564
4167
3187
3166
4108
4474
4496
4105
2334
3475
4405
1497
1660
119
2449
4825
3398
3403
3257
4016
3513
583
1556
2996
4131
2
4233
3444
256
1401
4721
408
2081
3446
4142
4869
2323
1680
1778
1666
2708
2730
299
3751
1311
4346
863
2217
4289
2591
3489
1163
3626
2516
3354
879
2079
2840
2545
4382
4265
2404
1172
4185
707
2827
3347
550
3347
2827
707
4185
1172
2404
4265
4382
2545
2840
2079
879
3354
2516
3626
1163
3489
2591
4289
2217
863
4346
1311
3751
299
2730
2708
1666
1778
1680
2323
4869
4142
3446
2081
408
4721
1401
256
3444
4233
2
4131
2996
1556
583
3513
4016
3257
3403
3398
4825
2449
119
1660
1497
4405
3475
2334
4105
4496
4474
4108
3166
3187
4167
1564
4446
3603
2892
3984
1587
6
3191
3619
3315
1872
1701
1717
3539
1329
1658
1543
2975
2700
2536
2030
2426
4403
4153
3642
3798
2848
3476
114
4323
3461
3890
4587
798
4355
2170
200
4523
3043
4110
775
3554
2648
1493
2566
936
4695
4613
2346
652
417
3415
1160
3259
4276
1253
4541
3925
3916
727
4636
1350
2927
2215
817
799
3151
1860
3314
2783
4947
2343
3535
733
2022
3455
416
4552
2356
3382
2998
915
3198
2598
3901
720
2485
1112
2406
1224
3792
2606
1127
1554
1457
2209
2223
3433
108
1
4718
2572
44
742
1718
2084
394
2915
239
4128
2336
3949
1133
4941
4845
4230
1200
948
600
2101
2271
2249
1684
3245
961
2669
4228
105
2010
4842
4874
4152
974
2544
1475
1429
966
4292
1887
951
3212
2338
2177
3222
251
675
4385
4447
806
223
1529
626
3244
2748
2247
3193
1289
4097
86
2831
2685
1753
3934
896
3593
1424
4722
493
3558
1510
1118
2196
4416
43
1918
3215
4504
2852
2409
1024
3090
337
1012
2497
924
618
4665
2354
1985
2851
4798
1540
1409
1469
2212
4419
2419
2142
3952
1399
4429
3373
3933
2912
1256
481
525
468
928
4816
1489
2171
152
3597
1783
925
784
1358
3592
1862
3931
2041
258
4203
3099
1254
562
1180
556
758
3135
4739
520
3896
4836
1265
4301
271
4913
2599
1724
1816
107
1362
3701
3042
1016
2460
2195
4900
4206
2007
2642
2955
37
750
1293
3748
4104
4902
2610
2254
146
1360
1464
1468
1464
1360
146
2254
2610
4902
4104
3748
1293
750
37
2955
2642
2007
4206
4900
2195
2460
1016
3042
3701
1362
107
1816
1724
2599
4913
271
4301
1265
4836
3896
520
4739
3135
758
556
1180
562
1254
3099
4203
258
2041
3931
1862
3592
1358
784
925
1783
3597
152
2171
1489
4816
928
468
525
481
1256
2912
3933
3373
4429
1399
3952
2142
2419
4419
2212
1469
1409
1540
4798
2851
1985
2354
4665
618
924
2497
1012
337
3090
1024
2409
2852
4504
3215
1918
43
4416
2196
1118
1510
3558
493
4722
1424
3593
896
3934
1753
2685
2831
86
4097
1289
3193
2247
2748
3244
626
1529
223
806
4447
4385
675
251
3222
2177
2338
3212
951
1887
4292
966
1429
1475
2544
974
4152
4874
4842
2010
105
4228
2669
961
3245
1684
2249
2271
2101
600
948
1200
4230
4845
4941
1133
3949
2336
4128
239
2915
394
2084
1718
742
44
2572
4718
1
1053
4832
3056
1885
1613
3293
2375
2157
1624
912
2345
1910
871
1009
2291
1682
677
2979
2842
639
2127
2541
291
2588
1840
3544
3370
338
304
409
381
4593
2600
1048
4166
1051
567
153
3150
1240
2220
579
504
3767
2077
4177
4057
2267
1794
3227
273
272
4968
3276
4257
1795
2442
4767
4396
3273
1326
2358
789
2866
1025
2341
3971
1325
4799
3102
4498
4760
4804
2261
1584
4201
1462
1139
4624
2064
3765
3623
975
1662
4488
3096
1995
3366
2194
4646
1839
4450
3230
1595
1600
4180
3655
1799
1651
3846
4623
1653
4745
1067
743
3987
555
4306
3995
3413
1928
4765
3853
170
2937
204
2368
4272
1260
2895
421
4051
1752
480
3058
1593
1912
306
3450
919
4468
3685
3912
3621
1242
284
4882
4477
339
4061
4791
77
1019
4538
4771
4470
2424
1380
2817
2117
3451
3066
3830
687
2016
1631
702
3070
2114
4077
589
52
198
4222
4454
2281
4454
4222
198
52
589
4077
2114
3070
702
1631
2016
687
3830
3066
3451
2117
2817
1380
2424
4470
4771
4538
1019
77
4791
4061
339
4477
4882
284
1242
3621
3912
3685
4468
919
3450
306
1912
1593
3058
480
1752
4051
421
2895
1260
4272
2368
204
2937
170
3853
4765
1928
3413
3995
4306
555
3987
743
1067
4745
1653
4623
3846
1651
1799
3655
4180
1600
1595
3230
4450
1839
4646
2194
3366
1995
3096
4488
1662
975
3623
3765
2064
4624
1139
1462
4201
1584
2261
4804
4760
4498
3102
4799
1325
3971
2341
1025
2866
789
2358
1326
3273
4396
4767
2442
1795
4257
3276
4968
272
273
3227
1794
2267
4057
4177
2077
3767
504
579
2220
1240
3150
153
567
1051
4166
1048
2600
4593
381
409
304
338
3370
3544
1840
2588
291
2541
2127
639
2842
2979
677
1682
2291
1009
871
1910
2345
912
1624
2157
2375
3293
1613
1885
3056
4832
1053
1
703
4897
4818
3536
4783
4195
1152
2120
127
4858
1081
729
3712
3663
2992
1743
2273
1692
1478
1602
1622
2532
2464
2126
3782
3176
1709
2553
3755
3845
3338
364
4830
4478
3516
2184
231
4943
143
591
116
1722
4304
4924
2352
2289
4647
2429
4130
3514
1080
1486
1991
4413
382
2111
4890
2156
3563
1386
2098
4082
355
487
2614
2134
4776
3650
3179
1782
1772
833
4565
710
4675
2527
4189
4475
193
2590
1420
2952
655
202
3684
1867
4294
731
430
2390
1280
1659
837
1361
4972
3793
3232
1187
783
686
1037
4860
1035
39
1888
1128
4004
3881
2841
1518
2684
3801
3818
2321
2401
3411
795
2691
884
701
3168
4773
2272
2692
3591
3249
2202
3160
4955
4889
3412
2804
2437
2042
967
4247
2416
3072
3113
4833
1247
497
3868
2392
3778
253
4505
2925
622
2993
602
2243
3728
1661
4262
2085
2657
4278
3343
1101
3976
4100
3893
1500
730
4473
730
1500
3893
4100
3976
1101
3343
4278
2657
2085
4262
1661
3728
2243
602
2993
622
2925
4505
253
3778
2392
3868
497
1247
4833
3113
3072
2416
4247
967
2042
2437
2804
3412
4889
4955
3160
2202
3249
3591
2692
2272
4773
3168
701
884
2691
795
3411
2401
2321
3818
3801
2684
1518
2841
3881
4004
1128
1888
39
1035
4860
1037
686
783
1187
3232
3793
4972
1361
837
1659
1280
2390
430
731
4294
1867
3684
202
655
2952
1420
2590
193
4475
4189
2527
4675
710
4565
833
1772
1782
3179
3650
4776
2134
2614
487
355
4082
2098
1386
3563
2156
4890
2111
382
4413
1991
1486
1080
3514
4130
2429
4647
2289
2352
4924
4304
1722
116
591
143
4943
231
2184
3516
4478
4830
364
3338
3845
3755
2553
1709
3176
3782
2126
2464
2532
1622
1602
1478
1692
2273
1743
2992
3663
3712
729
1081
4858
127
2120
1152
4195
4783
3536
4818
4897
703
1
3577
632
3978
631
1162
782
2784
275
156
2121
612
431
4951
1126
472
2219
760
4358
3629
4531
1373
2198
4524
3730
3538
3174
3108
3364
2814
1834
3389
2917
1915
1932
4553
3955
1298
2503
2623
1197
4219
2040
4566
282
3416
90
184
4290
4264
3177
1693
787
4591
532
3282
1924
4155
1248
1166
3349
4307
4249
3735
4198
1174
773
3213
748
4229
2310
215
210
205
4353
1982
2313
4724
2569
4673
2789
1555
4815
1098
482
943
4146
2024
4066
2801
3776
2092
469
929
932
788
4124
2100
1569
917
2043
1537
129
1561
3082
3015
2897
3506
4910
1559
3794
969
3065
1303
4418
162
578
2259
1488
3852
4516
2896
4635
3800
1746
425
2739
3275
4487
1379
4309
3556
653
1319
1129
4834
2811
2889
1220
206
4733
2147
2498
1065
254
2073
1064
1899
4286
352
1230
1359
336
4940
4932
774
2350
1134
1980
2905
4141
3940
3449
3762
1789
1614
466
1614
1789
3762
3449
3940
4141
2905
1980
1134
2350
774
4932
4940
336
1359
1230
352
4286
1899
1064
2073
254
1065
2498
2147
4733
206
1220
2889
2811
4834
1129
1319
653
3556
4309
1379
4487
3275
2739
425
1746
3800
4635
2896
4516
3852
1488
2259
578
162
4418
1303
3065
969
3794
1559
4910
3506
2897
3015
3082
1561
129
1537
2043
917
1569
2100
4124
788
932
929
469
2092
3776
2801
4066
2024
4146
943
482
1098
4815
1555
2789
4673
2569
4724
2313
1982
4353
205
210
215
2310
4229
748
3213
773
1174
4198
3735
4249
4307
3349
1166
1248
4155
1924
3282
532
4591
787
1693
3177
4264
4290
184
90
3416
282
4566
2040
4219
1197
2623
2503
1298
3955
4553
1932
1915
2917
3389
1834
2814
3364
3108
3174
3538
3730
4524
2198
1373
4531
3629
4358
760
2219
472
1126
4951
431
612
2121
156
275
2784
782
1162
631
3978
632
3577
1
976
1707
2410
3652
214
1618
971
2756
69
2938
2645
27
768
257
1623
1452
502
3602
2458
4160
4876
1627
2020
2510
2487
1312
1088
1869
1423
3696
4336
3054
1926
4425
4145
3253
561
1685
3167
1900
781
4811
1654
1382
4580
1549
133
4267
4293
2137
1509
2026
1525
3994
3159
3847
3957
1819
1291
4728
2052
4116
667
2075
4376
660
4936
4129
4625
4678
1408
905
479
605
4034
2875
1955
1137
3802
2005
973
2823
1059
4934
4281
3840
2482
772
4196
3946
968
1337
2594
1649
1645
3216
4785
244
875
3985
66
4392
2533
1628
1043
1560
1320
1719
1294
2303
2651
1807
1546
634
4212
1353
3418
1145
4655
2466
3768
4363
4255
3795
2290
3599
1767
445
1449
1779
259
4157
3181
4310
4318
2790
4333
1327
1404
3039
3583
1798
2891
597
428
2211
4076
1226
281
2679
1804
4779
1977
909
1676
1225
1055
4608
4330
638
3209
4227
995
1736
4822
1114
4822
1736
995
4227
3209
638
4330
4608
1055
1225
1676
909
1977
4779
1804
2679
281
1226
4076
2211
428
597
2891
1798
3583
3039
1404
1327
4333
2790
4318
4310
3181
4157
259
1779
1449
445
1767
3599
2290
3795
4255
4363
3768
2466
4655
1145
3418
1353
4212
634
1546
1807
2651
2303
1294
1719
1320
1560
1043
1628
2533
4392
66
3985
875
244
4785
3216
1645
1649
2594
1337
968
3946
4196
772
2482
3840
4281
4934
1059
2823
973
2005
3802
1137
1955
2875
4034
605
479
905
1408
4678
4625
4129
4936
660
4376
2075
667
4116
2052
4728
1291
1819
3957
3847
3159
3994
1525
2026
1509
2137
4293
4267
133
1549
4580
1382
1654
4811
781
1900
3167
1685
561
3253
4145
4425
1926
3054
4336
3696
1423
1869
1088
1312
2487
2510
2020
1627
4876
4160
2458
3602
502
1452
1623
257
768
27
2645
2938
69
2756
971
1618
214
3652
2410
1707
976
1
1077
1263
1903
1891
2330
3991
1811
4038
2403
3520
3158
3463
1708
357
4945
4223
2874
3284
3206
3634
4269
3902
2999
2699
1435
340
4590
414
2752
4969
440
406
3950
3143
1007
238
1548
711
1847
3477
230
557
3496
940
454
310
2511
1100
1272
1838
3234
174
2617
4186
395
1257
3283
328
786
4921
2620
2957
4601
1636
4854
4519
2444
1716
4786
7
3861
780
3452
329
988
100
1120
4388
4164
2980
4762
333
4434
955
2188
1929
1759
907
3059
4426
1577
326
1147
517
2861
3815
11
4545
2886
885
900
3771
3954
1808
2720
664
4139
1018
3138
2782
3441
1960
2381
3194
2263
3867
3017
1512
3214
1434
1050
2238
1710
1742
3911
4032
1606
4939
1351
3040
1532
368
4942
373
3085
3472
3866
2857
2492
1463
2795
2805
4183
1528
3871
1739
744
4501
1103
4316
2097
1854
3736
1857
960
575
3068
388
4694
3838
554
3714
4744
565
99
4021
99
565
4744
3714
554
3838
4694
388
3068
575
960
1857
3736
1854
2097
4316
1103
4501
744
1739
3871
1528
4183
2805
2795
1463
2492
2857
3866
3472
3085
373
4942
368
1532
3040
1351
4939
1606
4032
3911
1742
1710
2238
1050
1434
3214
1512
3017
3867
2263
3194
2381
1960
3441
2782
3138
1018
4139
664
2720
1808
3954
3771
900
885
2886
4545
11
3815
2861
517
1147
326
1577
4426
3059
907
1759
1929
2188
955
4434
333
4762
2980
4164
4388
1120
100
988
329
3452
780
3861
7
4786
1716
2444
4519
4854
1636
4601
2957
2620
4921
786
328
3283
1257
395
4186
2617
174
3234
1838
1272
1100
2511
310
454
940
3496
557
230
3477
1847
711
1548
238
1007
3143
3950
406
440
4969
2752
414
4590
340
1435
2699
2999
3902
4269
3634
3206
3284
2874
4223
4945
357
1708
3463
3158
3520
2403
4038
1811
3991
2330
1891
1903
1263
1077
1
895
397
843
277
3367
4563
4956
2542
2838
3464
856
2846
3106
1970
3534
1826
3518
2829
2832
4359
1091
1762
1594
1756
1365
1760
1335
4561
3335
1770
3821
1698
3271
3192
2636
1381
4640
1792
3169
846
2909
1391
791
4469
3747
3241
3841
103
625
2608
4485
3895
2109
3648
2741
348
2250
3277
4371
1416
2719
2494
4846
4261
181
4803
2069
4465
1376
2362
1267
4639
3092
4935
2667
151
4433
2089
3787
2265
4741
2514
3812
747
427
456
1346
2380
2754
2618
3316
663
361
3783
1879
3038
2153
22
128
1412
1499
2472
4197
2639
1204
3205
3140
2222
374
3225
2760
1466
491
4173
3218
447
4903
1943
2357
4208
4759
185
4887
1644
2012
2061
829
2027
4879
3573
3000
4609
4297
4350
4614
790
2359
3400
679
4820
1374
3797
2816
1198
2379
1551
642
1179
804
3014
3839
2674
2655
3134
2683
2509
2372
4328
4976
3221
3537
4920
4325
359
4421
2736
4421
359
4325
4920
3537
3221
4976
4328
2372
2509
2683
3134
2655
2674
3839
3014
804
1179
642
1551
2379
1198
2816
3797
1374
4820
679
3400
2359
790
4614
4350
4297
4609
3000
3573
4879
2027
829
2061
2012
1644
4887
185
4759
4208
2357
1943
4903
447
3218
4173
491
1466
2760
3225
374
2222
3140
3205
1204
2639
4197
2472
1499
1412
128
22
2153
3038
1879
3783
361
663
3316
2618
2754
2380
1346
456
427
747
3812
2514
4741
2265
3787
2089
4433
151
2667
4935
3092
4639
1267
2362
1376
4465
2069
4803
181
4261
4846
2494
2719
1416
4371
3277
2250
348
2741
3648
2109
3895
4485
2608
625
103
3841
3241
3747
4469
791
1391
2909
846
3169
1792
4640
1381
2636
3192
3271
1698
3821
1770
3335
4561
1335
1760
1365
1756
1594
1762
1091
4359
2832
2829
3518
1826
3534
1970
3106
2846
856
3464
2838
2542
4956
4563
3367
277
843
397
895
1
1357
96
4356
4154
4087
3396
1921
3817
4122
1072
1986
2785
4823
4690
4056
3438
1266
4332
678
1861
1946
1495
4669
377
2199
1664
2613
2871
3062
1876
563
4344
2820
1979
1250
366
4925
3311
4150
4569
3313
2724
3180
403
2210
3813
1205
4399
649
33
3107
1073
2377
54
1407
3914
2624
838
3526
2428
1878
2053
1670
3428
3329
4179
242
4642
2985
1616
2660
1355
424
4374
4529
763
1135
3093
2218
753
1919
3998
2023
4948
1744
2939
802
2475
207
3928
3342
1663
1954
1078
3409
2949
3582
3749
391
835
599
771
4383
2704
4020
1801
3769
62
848
3236
1040
3609
2910
572
350
2694
2568
3917
3388
3371
1006
2145
163
3522
4343
2179
3123
2463
3279
247
752
2966
2981
3132
1601
117
757
4840
4583
2750
2529
1806
4253
1841
2797
4210
2112
823
1526
4331
1085
2370
4457
307
4029
1013
4143
3524
4372
1784
1482
2734
4782
2745
511
2531
4982
