1
2584
2363
1620
508
3490
2622
2942
446
2330
2380
2894
2754
774
244
1963
245
2422
22
2290
351
3235
231
4230
4312
2033
4639
3435
2226
3177
4863
4456
4598
3778
3848
1908
1461
2244
207
724
3570
41
3553
1677
4929
2764
1422
4769
2725
4866
2320
4020
3963
4802
2566
1466
4185
1729
167
3699
1518
918
2758
4486
434
1531
2530
3846
4148
2786
3317
2480
1832
2682
1994
4789
694
3878
1221
1662
4226
2562
1562
4472
1707
718
1385
4055
30
4734
1608
12
4236
3303
1566
3111
101
1306
747
2563
550
493
4953
265
4751
2139
3147
4439
3702
851
4393
3627
1596
1098
1773
3758
73
2962
3545
4973
1706
3944
4064
372
4328
3695
3662
1266
3507
852
3193
2012
2735
4910
2587
2303
4309
4101
3174
335
3652
4417
649
2523
4454
4506
4850
3480
4175
4211
2071
759
4664
2950
2436
1290
3959
1196
2781
365
144
4421
914
1956
997
2228
480
3172
4795
3211
3640
2907
610
4801
842
1906
4714
1830
3251
4785
3982
619
3717
3260
2133
3580
2426
4818
3898
521
411
800
3199
3863
4060
1524
988
4146
2179
2026
3623
888
1611
1258
2020
2243
4522
248
428
731
3684
1724
2100
4501
3792
1654
379
496
212
3400
1731
2116
3743
4232
898
1070
223
3137
2496
3176
2004
2840
4774
2076
4204
1187
2054
4675
430
4424
2645
1679
2756
306
4816
1147
4027
2874
348
4859
1655
3065
1028
3143
4002
1202
2516
4363
2009
1880
791
534
61
569
419
2517
1986
3897
4954
3391
1630
1704
344
4952
1945
3474
2911
1118
4396
202
3488
2861
4543
4014
3787
4968
1447
3273
1131
4119
2037
3166
3830
3737
4538
1898
1919
3977
18
732
966
2039
4313
1102
1607
808
3767
1862
517
3860
2138
4466
520
4105
2215
3170
2771
3459
2259
1243
4706
4959
4400
2294
4819
4995
758
66
401
3044
316
2687
3076
1727
1356
1975
2980
646
2525
3277
4403
4799
2876
267
1842
4536
19
448
4883
346
4387
2272
1376
1841
1868
2582
3535
347
1858
1964
2982
1463
4373
2265
177
4231
745
2402
1281
1012
2504
1744
2556
481
575
2689
2092
4273
464
4685
2538
1312
1402
1796
472
4848
3810
2966
2948
1748
4986
3139
624
210
3190
364
1538
2140
730
1488
1163
3103
4374
603
4615
1366
4891
1556
2445
4341
378
1113
3946
3710
629
4939
479
1413
2266
1603
4289
3217
572
2164
4041
3339
4726
3352
4708
1705
3881
2434
3693
3802
4635
1214
1899
2875
775
4809
1545
4551
597
4537
4156
4102
4076
568
1208
803
2805
3631
1327
1514
3837
3068
2357
4244
2240
1984
2338
3008
3971
2788
3025
4433
3980
3557
2199
3704
3612
795
1940
179
380
4787
268
4117
516
1667
2977
1126
1190
948
2624
1552
1903
1892
927
3212
4349
4820
395
2167
3086
4303
725
717
4261
2150
2473
3347
3261
781
3916
296
169
2913
4451
3368
2667
3004
1621
4589
500
3419
3882
982
3733
1317
1032
3780
4670
2498
2700
2815
4878
2910
706
4449
3574
993
1840
459
2757
4380
1013
1961
4356
1040
4376
3650
165
2550
1536
2658
1669
3902
1436
2603
4069
449
2263
874
889
2554
2129
260
829
205
2744
2386
393
4223
4826
1622
3552
2931
3412
2679
3821
1175
2154
683
1873
3500
1651
2048
1204
3511
4958
1854
3040
1431
102
909
1718
2926
743
271
4821
4110
1339
4895
1879
4573
3290
3432
4796
628
2655
1489
2925
4178
533
4149
4378
4330
4803
1161
119
2030
630
4137
3887
908
1875
253
2428
4727
3920
1331
2963
71
933
441
2069
3775
3109
1695
2392
1105
956
1109
2991
2103
4132
1115
2832
4717
2732
4066
901
3356
1053
3411
275
1135
272
4729
1177
4699
1443
3824
2650
2928
1223
4467
1291
58
4337
3567
3130
2352
3917
875
2286
3455
1475
151
4034
1512
259
3581
127
4279
4533
1815
3591
2734
4512
1794
4209
2094
420
1445
821
4071
3503
2096
3091
3035
1713
2195
1479
722
1286
100
1139
2458
2597
2979
2395
4446
3069
740
738
2326
3942
3912
2585
1762
2880
4195
455
3573
3952
2964
95
969
4778
638
1021
2481
3049
1710
3582
38
764
1368
1756
1337
1394
152
62
1501
4592
727
4136
96
1251
1216
2213
911
2740
2466
213
3800
1730
369
739
431
4703
1834
1946
4437
4320
1302
1852
670
608
3115
408
3239
3735
4562
3357
1239
2077
1103
3296
2063
4314
3678
4534
1414
3937
1500
1767
4435
2929
3125
868
2839
99
3466
1535
340
2923
3943
2811
1950
1111
3714
3307
4397
998
1881
2254
844
2091
2628
1083
2253
3929
4765
4827
3057
4949
2173
2237
2444
2074
1768
1283
2602
1927
1303
1270
1942
4971
2589
2130
168
830
3620
2050
2477
3187
4412
3240
4690
2089
920
2728
4344
4494
2052
2648
686
4229
1360
2575
4265
3209
2529
1951
1871
4736
4773
3223
24
1803
1280
1076
1320
3890
3666
318
4892
1699
4079
796
4021
2705
4338
1373
586
1618
1363
4889
511
1720
1201
3922
849
582
3165
607
4559
2614
902
3325
4182
4171
4858
1119
243
1277
2533
4482
612
1031
2160
934
4108
34
3797
3278
4844
266
2225
1017
4746
2499
2865
4571
3938
412
1838
2822
4249
3304
2947
4097
13
2450
1625
766
2172
2600
3153
1072
1960
4882
3405
3747
4116
4937
2539
1643
4411
4529
3773
3486
4525
2819
373
952
631
1238
3918
3248
1804
4942
2775
4473
1234
1797
3788
4646
250
4741
3385
181
4388
336
1191
1124
3549
3636
2284
2210
4792
1034
3321
1559
1641
1508
456
145
4288
2617
4346
1833
527
2730
2862
1007
930
916
2638
3389
3884
1790
688
4300
2005
3785
2424
981
984
835
1490
2072
2156
1680
1967
2198
1673
3906
2686
2969
4429
228
840
4913
2084
3692
128
1674
1525
383
1631
782
3855
3318
93
2531
3353
712
2619
3324
4516
467
3551
3285
3725
1612
471
2183
468
4924
433
1970
3498
2007
457
360
1549
2382
3949
2405
4898
3253
2578
3685
4611
3183
2611
1453
1893
4093
461
3302
837
3578
4239
3181
2881
3322
2866
343
3338
2358
1506
2660
3226
1759
702
502
358
483
2119
4738
4277
3350
789
2719
936
2629
122
94
305
3142
375
2946
669
1355
4582
232
2836
1698
4730
3013
3107
4202
4307
2255
2791
452
2610
1203
4645
116
2241
3464
3615
98
3823
1198
1059
3099
1387
4618
2857
130
753
1442
2296
3283
2062
2229
652
3646
928
1046
4422
3351
627
4936
2914
4824
142
4731
2489
3294
3728
3072
2636
3914
1211
3653
139
3071
331
1259
3483
4851
1295
3597
3007
3403
4575
4462
4038
4216
2291
1913
4975
270
1389
238
1895
3565
1554
967
3945
2047
4256
1974
4434
141
615
353
2899
2323
300
2770
4430
1189
598
2633
4794
3259
1374
2641
57
1155
741
3745
3905
3668
3736
3893
703
249
388
577
4199
1185
2448
4332
3525
1565
1693
537
1275
3750
3719
1627
4169
4507
3983
3664
4075
4587
54
2653
1218
1585
4985
2017
4585
1411
1399
21
4017
4165
204
3680
648
4974
3014
3016
1328
398
4180
3037
423
443
3359
4718
3609
4911
381
2200
698
862
1786
3658
2704
1250
2855
671
1276
4904
3675
4228
363
3163
35
2332
564
349
3687
1099
2018
3134
4552
3263
4106
2779
915
3149
450
3683
884
3346
4811
805
1041
2468
1510
2080
1546
680
1143
252
3399
3644
4700
3996
1057
1715
790
4725
80
772
3062
1170
2796
1019
3292
1723
1300
1120
1452
2345
150
2295
787
1812
2362
1194
2807
1764
3116
3237
1093
3010
4505
154
4955
2678
4873
2736
3989
2293
2773
2087
4865
1403
668
4158
4221
905
1219
505
3521
992
1499
3825
1998
4622
4284
1665
4764
3716
2733
2772
1700
3342
2305
4452
957
2274
2541
3152
2767
1876
4252
1457
2425
3494
4357
1672
4555
8
1091
1240
1519
4198
2279
1248
3741
3192
3451
2192
4100
3497
1941
2714
4333
4368
4902
632
4194
4658
44
1092
4250
983
878
4460
574
2739
2955
3242
4518
1587
4048
415
1782
1851
4157
903
2753
763
3059
2593
3961
3676
804
2348
4070
183
4184
4945
3530
802
1316
4797
2015
3493
229
291
2698
3791
1732
3047
4753
2688
870
2049
3663
4183
3439
1853
1009
962
752
3332
3039
2695
4965
3748
4011
4775
1405
3185
2280
2559
1278
854
2032
4263
2958
4172
4441
3404
4854
4257
951
4920
1305
4098
1487
1949
390
4791
2143
3762
3613
4930
815
1597
88
3932
2081
489
3991
1502
4674
4003
1738
2809
499
4262
3608
4594
4010
1574
3218
2591
3246
4558
4331
2755
1024
4877
3793
1743
866
1798
4326
3264
3449
2549
947
3939
3448
4423
3113
2429
1606
4379
290
1808
2376
2135
3348
3633
1299
600
4654
3196
3110
3625
324
2464
2731
2419
4495
132
2374
3129
1688
3801
2994
4642
20
1537
4712
2510
2292
4233
4237
4240
4318
2311
251
1867
2613
4406
501
1428
2315
3378
4832
999
1437
3563
1054
1992
1933
2329
333
3928
1222
184
3889
1721
1817
2142
1353
3908
3066
1855
1697
1029
2267
1965
1509
2115
576
2118
3286
2095
2922
4701
4294
1909
25
4138
602
1289
1344
1192
3058
4669
3891
4941
2191
3799
4114
2765
2487
1883
4213
1593
3700
4908
780
4012
4215
3375
1575
655
2588
1084
2036
1592
3092
2801
4777
785
3853
2505
1781
1752
4893
1104
3504
4659
1333
991
4298
2745
4657
2577
2377
4272
1015
2440
4754
2001
4781
4604
1279
751
1821
1108
2927
2647
1789
4583
1456
1121
2398
4302
4050
486
2431
3266
2059
4253
1297
3271
611
4391
4637
4760
2147
845
3233
4869
4247
469
4880
3596
334
4155
1354
4601
1449
3903
307
873
3247
4684
1716
1263
1069
4909
255
2825
1304
368
3861
693
416
1659
2146
3276
3659
2155
3396
2868
488
2079
2860
2552
4295
4720
3872
4710
1022
133
1818
1889
3467
3978
757
4061
2257
4291
29
2201
1882
1166
1404
4991
3330
4366
4404
546
2581
4632
301
3207
474
195
2596
4496
4365
2336
594
4067
2713
3300
4874
4409
1637
404
1158
3310
3607
1476
4
3354
3579
2415
2547
2421
2163
3079
48
206
4090
4008
3621
2051
4170
1058
3605
4574
47
827
4599
3379
56
4722
2302
2334
4624
3370
3232
2227
3444
1140
3289
295
1601
161
3363
4849
3158
3682
1548
1981
4350
3123
4208
2153
2107
2484
175
2692
1746
817
39
3955
1932
2886
2208
3873
2606
3179
4763
4255
2710
977
4839
4497
2953
234
4068
1613
4039
4124
2474
571
2895
711
1106
1315
4608
2232
81
2410
4057
1885
4788
822
1591
198
651
1160
716
3892
1200
4382
4681
3711
2381
2540
312
3274
3243
3723
3638
959
3250
836
2086
3617
2835
2842
157
1313
3941
2187
2159
2869
55
2992
194
182
4471
4600
2021
2708
595
2056
2312
1650
4946
2467
531
2915
1215
2456
616
4733
1668
4554
121
4563
3948
317
2168
3313
3119
1435
2482
1067
3402
3880
1971
397
4890
3150
824
3671
1265
3654
1801
2542
1467
1616
528
52
2046
3865
4234
2608
4514
4073
2224
1837
2416
1993
1645
2393
219
2924
961
1136
3309
1671
4886
4862
921
3656
857
6
3032
2774
3935
1273
176
1751
4875
1398
1427
2515
4607
3856
77
4401
1235
1990
3121
3238
170
3275
476
83
735
1241
625
2873
2011
4254
2812
297
3721
2083
989
3331
490
525
2884
3104
1894
2278
1997
4825
765
700
1849
1568
4905
3326
2502
3790
4900
1648
1703
68
4617
3514
2527
3367
3200
3794
1035
4872
3422
4053
1511
3364
3895
3661
2804
53
2250
3587
1884
4141
2070
299
593
246
3437
3387
768
3798
1930
319
2216
4921
1692
4989
1448
2729
1180
976
4656
4644
4526
3593
2212
1584
3827
3618
2027
3992
3220
1863
4013
3864
4036
2843
3256
4648
1480
4001
2768
891
3440
276
2220
4510
2171
4481
2269
3619
2887
3527
3954
1075
3265
4130
4325
1823
3576
3214
584
523
4033
158
2792
2211
3188
1348
3452
514
1087
2276
4841
4088
833
3416
4485
4342
890
2181
3133
2759
2384
910
4996
4609
406
2883
4024
2701
798
3731
2854
2390
4483
424
871
2746
1309
1604
1246
549
1816
3333
714
3930
1859
2586
274
4919
3806
70
964
2800
1555
2823
872
97
2699
566
4947
1634
551
4671
1318
293
4267
3771
2245
4636
2996
904
1474
491
4402
3518
2851
134
1557
1888
4329
4833
925
109
4299
1005
2451
3371
4364
4960
3425
1915
3423
4276
4676
4248
43
3395
697
633
1351
273
1423
1682
4521
2778
3805
2685
1864
2882
4152
2821
4857
1926
3417
2067
2420
4758
4062
399
3517
3990
3513
2353
2158
4643
1018
736
618
422
1227
963
4831
3410
3598
1660
4164
4793
1206
3202
1483
3087
478
2460
1336
178
385
1959
771
1865
2737
635
2230
3526
1156
4094
1526
4051
2904
4579
2579
2218
1504
3241
1409
3927
682
2461
4588
111
532
3985
2203
769
1719
314
784
2727
733
1416
64
2407
4212
744
3487
1694
4474
1130
1038
2783
1050
211
748
3966
4026
786
2403
261
1958
4484
1523
2472
2968
1066
620
1907
3956
37
3254
1329
4628
1757
2113
2941
3726
2570
2013
337
2287
4655
3975
1247
1020
4217
4179
3314
3673
519
2242
2061
1311
2022
4776
4145
2409
498
2871
4290
3847
673
826
938
1920
258
4707
2640
2364
2304
946
3820
2750
2897
4980
1765
2514
614
4896
3394
3201
4978
2068
4416
4219
2459
4475
3426
3036
3131
3867
4425
4054
3312
117
4352
819
421
3708
3048
1646
4689
599
604
922
503
2273
2944
4548
3374
3056
3540
3024
2053
847
302
465
4686
2984
3424
1183
4470
4653
2262
3701
2190
3210
4987
3822
4111
1761
2776
2621
1977
1540
4814
1016
923
880
2694
2490
1594
4612
2742
2623
4408
4143
2219
2494
4122
2465
4431
4258
2709
3382
4688
2470
4205
4414
2331
924
2351
4392
859
561
2379
828
2987
1989
1628
3489
3564
1652
645
986
1661
4220
4142
409
4432
1262
3160
4371
4557
147
1827
3468
2045
1996
2998
1285
1636
4381
1829
3979
4375
4203
2016
2010
4096
3299
114
715
484
4458
3421
4187
2223
135
4779
3657
4016
1310
4762
719
1264
187
1520
4693
3335
1122
919
3334
3470
3344
4450
893
4287
2413
2724
4151
2297
987
1464
3164
4934
417
4455
1577
1138
1253
2055
3236
1904
4282
677
287
4044
3380
4931
3431
1383
2248
2898
1364
4018
4464
2995
4623
1758
3372
4174
2014
3915
3415
1361
2949
2909
1372
674
1578
2355
3757
3738
2165
690
60
1979
2495
1459
776
1338
3519
2664
156
442
3947
4678
439
4283
1073
4360
3665
1341
2918
806
1335
3649
4513
590
1171
4694
1294
1042
1793
2595
2976
536
3229
1381
3476
1766
990
3132
653
4581
2040
2174
2691
4006
3510
877
4988
912
3894
1256
4487
1717
4347
3752
556
1856
3854
4713
2457
4120
4855
949
3783
1162
2787
2972
4823
2462
2491
262
1966
242
2327
1081
355
2427
2971
3761
1588
2680
4750
1938
1656
2383
2583
4976
1771
298
4640
1288
3569
1866
2864
1629
1928
3852
2921
4761
4214
4709
2544
225
720
1107
1626
814
4527
2974
23
4293
691
1182
4292
2367
1755
2625
3360
1675
2186
1096
3083
1150
1605
3875
4189
3515
2519
159
2239
4813
2522
4993
3760
665
560
91
4310
28
3075
3910
973
27
4698
3628
49
792
807
4667
2104
4492
3528
2665
1444
1934
3305
3398
3157
120
1541
1623
33
2360
4711
3269
376
4168
823
4867
4511
538
432
308
4541
1770
3534
3660
2342
4113
2747
650
3213
4196
4201
1948
4815
3392
710
4445
2433
328
867
587
3230
3998
4031
2797
2442
1685
2561
26
407
4398
2404
2762
4596
1237
3516
535
3523
3112
3073
4177
3101
1639
4103
544
4080
2870
3026
1586
3879
3900
3828
2162
1533
855
3297
2827
2497
2178
4935
1167
2833
3555
1686
4278
3450
332
3562
613
3995
4861
162
2683
3512
4317
4616
4829
1151
2952
4519
1362
289
1481
497
2512
4477
3204
3885
3999
2025
4022
1505
662
2681
3366
1052
4078
2846
2548
2646
3295
4547
3376
3950
3686
2066
1340
4542
2299
1819
2627
4323
2169
75
1181
203
3986
2486
2651
3709
1644
578
4922
3729
2989
3413
45
3614
4999
3369
3197
1321
4662
78
929
3388
63
4564
2301
325
2848
2845
1043
197
1878
103
1176
14
2639
193
1011
1736
1465
4621
4828
2492
2132
2669
2439
2137
3245
2463
3981
1271
3972
7
3381
3670
4043
2316
1664
2189
3098
2717
658
1922
562
2378
4927
4652
2643
2443
3926
4045
2078
3970
1929
1687
4154
1127
3194
4085
723
4568
4956
2632
2592
664
1086
3781
4058
2277
2339
3206
4691
257
676
2580
1678
1877
2856
1429
1026
2400
3834
1791
709
2313
3819
4399
917
4752
2319
3205
1207
4884
860
1006
1085
1553
2999
2748
1635
3465
4428
4843
2663
3329
4327
4805
1220
879
979
4735
2905
3043
2028
311
3816
2903
2565
1233
2109
2238
4517
387
639
2720
788
3095
2359
580
1725
4166
737
2609
2888
2674
2221
2375
2506
1795
3681
1314
3987
1769
3022
3734
4241
4860
3508
4661
437
3433
1168
9
3984
4633
4438
2247
2863
2601
2817
965
1352
4193
3390
2394
2891
3870
2721
4161
726
1165
4444
3046
4808
926
4503
1188
2043
89
1430
1292
3694
2939
3901
3355
4086
3976
4961
4885
3323
810
1101
2802
4135
4319
4666
1242
2321
2073
2956
1747
4121
1714
4275
462
3974
1779
160
445
2126
1788
4786
1484
2423
2670
2356
524
858
1408
3595
4798
3759
3744
1439
3015
4784
3097
4407
666
2793
1434
4508
2576
1642
3538
2749
3727
2044
3718
4830
279
660
1462
4553
1846
552
3690
108
2838
760
2560
118
4316
3461
2829
4990
3028
1775
3957
3997
1886
4453
3561
403
4118
3913
2537
1002
2485
4159
3560
4372
1027
4687
1420
2233
42
4181
17
506
1037
4933
427
3224
3093
1939
4916
2488
2684
1515
3088
2986
678
2668
1217
2430
813
1063
2852
3445
74
971
1284
2246
86
1772
2369
113
2270
3722
3556
944
2370
4144
2780
3127
4306
1014
4979
809
4129
955
2983
994
4897
374
107
3811
2131
1530
3491
4413
1269
3140
2711
3707
960
1342
1377
1507
3386
1272
637
2452
1393
191
1670
1426
1684
3429
2328
1418
3958
148
3106
4770
1638
749
2366
2954
3173
2475
3328
899
2275
2859
3803
3063
2144
2501
123
3712
4140
2038
3648
1802
1564
4339
4962
4410
3843
4362
2177
2769
2401
2170
3208
2064
667
684
4972
3585
40
1370
4567
4626
1110
4394
2346
3789
1261
1296
2235
4353
451
3005
1469
2166
4336
1157
2635
475
3705
4520
4083
1918
4206
950
2524
4704
4627
2324
4260
3001
3590
2408
4546
708
140
2252
2967
2551
2808
2034
4089
208
3804
3967
2
4499
3936
4502
3639
886
2618
1477
3453
285
3841
4679
2222
3544
507
2970
4245
3933
559
515
1696
414
3270
4901
4757
4614
2573
3373
2945
180
2703
1095
3689
3543
3055
3029
3141
3669
4597
2035
1023
3320
1763
1844
4740
2437
3559
4938
3306
3796
495
4440
1410
2288
1953
3531
4500
838
1307
1212
105
4007
1047
2604
2388
3651
2121
2917
1065
277
4259
216
4804
3030
2893
2853
3272
861
2385
1334
1421
4134
4465
2432
4324
3931
1828
2149
3074
3478
4943
1486
2006
1415
2234
4771
1750
4343
444
3756
3536
2536
881
3108
3586
1708
1033
341
2306
1640
3812
3492
345
3840
1972
818
2902
3006
4448
2207
2795
4115
4173
2877
2743
281
4059
4029
1558
4842
885
3571
32
3042
1813
3600
1969
834
2934
3874
4004
4629
3168
2308
485
945
1039
185
370
2261
853
2920
313
2738
1230
3622
3198
1123
1783
3349
2031
558
2818
3050
1172
1561
1657
4923
2447
2090
1633
4459
581
4660
4032
4650
1532
3964
4280
171
3169
3340
2412
2085
2041
192
1836
704
3045
3462
2406
4443
1350
2824
1602
4887
4348
3777
1184
1897
4281
3641
1074
4948
3027
2661
1495
3965
3909
2659
2300
3838
3081
4147
1343
1543
4384
4162
3100
3962
896
2803
3888
848
2371
1485
201
1985
3146
4095
1615
2414
2722
1973
3539
1473
1869
138
85
2965
4285
3769
3779
1560
2605
3849
3171
3753
4042
410
883
2662
3262
3281
4917
2029
696
3175
3085
4928
3184
1068
4264
1134
1681
954
3754
1094
50
400
4238
2349
1460
4436
4871
3782
4131
4063
2344
3162
4580
3377
1112
247
2766
3697
2558
1517
4603
4385
689
2197
729
230
1142
3495
4719
953
1570
4335
3594
11
1980
2289
1542
4739
882
3227
4663
2546
3904
2373
3189
2872
3845
2002
1609
2453
756
4354
4427
4672
3814
2185
1254
4810
2117
3144
2837
4091
1503
1186
4807
3831
980
1440
4790
330
5
217
4569
755
4894
3499
1825
1857
4530
1999
4767
3776
1820
1148
2878
4590
4370
4696
4351
240
2521
4984
1811
3362
2751
2599
4210
4515
4415
1301
4030
3642
106
793
440
2441
4418
3630
124
567
3807
3859
3808
3703
641
389
155
1232
3643
2981
338
1617
2105
3809
2511
1036
1962
4847
1987
2268
4000
1983
3051
4605
504
3031
4488
2204
4192
2607
3012
3457
1952
2936
1051
3610
2696
2264
1347
1322
2075
1048
995
1925
221
4540
1737
3019
4584
2310
3298
897
4468
1323
4625
4932
4966
3203
4524
4345
199
4970
841
3584
3215
3994
1497
3327
3923
4493
304
4126
1090
1807
2630
975
1149
3537
1887
4812
4780
1451
3472
1567
4463
4235
237
190
2446
2782
4716
728
2590
4728
1598
1125
3877
1891
453
856
76
2152
4683
1441
1025
16
2347
4677
4167
3496
3742
832
3216
1582
1900
2940
3316
1649
1955
2196
1228
1282
4846
767
1936
1917
2671
939
1800
721
149
320
634
2518
2820
4994
996
2690
3548
226
3280
1229
394
3720
1249
2217
2673
3311
215
1581
1137
2389
3624
2932
4361
3674
1573
3154
4322
1468
4743
2564
2997
4852
391
2615
2933
1008
3365
1197
4783
1702
1529
3430
4856
1412
4544
4222
2850
1850
4539
326
4200
1369
2990
4040
2816
4269
1492
429
2569
3301
713
1088
4025
4490
4912
3550
661
4127
3034
617
1153
3407
3228
129
2532
3520
487
876
1740
518
2106
2231
1255
3118
1384
2916
4641
1116
2978
4756
2333
3021
1061
402
589
843
2322
4081
699
3447
3766
2961
2598
2763
1988
3558
4879
4112
4836
2479
510
278
3502
1741
935
2365
4759
3120
2438
621
1595
1599
3148
1579
3282
4190
1349
2023
239
2317
3532
1386
4125
3919
4967
1395
3698
115
3135
3764
3575
1450
1298
51
3428
1494
1978
2188
4817
1935
350
1954
2184
3876
377
3287
799
1380
3159
3501
2281
3485
4225
4998
3180
831
4702
3691
3384
1055
36
2810
3315
3768
1482
4586
2697
2534
3679
2340
554
1164
2951
2099
906
3589
3655
3136
4853
570
2125
2849
3252
4578
797
4899
541
2676
2507
2760
470
4876
2813
72
2702
4822
2298
675
3546
3456
3858
1359
1739
413
3835
3393
4469
3284
4748
2847
2101
4442
3234
3458
2176
4907
2003
1728
1100
2019
4697
2513
3337
2543
4673
2889
3524
2493
3606
2500
84
3667
659
2831
4133
1330
548
3469
2973
1513
1826
67
1179
4918
2567
4191
4528
4723
1390
3078
362
1209
418
2672
2435
770
2634
1496
1792
3842
3969
3319
3568
4035
1358
3454
2108
4532
1539
1666
3850
2309
1902
1379
3475
642
131
4242
801
2574
3442
3857
663
4906
1446
1287
1133
3244
1345
3122
4721
4084
1839
2469
1308
2901
2057
218
3505
692
1062
4082
4593
396
1224
4419
4266
640
1809
941
4982
778
233
2314
3225
2798
3632
4457
3061
2042
3833
2024
672
3221
2483
3899
2935
1822
1079
473
3114
4561
1400
4107
2123
940
3482
647
357
2251
3279
3541
4747
405
705
2368
1610
3696
1129
2616
15
1810
1589
3706
3896
2249
3409
2799
839
2761
173
4176
2777
2206
1683
1252
1458
1244
3105
794
3765
1365
3406
3128
1154
3003
3257
3911
4037
352
3547
1169
4128
4620
4926
1745
2912
2112
512
2093
3634
542
3601
2712
4957
4838
153
269
3186
850
4835
1742
2122
172
4634
3588
4099
4104
2337
3477
4806
1726
3222
3126
3533
1152
292
695
2307
4150
2844
1689
3924
1132
4377
3988
4420
1753
2637
3739
3730
222
3786
1968
1268
4056
1701
522
4478
3832
1890
3070
1916
2528
1472
1814
3637
4480
750
894
3592
907
2387
3968
2478
1078
681
4304
1274
2449
3815
454
1901
1260
1614
1231
1425
892
1749
1874
4868
1923
4549
3089
985
606
3038
943
1433
4742
1388
4297
2110
303
636
1003
310
1776
553
4163
2182
4383
1784
1382
4647
447
4160
2707
2784
2666
3817
3577
4940
812
4951
90
4560
2102
1527
557
1004
3826
2885
3934
762
1060
2693
4749
3583
3715
1982
4715
3414
2631
3925
2930
209
746
4888
3054
4737
1089
4619
2834
3616
4395
1044
4745
2785
224
282
2789
742
367
1144
3418
2098
3921
3479
3002
4426
4914
3151
2141
2397
4572
3784
4638
4052
2545
588
3604
4997
3907
1734
3839
3960
3862
1921
2148
3397
1924
3053
3383
2677
3751
1778
4355
2000
2568
931
477
1733
4903
1030
4023
1653
315
3161
2644
4476
4308
4087
1193
323
4072
2411
494
4845
545
3084
2136
4186
1691
2571
2879
1735
2654
555
4246
3408
864
3020
4286
342
1391
4301
4509
1325
227
4944
1712
4566
4837
2535
3677
2120
2341
4009
3506
932
3094
2476
4251
2988
1516
283
3770
3740
2509
3795
1722
1071
3672
1896
4390
146
4092
1780
1236
2114
2892
3554
1419
2350
2706
1709
1470
235
1225
2656
4772
371
1396
643
2127
125
513
1064
2890
1777
4570
4881
869
3167
4491
1146
3018
968
1774
3951
1432
3871
2209
2455
3000
1583
263
4447
3869
4950
530
329
1861
2124
2612
1835
356
220
707
1547
1346
2065
2526
354
1534
463
2794
1528
1912
3155
2151
1159
4665
1824
1319
2715
1551
3060
164
4613
679
3763
1563
241
3724
3249
79
4311
3191
3033
1000
4340
1077
1632
1401
1174
2649
4768
2572
2180
863
626
4047
3813
2814
3713
2594
974
2258
734
3851
1911
4074
359
46
1522
3647
3460
4766
1491
1326
1455
1438
1590
1454
2205
425
1571
1947
2959
942
2675
3772
4153
136
92
1870
2723
4732
2391
2283
4602
1624
2194
622
4535
4197
4274
825
1647
4315
1407
685
3522
4724
1676
4504
2943
4668
2957
779
2937
3268
3064
3361
2175
656
1831
1760
591
2202
1847
3358
1905
3629
1397
1799
189
2161
1498
1117
3883
3267
3473
3438
4651
4870
540
3009
1001
3255
2993
1544
2960
1843
2919
4015
1785
3023
783
2508
2236
4305
3484
1471
887
1424
4630
4964
2896
143
1406
2520
309
3293
1805
1914
4005
2841
3688
3774
1663
4367
1210
1392
3732
1931
3138
4695
2652
3572
4915
1995
4983
773
4977
1141
2343
2900
200
4461
3
3436
579
82
4610
3336
657
166
4123
3836
1521
4386
3195
605
978
4334
3124
2396
2790
2752
2214
3993
435
1417
3886
2657
2726
2828
4498
1619
820
4925
3041
4692
438
3080
1943
563
3953
3443
112
701
382
1173
3446
4218
585
1267
2454
2372
3102
2938
3052
3635
2088
592
3940
529
2620
644
2503
4019
3973
816
4369
1478
4321
1213
1580
458
3755
3067
4405
4109
1872
2128
2157
254
1375
2985
761
322
256
286
1010
3077
2097
4992
4680
10
3178
1367
4800
4969
1787
3481
1848
3182
4523
2741
2256
573
4046
361
4270
2058
436
2906
1080
4028
2557
895
339
4864
4606
3868
366
1957
2867
2134
3308
2060
1195
1049
1324
2111
3401
3017
1082
687
384
1097
2008
4207
1937
2471
492
2642
137
3288
392
1114
4224
623
294
565
3529
1944
609
1572
3441
1991
601
3645
4065
1332
654
2418
264
1145
3341
3145
3844
4755
865
2908
460
1245
3096
3626
327
288
214
4359
2626
426
3434
811
104
2282
2417
2399
2826
1357
163
482
4782
3219
2193
3420
547
3258
4268
1550
2553
4139
3231
3090
1910
2361
4550
4591
4188
59
3602
236
4577
4531
69
2354
4227
754
2082
543
1056
1378
583
1806
2145
1178
3291
1690
31
1658
3749
174
2260
4358
1199
4981
188
3082
2271
1860
3599
4631
2325
3156
1845
1493
1754
321
186
2718
196
3818
913
110
4271
2830
3345
466
3611
3866
3566
2716
4243
1257
87
970
2806
3117
539
4963
509
3463
1569
1711
4705
65
3603
2858
4834
1293
3509
937
280
1226
1205
958
2975
596
1371
3427
4479
846
4682
3471
4576
526
1976
4389
1576
1045
1600
2318
3011
4556
4545
777
1128
3829
4649
2555
4489
900
4296
4565
4049
972
386
3746
2335
4744
4840
4077
2285
284
126
3343
3542
4595
5000
