1
1747
2369
4895
4082
1822
2122
2852
4228
1102
813
3695
1748
2269
241
4496
2203
2971
4403
1471
3437
2479
2945
751
4902
139
3551
1828
255
2161
4526
2127
2396
90
3889
15
3369
3408
3989
1242
3927
1208
578
771
2343
1488
169
3156
2039
239
390
2935
1218
268
275
2724
3566
2497
2107
2512
939
4258
1080
2178
2966
534
3881
253
4436
3543
744
1061
128
4387
2032
3988
3587
922
2170
248
499
3468
1134
2788
2704
3899
4832
277
1035
1861
4785
1373
956
3673
493
457
57
4644
1614
3971
4652
1036
3059
2375
709
2362
4699
1541
3848
1927
2892
4760
3824
4485
1875
3029
4840
3011
53
410
2006
4320
1348
2765
1600
4125
4016
1591
3498
4630
915
2424
2209
4074
4960
3884
2585
3821
2705
3452
3530
318
3830
4637
2102
3726
1070
1940
4119
3201
1547
1265
877
2919
1830
2734
4825
1567
750
2814
2148
555
4044
2287
1031
399
3507
1966
3177
2528
3865
305
3975
305
3865
2528
3177
1966
3507
399
1031
2287
4044
555
2148
2814
750
1567
4825
2734
1830
2919
877
1265
1547
3201
4119
1940
1070
3726
2102
4637
3830
318
3530
3452
2705
3821
2585
3884
4960
4074
2209
2424
915
4630
3498
1591
4016
4125
1600
2765
1348
4320
2006
410
53
3011
4840
3029
1875
4485
3824
4760
2892
1927
3848
1541
4699
2362
709
2375
3059
1036
4652
3971
1614
4644
57
457
493
3673
956
1373
4785
1861
1035
277
4832
3899
2704
2788
1134
3468
499
248
2170
922
3587
3988
2032
4387
128
1061
744
3543
4436
253
3881
534
2966
2178
1080
4258
939
2512
2107
2497
3566
2724
275
268
1218
2935
390
239
2039
3156
169
1488
2343
771
578
1208
3927
1242
3989
3408
3369
15
3889
90
2396
2127
4526
2161
255
1828
3551
139
4902
751
2945
2479
3437
1471
4403
2971
2203
4496
241
2269
1748
3695
813
1102
4228
2852
2122
1822
4082
4895
2369
1747
1
4610
3828
4414
148
4577
2404
4161
4262
3614
592
3134
4086
1908
111
2827
1069
1038
1868
371
774
3774
3212
904
2164
4188
2691
2513
932
4203
4017
3438
1215
4023
3144
3910
3259
3444
1657
3079
2253
1308
1281
2911
2222
3378
3118
3329
2811
1919
4989
3161
1819
1052
3353
4906
3745
2843
4844
2629
2412
4339
30
1684
2861
2280
1771
4914
1137
59
4930
1016
1743
2989
2395
829
2005
4183
3919
1228
728
4883
1597
624
2576
3767
3974
387
3754
4280
567
55
3934
3373
421
4720
3025
696
2635
3168
4802
4923
401
912
1876
442
2190
4879
3139
3810
3585
2651
4985
4575
4607
4501
514
1626
1898
4581
4658
708
1019
777
4439
3424
1490
2963
3443
1850
3286
424
3146
217
779
831
4759
4042
1157
3269
690
1017
3516
370
3747
3612
4279
2885
4145
2708
2002
4178
3427
2020
4011
2679
2785
997
3186
3613
1432
2732
3487
621
3052
4842
73
4490
99
4204
3661
4045
2817
4045
3661
4204
99
4490
73
4842
3052
621
3487
2732
1432
3613
3186
997
2785
2679
4011
2020
3427
4178
2002
2708
4145
2885
4279
3612
3747
370
3516
1017
690
3269
1157
4042
4759
831
779
217
3146
424
3286
1850
3443
2963
1490
3424
4439
777
1019
708
4658
4581
1898
1626
514
4501
4607
4575
4985
2651
3585
3810
3139
4879
2190
442
1876
912
401
4923
4802
3168
2635
696
3025
4720
421
3373
3934
55
567
4280
3754
387
3974
3767
2576
624
1597
4883
728
1228
3919
4183
2005
829
2395
2989
1743
1016
4930
59
1137
4914
1771
2280
2861
1684
30
4339
2412
2629
4844
2843
3745
4906
3353
1052
1819
3161
4989
1919
2811
3329
3118
3378
2222
2911
1281
1308
2253
3079
1657
3444
3259
3910
3144
4023
1215
3438
4017
4203
932
2513
2691
4188
2164
904
3212
3774
774
371
1868
1038
1069
2827
111
1908
4086
3134
592
3614
4262
4161
2404
4577
148
4414
3828
4610
1
3349
3702
4222
4147
2837
1257
4664
3467
416
1477
3117
3474
2741
4704
4067
3933
3006
42
4944
722
472
1273
2948
1327
3517
3504
4933
984
4173
4184
3045
3723
3280
1337
3291
4040
1864
195
2552
2806
2131
354
3105
4000
4599
4482
4918
4602
3320
218
4794
4732
2108
4888
1041
341
1522
97
4081
1520
4569
1236
404
3656
1732
3979
3643
4176
4971
4484
2616
2898
520
679
2825
2180
4448
2473
1462
768
3544
2074
1824
1612
3878
4338
4629
3812
541
3807
4297
4572
1451
3781
1346
1129
718
556
577
1853
4889
2764
2882
1382
1139
109
1639
3028
1666
4653
2601
1152
3598
3292
4788
3465
3771
3760
2339
4576
3187
2678
3192
1721
1554
3122
4077
2957
1556
170
2833
2615
3425
4962
3995
2630
2904
122
4784
2390
4167
431
129
4264
1761
373
2743
974
2452
4659
2133
21
727
4369
4965
4179
1845
1891
2690
1528
3219
2582
464
4816
4645
905
2249
3431
1656
3204
4509
861
4509
3204
1656
3431
2249
905
4645
4816
464
2582
3219
1528
2690
1891
1845
4179
4965
4369
727
21
2133
4659
2452
974
2743
373
1761
4264
129
431
4167
2390
4784
122
2904
2630
3995
4962
3425
2615
2833
170
1556
2957
4077
3122
1554
1721
3192
2678
3187
4576
2339
3760
3771
3465
4788
3292
3598
1152
2601
4653
1666
3028
1639
109
1139
1382
2882
2764
4889
1853
577
556
718
1129
1346
3781
1451
4572
4297
3807
541
3812
4629
4338
3878
1612
1824
2074
3544
768
1462
2473
4448
2180
2825
679
520
2898
2616
4484
4971
4176
3643
3979
1732
3656
404
1236
4569
1520
4081
97
1522
341
1041
4888
2108
4732
4794
218
3320
4602
4918
4482
4599
4000
3105
354
2131
2806
2552
195
1864
4040
3291
1337
3280
3723
3045
4184
4173
984
4933
3504
3517
1327
2948
1273
472
722
4944
42
3006
3933
4067
4704
2741
3474
3117
1477
416
3467
4664
1257
2837
4147
4222
3702
3349
1
3421
4163
4672
3103
4892
1513
2316
1662
1897
3826
4588
1869
2091
1365
3526
3998
4419
3194
2364
1859
3322
382
3417
191
1105
2923
4190
818
2356
992
3200
1164
4765
2778
2517
3489
2183
1791
320
3123
3470
1064
4522
4420
2932
306
3576
1793
267
4597
2361
3326
769
765
1951
4531
3150
913
2555
2290
4142
2141
2696
2451
300
1660
951
2500
2939
4508
483
2243
810
1633
598
789
3782
1474
4813
3031
1428
4151
2076
864
4129
2475
2652
2702
473
3846
3725
3845
1579
2586
2988
3502
2791
2214
2386
1715
2740
2769
4464
909
4012
2305
2172
1699
2668
4545
3193
4033
4471
2755
3707
1742
3657
4956
1413
1156
628
1816
2193
4616
3676
1587
2541
3986
4729
618
2749
2139
946
3414
2967
498
4984
2895
2333
2570
3813
69
4365
4083
3756
4433
573
3840
3605
4932
172
2847
1921
1136
4560
2319
3165
1250
1225
372
1710
1773
2194
3558
1585
1445
3057
4814
3565
2211
622
603
622
2211
3565
4814
3057
1445
1585
3558
2194
1773
1710
372
1225
1250
3165
2319
4560
1136
1921
2847
172
4932
3605
3840
573
4433
3756
4083
4365
69
3813
2570
2333
2895
4984
498
2967
3414
946
2139
2749
618
4729
3986
2541
1587
3676
4616
2193
1816
628
1156
1413
4956
3657
1742
3707
2755
4471
4033
3193
4545
2668
1699
2172
2305
4012
909
4464
2769
2740
1715
2386
2214
2791
3502
2988
2586
1579
3845
3725
3846
473
2702
2652
2475
4129
864
2076
4151
1428
3031
4813
1474
3782
789
598
1633
810
2243
483
4508
2939
2500
951
1660
300
2451
2696
2141
4142
2290
2555
913
3150
4531
1951
765
769
3326
2361
4597
267
1793
3576
306
2932
4420
4522
1064
3470
3123
320
1791
2183
3489
2517
2778
4765
1164
3200
992
2356
818
4190
2923
1105
191
3417
382
3322
1859
2364
3194
4419
3998
3526
1365
2091
1869
4588
3826
1897
1662
2316
1513
4892
3103
4672
4163
3421
1
2056
1764
1952
4608
369
3705
2446
3207
4980
615
4748
1677
1439
293
4919
734
808
3368
1313
1394
3794
24
1025
4555
4272
133
3338
3237
4210
4383
3335
3790
3511
3391
3966
2373
4770
3298
2868
4864
1538
3932
4503
4435
3921
376
1929
4250
3159
550
3339
792
4719
2357
1777
1895
402
3898
3720
3687
3167
331
2454
2197
1122
3963
4828
2236
2687
4771
3637
4886
4266
4301
4
1345
692
2487
3387
1601
4353
1144
3398
943
4294
2324
4107
1582
888
2289
1954
1255
2753
361
1108
2955
1086
2726
3281
1109
3547
3778
1409
1969
2976
2888
4676
3308
1668
1272
2438
2087
4030
2366
2614
3056
585
2057
1030
3423
4718
2759
4245
1317
1735
3860
874
1214
3802
982
2836
4431
1756
2883
3816
700
1459
2625
4196
204
4348
454
4776
4726
2374
3221
3086
1293
1151
2757
948
23
2264
2642
1705
2594
2603
1282
2419
599
1553
91
3110
2624
1835
2085
2893
3954
4288
859
2013
962
2013
859
4288
3954
2893
2085
1835
2624
3110
91
1553
599
2419
1282
2603
2594
1705
2642
2264
23
948
2757
1151
1293
3086
3221
2374
4726
4776
454
4348
204
4196
2625
1459
700
3816
2883
1756
4431
2836
982
3802
1214
874
3860
1735
1317
4245
2759
4718
3423
1030
2057
585
3056
2614
2366
4030
2087
2438
1272
1668
3308
4676
2888
2976
1969
1409
3778
3547
1109
3281
2726
1086
2955
1108
361
2753
1255
1954
2289
888
1582
4107
2324
4294
943
3398
1144
4353
1601
3387
2487
692
1345
4
4301
4266
4886
3637
4771
2687
2236
4828
3963
1122
2197
2454
331
3167
3687
3720
3898
402
1895
1777
2357
4719
792
3339
550
3159
4250
1929
376
3921
4435
4503
3932
1538
4864
2868
3298
4770
2373
3966
3391
3511
3790
3335
4383
4210
3237
3338
133
4272
4555
1025
24
3794
1394
1313
3368
808
734
4919
293
1439
1677
4748
615
4980
3207
2446
3705
369
4608
1952
1764
2056
1
4525
2050
617
1104
4731
4852
857
2045
3126
1634
1960
850
3232
4834
4457
4265
3982
1210
4511
2835
1479
423
3244
4618
4942
4887
1995
4230
3311
2747
3365
3665
3442
4388
767
358
4582
1347
799
4564
2111
2077
4249
558
1420
636
242
3894
957
2921
2618
1193
4391
529
1941
772
3952
629
4220
4130
3672
3289
3362
1328
3550
712
4208
976
3042
1955
746
2628
2317
2086
3670
846
4424
3737
3390
3089
4937
4875
3762
1610
2182
1196
1900
381
3993
867
1235
554
4389
1526
4905
285
4979
2297
1944
3765
3825
189
3948
47
1982
4908
4260
837
967
930
652
656
2061
2314
547
2815
3380
3535
3711
2839
307
4444
2772
4153
1222
4236
4540
3461
2281
9
4948
4243
3094
3946
2781
4546
3997
4871
3415
2675
972
3007
1750
4406
116
1685
20
2700
892
3999
2499
3100
2060
2229
4807
583
4505
2432
4493
4461
4400
2717
1332
2975
3426
3709
4458
2233
4518
2669
497
678
497
2669
4518
2233
4458
3709
3426
2975
1332
2717
4400
4461
4493
2432
4505
583
4807
2229
2060
3100
2499
3999
892
2700
20
1685
116
4406
1750
3007
972
2675
3415
4871
3997
4546
2781
3946
3094
4243
4948
9
2281
3461
4540
4236
1222
4153
2772
4444
307
2839
3711
3535
3380
2815
547
2314
2061
656
652
930
967
837
4260
4908
1982
47
3948
189
3825
3765
1944
2297
4979
285
4905
1526
4389
554
1235
867
3993
381
1900
1196
2182
1610
3762
4875
4937
3089
3390
3737
4424
846
3670
2086
2317
2628
746
1955
3042
976
4208
712
3550
1328
3362
3289
3672
4130
4220
629
3952
772
1941
529
4391
1193
2618
2921
957
3894
242
636
1420
558
4249
2077
2111
4564
799
1347
4582
358
767
4388
3442
3665
3365
2747
3311
4230
1995
4887
4942
4618
3244
423
1479
2835
4511
1210
3982
4265
4457
4834
3232
850
1960
1634
3126
2045
857
4852
4731
1104
617
2050
4525
1
4797
2524
2304
4754
3053
4137
3677
797
375
3270
288
4113
3513
2653
3361
2872
337
1909
4091
1163
1758
4952
4589
3396
4138
4964
1305
1374
2949
1063
3351
4247
4373
3751
1260
2518
2667
153
4517
2674
1851
76
1581
3344
2300
1686
3104
4073
3463
3211
4351
2063
1029
188
4542
1203
2849
2683
1424
2881
2367
3315
2913
4442
2709
4234
84
1499
3411
3080
166
2632
3539
3393
3276
2977
3799
4200
557
2171
3147
4831
2818
4907
4359
2509
3654
236
2480
3372
2587
4099
2353
500
4417
2725
3978
2363
168
3985
1079
4694
3518
4060
540
4425
2200
3805
1408
3257
2930
672
264
4983
3267
919
393
3142
4177
3483
2931
2647
4158
3356
2292
3603
1429
3026
2558
1026
763
1279
2329
2823
3698
3849
3121
291
3959
3321
3072
2685
4038
4005
2299
1465
2864
3050
1598
4827
2134
1672
2972
4916
2195
3599
764
4524
4787
4613
289
262
200
1609
1865
3003
4395
1325
4224
35
1106
2712
1106
35
4224
1325
4395
3003
1865
1609
200
262
289
4613
4787
4524
764
3599
2195
4916
2972
1672
2134
4827
1598
3050
2864
1465
2299
4005
4038
2685
3072
3321
3959
291
3121
3849
3698
2823
2329
1279
763
1026
2558
3026
1429
3603
2292
3356
4158
2647
2931
3483
4177
3142
393
919
3267
4983
264
672
2930
3257
1408
3805
2200
4425
540
4060
3518
4694
1079
3985
168
2363
3978
2725
4417
500
2353
4099
2587
3372
2480
236
3654
2509
4359
4907
2818
4831
3147
2171
557
4200
3799
2977
3276
3393
3539
2632
166
3080
3411
1499
84
4234
2709
4442
2913
3315
2367
2881
1424
2683
2849
1203
4542
188
1029
2063
4351
3211
3463
4073
3104
1686
2300
3344
1581
76
1851
2674
4517
153
2667
2518
1260
3751
4373
4247
3351
1063
2949
1374
1305
4964
4138
3396
4589
4952
1758
1163
4091
1909
337
2872
3361
2653
3513
4113
288
3270
375
797
3677
4137
3053
4754
2304
2524
4797
1
3419
681
611
1905
635
2879
1294
2443
1022
702
1569
4598
4819
3406
475
3106
1963
4392
1563
3880
476
895
4554
504
4110
1838
1169
4973
3346
2908
4766
920
2917
1884
3397
2082
3048
4306
18
1430
2901
1006
4291
507
3744
4552
96
4219
1344
252
4330
231
3302
539
3671
4463
515
2564
1495
3882
4295
2120
4755
2431
4026
1881
1135
2434
2909
4154
4811
1652
4890
1316
1381
4135
2756
1407
4532
4010
4641
884
2378
2853
975
4214
4876
4516
2498
4868
417
4801
158
3961
4255
2051
4070
860
3733
2960
297
4300
343
1330
86
3634
3471
4715
2028
1958
4739
213
2928
575
2259
2228
1112
4355
13
612
4024
4976
3004
1987
1283
3903
3220
1290
4711
3926
3092
3832
3732
4566
800
2981
2208
1564
2488
3970
2613
944
303
2167
1154
164
1329
4716
4118
2684
1201
2232
2175
3030
2274
4808
4451
787
3203
2874
261
3432
225
4789
2435
4799
3485
449
613
1501
2033
1808
2033
1501
613
449
3485
4799
2435
4789
225
3432
261
2874
3203
787
4451
4808
2274
3030
2175
2232
1201
2684
4118
4716
1329
164
1154
2167
303
944
2613
3970
2488
1564
2208
2981
800
4566
3732
3832
3092
3926
4711
1290
3220
3903
1283
1987
3004
4976
4024
612
13
4355
1112
2228
2259
575
2928
213
4739
1958
2028
4715
3471
3634
86
1330
343
4300
297
2960
3733
860
4070
2051
4255
3961
158
4801
417
4868
2498
4516
4876
4214
975
2853
2378
884
4641
4010
4532
1407
2756
4135
1381
1316
4890
1652
4811
4154
2909
2434
1135
1881
4026
2431
4755
2120
4295
3882
1495
2564
515
4463
3671
539
3302
231
4330
252
1344
4219
96
4552
3744
507
4291
1006
2901
1430
18
4306
3048
2082
3397
1884
2917
920
4766
2908
3346
4973
1169
1838
4110
504
4554
895
476
3880
1563
4392
1963
3106
475
3406
4819
4598
1569
702
1022
2443
1294
2879
635
1905
611
681
3419
1
2553
4046
3609
395
1787
2248
2877
4006
1336
2936
4256
1670
14
1683
2664
4669
1481
788
4638
2485
1044
2730
2371
66
4217
3446
3457
1003
1130
2240
582
2538
450
3780
3630
4674
530
3454
4510
2326
3120
3341
1754
3557
4168
3578
4426
71
3082
3051
4296
3911
3264
1020
3306
485
2210
758
1244
2612
553
516
4622
1385
4885
4093
1309
1039
2391
1046
1486
596
1810
1116
3678
1024
1729
4548
2856
2903
3272
2204
434
3839
327
3708
3885
2610
726
1267
4276
4793
4488
4022
1425
1645
2579
2258
1854
1018
162
4940
3589
782
1403
1942
75
4812
2575
4314
3890
3943
2527
4523
10
322
4590
3229
1821
2310
478
312
2813
3951
811
2136
3109
2001
1188
2534
4823
1333
3062
4661
4456
1948
2880
1994
36
2038
4180
3274
3294
3795
1832
1140
1261
720
3034
4626
1075
876
1269
4226
649
1912
1118
3868
1127
4160
1559
4757
2846
1934
3210
3735
538
4894
579
1827
2914
3049
2914
1827
579
4894
538
3735
3210
1934
2846
4757
1559
4160
1127
3868
1118
1912
649
4226
1269
876
1075
4626
3034
720
1261
1140
1832
3795
3294
3274
4180
2038
36
1994
2880
1948
4456
4661
3062
1333
4823
2534
1188
2001
3109
2136
811
3951
2813
312
478
2310
1821
3229
4590
322
10
4523
2527
3943
3890
4314
2575
4812
75
1942
1403
782
3589
4940
162
1018
1854
2258
2579
1645
1425
4022
4488
4793
4276
1267
726
2610
3885
3708
327
3839
434
2204
3272
2903
2856
4548
1729
1024
3678
1116
1810
596
1486
1046
2391
1039
1309
4093
4885
1385
4622
516
553
2612
1244
758
2210
485
3306
1020
3264
3911
4296
3051
3082
71
4426
3578
4168
3557
1754
3341
3120
2326
4510
3454
530
4674
3630
3780
450
2538
582
2240
1130
1003
3457
3446
4217
66
2371
2730
1044
2485
4638
788
1481
4669
2664
1683
14
1670
4256
2936
1336
4006
2877
2248
1787
395
3609
4046
2553
1
3348
1706
3249
406
2786
735
1466
3284
2025
3940
2536
2019
4692
711
4155
535
3066
335
4958
3872
3525
3990
4512
2495
533
2143
1594
61
2226
4604
1390
4039
4321
1566
1514
3401
2746
3381
121
2557
4625
1476
1217
3163
4122
2546
3669
1788
1074
3125
3742
2845
2130
2763
4398
37
1450
1782
503
206
3690
2662
3640
85
1343
1047
1638
4627
1770
1171
173
3250
4506
3088
3574
2821
2244
2857
2659
2466
1117
2656
2215
3205
879
890
115
4925
4455
812
3773
783
4377
1126
3184
2982
3836
931
4635
4432
4322
2187
2413
1090
3818
39
2484
4169
3536
1692
968
447
4695
4975
4915
3196
2646
3867
1651
29
1011
2793
452
4385
4929
960
969
1829
1508
415
3227
2467
3055
606
1097
4103
4981
4687
1967
392
754
897
762
671
1183
463
686
2803
1772
947
2598
1806
2745
571
2927
3562
4075
3386
2088
3435
2560
4550
1696
3977
3967
1187
3027
2906
3439
4867
2181
1825
2181
4867
3439
2906
3027
1187
3967
3977
1696
4550
2560
3435
2088
3386
4075
3562
2927
571
2745
1806
2598
947
1772
2803
686
463
1183
671
762
897
754
392
1967
4687
4981
4103
1097
606
3055
2467
3227
415
1508
1829
969
960
4929
4385
452
2793
1011
29
1651
3867
2646
3196
4915
4975
4695
447
968
1692
3536
4169
2484
39
3818
1090
2413
2187
4322
4432
4635
931
3836
2982
3184
1126
4377
783
3773
812
4455
4925
115
890
879
3205
2215
2656
1117
2466
2659
2857
2244
2821
3574
3088
4506
3250
173
1171
1770
4627
1638
1047
1343
85
3640
2662
3690
206
503
1782
1450
37
4398
2763
2130
2845
3742
3125
1074
1788
3669
2546
4122
3163
1217
1476
4625
2557
121
3381
2746
3401
1514
1566
4321
4039
1390
4604
2226
61
1594
2143
533
2495
4512
3990
3525
3872
4958
335
3066
535
4155
711
4692
2019
2536
3940
2025
3284
1466
735
2786
406
3249
1706
3348
1
1679
436
3000
1174
1372
3896
2589
351
350
3976
1340
2123
1950
3684
4466
2771
4943
2503
2070
1557
2915
1846
4104
2155
4717
4096
1366
1478
4423
2103
2600
260
2216
120
3336
2578
4127
4651
4535
3668
3013
1384
2854
2322
891
2802
2392
3024
638
973
3590
1794
1529
2572
1687
511
1937
4152
3143
3783
4507
2189
3448
494
4938
3938
4671
1493
4229
4551
2720
3606
1534
4331
1098
104
4972
134
1643
936
2595
49
2729
4911
1802
4709
4934
1233
2789
3246
586
4683
2954
2924
4370
3347
2472
845
2037
4475
1935
2739
1510
706
601
3683
4429
3660
4273
2455
2352
4662
517
2335
1341
2337
214
1119
3604
3076
2078
1632
805
4891
3409
528
4642
3969
2165
2442
1882
4132
1959
2897
4402
881
4910
4020
655
2974
3277
1405
177
1178
4609
394
2812
1560
1571
1899
1860
1237
3275
1249
3012
4941
4407
4001
1663
443
315
2081
4624
1081
1907
796
3944
334
1266
3706
742
732
742
3706
1266
334
3944
796
1907
1081
4624
2081
315
443
1663
4001
4407
4941
3012
1249
3275
1237
1860
1899
1571
1560
2812
394
4609
1178
177
1405
3277
2974
655
4020
4910
881
4402
2897
1959
4132
1882
2442
2165
3969
4642
528
3409
4891
805
1632
2078
3076
3604
1119
214
2337
1341
2335
517
4662
2352
2455
4273
3660
4429
3683
601
706
1510
2739
1935
4475
2037
845
2472
3347
4370
2924
2954
4683
586
3246
2789
1233
4934
4709
1802
4911
2729
49
2595
936
1643
134
4972
104
1098
4331
1534
3606
2720
4551
4229
1493
4671
3938
4938
494
3448
2189
4507
3783
3143
4152
1937
511
1687
2572
1529
1794
3590
973
638
3024
2392
2802
891
2322
2854
1384
3013
3668
4535
4651
4127
2578
3336
120
2216
260
2600
2103
4423
1478
1366
4096
4717
2155
4104
1846
2915
1557
2070
2503
4943
2771
4466
3684
1950
2123
1340
3976
350
351
2589
3896
1372
1174
3000
436
1679
1
1880
1482
707
4027
273
1491
4528
2389
4052
2118
1674
2406
60
2303
2670
3370
1295
4141
2953
963
4818
2661
759
2516
1083
716
1238
4041
641
666
432
3569
1549
780
4656
1209
298
4920
179
841
2276
639
2185
1599
2449
747
1446
3342
2225
824
2158
2291
4303
3238
4085
1767
4955
2671
4686
2344
309
3494
878
945
3218
1172
112
1099
1212
2920
1270
4858
1760
2376
665
56
389
2619
4335
3859
2521
2288
1299
1855
3366
631
1981
4453
3666
2761
4559
3736
3148
2985
3214
3696
828
2777
1879
2207
2429
872
438
4556
1113
235
3209
4059
794
1733
1015
3763
2723
1331
2202
4742
4233
1230
2760
46
3305
4165
3010
474
2623
1796
106
2138
1833
4216
1489
1458
4172
4225
3594
3324
2961
1427
1946
2537
31
481
3776
4768
1181
1197
3190
4904
4088
3664
4126
2447
1007
4170
2922
2113
703
3700
3887
4136
4591
3869
3096
1455
625
4502
564
513
3506
3638
3583
3823
3583
3638
3506
513
564
4502
625
1455
3096
3869
4591
4136
3887
3700
703
2113
2922
4170
1007
2447
4126
3664
4088
4904
3190
1197
1181
4768
3776
481
31
2537
1946
1427
2961
3324
3594
4225
4172
1458
1489
4216
1833
2138
106
1796
2623
474
3010
4165
3305
46
2760
1230
4233
4742
2202
1331
2723
3763
1015
1733
794
4059
3209
235
1113
4556
438
872
2429
2207
1879
2777
828
3696
3214
2985
3148
3736
4559
2761
3666
4453
1981
631
3366
1855
1299
2288
2521
3859
4335
2619
389
56
665
2376
1760
4858
1270
2920
1212
1099
112
1172
3218
945
878
3494
309
2344
4686
2671
4955
1767
4085
3238
4303
2291
2158
824
2225
3342
1446
747
2449
1599
2185
639
2276
841
179
4920
298
1209
4656
780
1549
3569
432
666
641
4041
1238
716
1083
2516
759
2661
4818
963
2953
4141
1295
3370
2670
2303
60
2406
1674
2118
4052
2389
4528
1491
273
4027
707
1482
1880
1
723
4357
1661
2234
3136
2000
1780
1449
512
4740
1817
3819
192
4594
2573
3312
3377
2223
3450
3313
2851
4547
2031
2238
4846
3038
281
2956
2946
4447
1297
1224
2421
4246
3392
3429
152
4411
265
2456
1120
2490
623
1877
178
790
4207
873
3761
136
1032
3099
311
2796
1525
2044
1805
3524
16
2098
1087
819
1247
2092
1691
3130
2533
3984
2514
3515
1168
3383
3730
215
230
435
80
2666
2991
1558
4579
4897
4498
2080
4857
3273
1303
2463
4873
95
1393
3253
203
1962
729
2095
2199
3175
4408
3403
4824
4738
4092
2142
3151
2523
4051
3962
2399
1492
1189
642
278
2794
4633
4733
4665
103
4615
1314
2321
466
721
2540
854
3815
3571
4848
118
2958
4013
4032
2650
2795
694
3097
3809
3875
3405
996
2066
2470
4157
3786
3748
1448
324
4014
2325
2905
3241
3297
488
3559
194
4963
4062
4430
219
338
212
1190
4678
3793
391
4701
659
54
2427
2807
4969
576
4969
2807
2427
54
659
4701
391
3793
4678
1190
212
338
219
4430
4062
4963
194
3559
488
3297
3241
2905
2325
4014
324
1448
3748
3786
4157
2470
2066
996
3405
3875
3809
3097
694
2795
2650
4032
4013
2958
118
4848
3571
3815
854
2540
721
466
2321
1314
4615
103
4665
4733
4633
2794
278
642
1189
1492
2399
3962
4051
2523
3151
2142
4092
4738
4824
3403
4408
3175
2199
2095
729
1962
203
3253
1393
95
4873
2463
1303
3273
4857
2080
4498
4897
4579
1558
2991
2666
80
435
230
215
3730
3383
1168
3515
2514
3984
2533
3130
1691
2092
1247
819
1087
2098
16
3524
1805
2044
1525
2796
311
3099
1032
136
3761
873
4207
790
178
1877
623
2490
1120
2456
265
4411
152
3429
3392
4246
2421
1224
1297
4447
2946
2956
281
3038
4846
2238
2031
4547
2851
3313
3450
2223
3377
3312
2573
4594
192
3819
1817
4740
512
1449
1780
2000
3136
2234
1661
4357
723
1
4382
4199
4375
274
4277
1231
4585
3636
2152
863
4410
4404
1379
3829
1223
2425
465
4843
4574
953
1544
1191
1062
901
3791
2437
1456
1775
1423
4854
208
4356
2680
1776
4394
1543
3416
1837
2334
4774
2083
4741
3616
894
4899
4977
1199
776
1804
1894
3956
2867
2962
1713
1014
1536
2489
4881
1239
2415
1411
2800
63
2559
4467
2332
4713
2526
2965
199
4149
1464
4476
4268
2328
3958
2542
1060
3752
1184
2062
151
4833
677
2735
823
1847
4761
3367
4750
144
2938
977
3376
1813
3694
2606
683
4443
2532
3675
4412
1619
2286
3724
2504
3862
1173
4360
2173
3178
4097
2694
362
3597
755
2084
4924
4371
4405
2296
1592
3314
147
1503
3245
924
3070
3556
290
3905
1160
1678
12
3973
852
238
1728
2106
4583
1056
1665
479
4286
4313
4772
3141
211
4586
2634
101
4730
2034
3769
385
3407
102
1702
4697
4839
4240
1971
4820
3222
3251
549
4305
2090
4499
4449
302
4312
302
4449
4499
2090
4305
549
3251
3222
4820
1971
4240
4839
4697
1702
102
3407
385
3769
2034
4730
101
2634
4586
211
3141
4772
4313
4286
479
1665
1056
4583
2106
1728
238
852
3973
12
1678
1160
3905
290
3556
3070
924
3245
1503
147
3314
1592
2296
4405
4371
4924
2084
755
3597
362
2694
4097
3178
2173
4360
1173
3862
2504
3724
2286
1619
4412
3675
2532
4443
683
2606
3694
1813
3376
977
2938
144
4750
3367
4761
1847
823
2735
677
4833
151
2062
1184
3752
1060
2542
3958
2328
4268
4476
1464
4149
199
2965
2526
4713
2332
4467
2559
63
2800
1411
2415
1239
4881
2489
1536
1014
1713
2962
2867
3956
1894
1804
776
1199
4977
4899
894
3616
4741
2083
4774
2334
1837
3416
1543
4394
1776
2680
4356
208
4854
1423
1775
1456
2437
3791
901
1062
1191
1544
953
4574
4843
465
2425
1223
3829
1379
4404
4410
863
2152
3636
4585
1231
4277
274
4375
4199
4382
1
2891
3964
2731
1072
3757
3750
2348
1746
2622
2790
1507
3853
4688
4806
1138
4358
3642
565
4018
1693
697
3854
1291
3842
1607
1438
3127
2902
594
1354
525
3359
1251
131
226
1352
124
761
3252
1694
3991
2469
3087
1470
3841
1253
4753
1487
1241
197
2910
3399
1654
4856
505
2758
2440
3945
3877
736
1103
2192
1745
1811
4100
2820
542
2933
2126
4736
3260
781
1627
2166
2213
1444
1812
4061
321
459
2869
3497
1752
480
3480
1842
2519
4112
3925
1871
2859
4896
1707
651
3486
950
4237
1551
3128
1167
1310
1369
3983
3247
19
4084
1947
2069
3929
4491
4235
3533
3792
2770
1512
3135
4803
4534
3953
1473
3950
110
3102
1939
3912
3240
4131
2410
3505
1801
4878
2605
25
2464
1540
4783
1057
3629
1205
1262
4487
4849
259
2969
2283
559
2
4438
221
4922
654
3451
1856
1170
893
4346
4631
2855
4350
4951
902
4345
243
4810
4106
2465
138
2278
2315
724
2355
3924
2355
724
2315
2278
138
2465
4106
4810
243
4345
902
4951
4350
2855
4631
4346
893
1170
1856
3451
654
4922
221
4438
2
559
2283
2969
259
4849
4487
1262
1205
3629
1057
4783
1540
2464
25
2605
4878
1801
3505
2410
4131
3240
3912
1939
3102
110
3950
1473
3953
4534
4803
3135
1512
2770
3792
3533
4235
4491
3929
2069
1947
4084
19
3247
3983
1369
1310
1167
3128
1551
4237
950
3486
651
1707
4896
2859
1871
3925
4112
2519
1842
3480
480
1752
3497
2869
459
321
4061
1812
1444
2213
2166
1627
781
3260
4736
2126
2933
542
2820
4100
1811
1745
2192
1103
736
3877
3945
2440
2758
505
4856
1654
3399
2910
197
1241
1487
4753
1253
3841
1470
3087
2469
3991
1694
3252
761
124
1352
226
131
1251
3359
525
1354
594
2902
3127
1438
1607
3842
1291
3854
697
1693
4018
565
3642
4358
1138
4806
4688
3853
1507
2790
2622
1746
2348
3750
3757
1072
2731
3964
2891
1
1355
3145
1211
1054
869
3481
1339
698
4036
4696
4712
1976
345
1386
1065
3743
4619
3357
205
1504
3653
2804
2423
2417
4049
2810
1922
1027
3015
4636
3623
2626
4109
737
1655
4685
2024
1023
2224
4747
2937
4144
2266
2023
304
3545
3855
3851
3814
2097
4909
2608
4028
1636
4349
2896
4724
4863
1389
4105
3363
3137
3806
4248
3852
4274
3075
1588
1511
332
1088
2147
3263
2583
2627
4928
1323
1603
871
740
687
4114
1356
3330
4334
1849
2727
2590
2686
3908
1883
2617
196
1463
2110
3758
4486
4722
1440
1008
2698
4140
3992
1918
2205
3217
1110
2502
3521
743
250
3119
4728
1371
2841
1216
1433
3256
4570
3191
3528
3514
1823
3920
4390
1161
2217
1367
4111
1606
2004
182
1763
3208
185
2531
4912
4578
2604
3364
2520
908
523
77
100
980
4617
4302
1727
2251
1720
2022
3395
2978
4066
3307
4634
4121
207
3803
589
1050
439
835
3531
2268
4115
4763
2501
2987
2718
1953
2718
2987
2501
4763
4115
2268
3531
835
439
1050
589
3803
207
4121
4634
3307
4066
2978
3395
2022
1720
2251
1727
4302
4617
980
100
77
523
908
2520
3364
2604
4578
4912
2531
185
3208
1763
182
2004
1606
4111
1367
2217
1161
4390
3920
1823
3514
3528
3191
4570
3256
1433
1216
2841
1371
4728
3119
250
743
3521
2502
1110
3217
2205
1918
3992
4140
2698
1008
1440
4722
4486
3758
2110
1463
196
2617
1883
3908
2686
2590
2727
1849
4334
3330
1356
4114
687
740
871
1603
1323
4928
2627
2583
3263
2147
1088
332
1511
1588
3075
4274
3852
4248
3806
3137
3363
4105
1389
4863
4724
2896
4349
1636
4028
2608
4909
2097
3814
3851
3855
3545
304
2023
2266
4144
2937
4747
2224
1023
2024
4685
1655
737
4109
2626
3623
4636
3015
1027
1922
2810
4049
2417
2423
2804
3653
1504
205
3357
4619
3743
1065
1386
345
1976
4712
4696
4036
698
1339
3481
869
1054
1211
3145
1355
1
1890
4004
3591
3682
667
2491
1315
4148
1304
4529
2710
2699
4201
4804
4926
4614
2865
3279
2112
833
2682
1611
137
4865
2522
701
1204
3570
3789
3593
4489
566
900
942
1570
174
3293
1936
4094
67
2620
2850
119
3382
3503
2370
502
2354
3131
1076
2894
157
4239
4744
3235
4048
4549
2003
3522
1500
4319
2943
4982
3554
597
964
3114
1689
1475
4307
4764
608
3095
4150
1460
4080
1469
3043
3213
2496
1159
1131
3710
317
4317
955
2780
2999
3133
1132
907
3508
1094
1676
3152
1809
2198
2693
3766
2639
2798
4194
3350
3288
1956
830
1644
2368
2218
862
2015
1375
2550
1989
4877
2884
4298
105
3282
2870
2826
3900
64
4253
3083
882
1133
3323
254
3384
2797
3069
2007
3831
3248
840
2875
1646
4791
4259
1280
2372
4621
4327
3044
3337
2773
1101
1326
1406
630
3858
3016
2561
2239
3784
3077
386
346
2844
1435
1182
3716
1364
1552
1186
3188
2275
233
1436
4211
4786
4211
1436
233
2275
3188
1186
1552
1364
3716
1182
1435
2844
346
386
3077
3784
2239
2561
3016
3858
630
1406
1326
1101
2773
3337
3044
4327
4621
2372
1280
4259
4791
1646
2875
840
3248
3831
2007
3069
2797
3384
254
3323
1133
882
3083
4253
64
3900
2826
2870
3282
105
4298
2884
4877
1989
2550
1375
2015
862
2218
2368
1644
830
1956
3288
3350
4194
2798
2639
3766
2693
2198
1809
3152
1676
1094
3508
907
1132
3133
2999
2780
955
4317
317
3710
1131
1159
2496
3213
3043
1469
4080
1460
4150
3095
608
4764
4307
1475
1689
3114
964
597
3554
4982
2943
4319
1500
3522
2003
4549
4048
3235
4744
4239
157
2894
1076
3131
2354
502
2370
3503
3382
119
2850
2620
67
4094
1936
3293
174
1570
942
900
566
4489
3593
3789
3570
1204
701
2522
4865
137
1611
2682
833
2112
3279
2865
4614
4926
4804
4201
2699
2710
4529
1304
4148
1315
2491
667
3682
3591
4004
1890
1
357
3331
1342
715
3202
469
2336
3496
4440
643
844
2318
640
229
1973
4541
988
2059
3541
1709
2426
1580
379
1277
1888
4668
308
757
619
4778
2116
3071
1999
4053
1576
1288
3834
3639
4777
3262
2052
4191
2128
1546
1550
3715
2829
1545
838
210
209
2714
1831
1404
2638
1712
149
2565
2407
668
4538
4366
2511
3688
1502
187
2525
4693
3317
4102
4654
2384
1928
2471
2408
2418
1142
633
3169
2346
4278
1933
1068
422
2649
1055
4978
1744
1792
2562
4337
1353
1568
2776
365
3883
3886
3224
1414
4723
551
2996
171
4950
3904
1906
1577
1268
4666
1324
448
3041
4584
339
181
2011
3579
3081
4655
414
4725
2947
323
4380
228
1617
2040
1166
2414
1800
725
3608
998
4108
2270
3422
839
280
3495
3318
3740
1234
4898
2156
1194
2886
2973
614
2569
374
952
545
81
2338
3994
2506
3138
3462
2331
4095
1221
3755
4376
4192
467
3112
1714
1274
1642
4544
3847
4945
3847
4544
1642
1274
1714
3112
467
4192
4376
3755
1221
4095
2331
3462
3138
2506
3994
2338
81
545
952
374
2569
614
2973
2886
1194
2156
4898
1234
3740
3318
3495
280
839
3422
2270
4108
998
3608
725
1800
2414
1166
2040
1617
228
4380
323
2947
4725
414
4655
3081
3579
2011
181
339
4584
3041
448
1324
4666
1268
1577
1906
3904
4950
171
2996
551
4723
1414
3224
3886
3883
365
2776
1568
1353
4337
2562
1792
1744
4978
1055
2649
422
1068
1933
4278
2346
3169
633
1142
2418
2408
2471
1928
2384
4654
4102
3317
4693
2525
187
1502
3688
2511
4366
4538
668
2407
2565
149
1712
2638
1404
1831
2714
209
210
838
1545
2829
3715
1550
1546
2128
4191
2052
3262
4777
3639
3834
1288
1576
4053
1999
3071
2116
4778
619
757
308
4668
1888
1277
379
1580
2426
1709
3541
2059
988
4541
1973
229
640
2318
844
643
4440
3496
2336
469
3202
715
1342
3331
357
1
2174
366
1724
468
1993
3741
3817
1198
1840
3564
348
2100
802
959
2117
1254
184
2792
3035
4593
3032
4795
825
3441
3394
581
1454
4318
26
4309
1289
4845
1575
4238
910
4954
3420
4947
1690
202
1397
159
4565
2644
4185
680
806
4504
2114
3655
3185
2149
4817
1480
3647
408
865
3255
3901
2719
3287
661
3538
3577
1620
3540
360
2450
3770
3304
2163
3947
326
3942
4862
1992
4749
510
2046
749
3861
1078
4034
2689
2805
2206
506
2428
2873
1523
3907
2688
3864
2010
3844
82
2834
58
682
970
3183
826
2819
2137
646
2609
2952
286
1515
1836
2047
3199
4333
1625
4835
4035
1878
2308
1613
3663
798
3243
1785
1901
3001
1387
691
4557
1697
2349
3624
440
1863
1400
3981
2458
460
1472
4743
851
896
2574
3325
4361
4698
3459
455
2330
257
2041
2029
4830
4974
3850
1527
4326
3172
3772
2119
1826
150
3527
1278
1077
492
2621
981
1150
2073
4293
1093
4473
1093
4293
2073
1150
981
2621
492
1077
1278
3527
150
1826
2119
3772
3172
4326
1527
3850
4974
4830
2029
2041
257
2330
455
3459
4698
4361
3325
2574
896
851
4743
1472
460
2458
3981
1400
1863
440
3624
2349
1697
4557
691
1387
3001
1901
1785
3243
798
3663
1613
2308
1878
4035
4835
1625
4333
3199
2047
1836
1515
286
2952
2609
646
2137
2819
826
3183
970
682
58
2834
82
3844
2010
3864
2688
3907
1523
2873
2428
506
2206
2805
2689
4034
1078
3861
749
2046
510
4749
1992
4862
3942
326
3947
2163
3304
3770
2450
360
3540
1620
3577
3538
661
3287
2719
3901
3255
865
408
3647
1480
4817
2149
3185
3655
2114
4504
806
680
4185
2644
4565
159
1397
202
1690
4947
3420
4954
910
4238
1575
4845
1289
4309
26
4318
1454
581
3394
3441
825
4795
3032
4593
3035
2792
184
1254
2117
959
802
2100
348
3564
1840
1198
3817
3741
1993
468
1724
366
2174
1
3046
1938
822
1033
2231
1362
4679
1753
937
1009
2099
3936
1114
4800
2482
4071
1091
2201
1630
2942
1977
3575
1349
3689
4472
4649
2307
4465
1618
958
175
2951
1970
3078
1988
1296
3477
1284
4304
1037
4861
4328
3893
445
4363
2824
928
3182
4988
1192
2695
570
3290
660
4936
2347
3879
2227
3020
2382
2009
634
2342
2995
3176
3063
2476
1298
1996
853
2247
2445
584
3009
3447
2940
4223
1519
4221
2711
325
1100
4533
1766
3389
2036
1650
521
3242
44
4677
4308
1975
3340
1311
4193
2433
1604
2822
961
4705
3476
4710
4289
1866
3374
3648
397
3428
4384
3693
1048
4673
3633
966
4181
411
923
1107
3332
1870
3916
1874
418
1844
1051
4164
2907
4015
965
3018
1621
1983
4055
2775
1945
3198
4397
3619
3300
4870
3233
645
986
2737
1640
3644
52
4949
1292
2787
1653
3228
2596
2752
2655
1226
4054
2992
3090
1711
1123
4076
3327
775
887
4855
3520
2132
688
3759
4117
3759
688
2132
3520
4855
887
775
3327
4076
1123
1711
3090
2992
4054
1226
2655
2752
2596
3228
1653
2787
1292
4949
52
3644
1640
2737
986
645
3233
4870
3300
3619
4397
3198
1945
2775
4055
1983
1621
3018
965
4015
2907
4164
1051
1844
418
1874
3916
1870
3332
1107
923
411
4181
966
3633
4673
1048
3693
4384
3428
397
3648
3374
1866
4289
4710
3476
4705
961
2822
1604
2433
4193
1311
3340
1975
4308
4677
44
3242
521
1650
2036
3389
1766
4533
1100
325
2711
4221
1519
4223
2940
3447
3009
584
2445
2247
853
1996
1298
2476
3063
3176
2995
2342
634
2009
2382
3020
2227
3879
2347
4936
660
3290
570
2695
1192
4988
3182
928
2824
4363
445
3893
4328
4861
1037
4304
1284
3477
1296
1988
3078
1970
2951
175
958
1618
4465
2307
4649
4472
3689
1349
3575
1977
2942
1630
2201
1091
4071
2482
4800
1114
3936
2099
1009
937
1753
4679
1362
2231
1033
822
1938
3046
1
531
1605
2716
2255
4961
3234
3328
269
4798
1442
4065
3469
1285
2665
4640
4782
4232
2188
4737
482
899
6
2816
3561
4822
1722
2462
3430
1926
1162
4470
355
4681
2801
1902
2950
2831
3160
107
2592
3473
27
650
995
2742
3549
2282
1584
295
3171
3354
2436
2273
1548
1351
3586
2162
1497
1916
2298
3552
2124
180
3871
2568
543
1158
2262
1848
1358
4029
4734
868
778
4025
3935
926
256
409
2703
979
793
4680
2358
3827
380
3918
4893
3580
885
237
4970
4702
1042
4031
3727
316
786
142
3433
2493
1778
1498
1392
546
1924
532
710
1115
4007
2444
271
4931
4769
1320
1124
1363
3600
1220
2754
832
3239
3811
3479
1736
4939
1145
3731
201
3073
292
319
92
4415
2409
3965
4935
3610
4459
2402
803
4600
2461
821
2713
1155
3343
1524
2530
4205
773
4206
437
795
954
2918
313
1377
353
396
3843
4354
1002
65
2035
3296
2944
1602
3572
849
458
3195
458
849
3572
1602
2944
3296
2035
65
1002
4354
3843
396
353
1377
313
2918
954
795
437
4206
773
4205
2530
1524
3343
1155
2713
821
2461
4600
803
2402
4459
3610
4935
3965
2409
4415
92
319
292
3073
201
3731
1145
4939
1736
3479
3811
3239
832
2754
1220
3600
1363
1124
1320
4769
4931
271
2444
4007
1115
710
532
1924
546
1392
1498
1778
2493
3433
142
786
316
3727
4031
1042
4702
4970
237
885
3580
4893
3918
380
3827
2358
4680
793
979
2703
409
256
926
3935
4025
778
868
4734
4029
1358
1848
2262
1158
543
2568
3871
180
2124
3552
2298
1916
1497
2162
3586
1351
1548
2273
2436
3354
3171
295
1584
2282
3549
2742
995
650
27
3473
2592
107
3160
2831
2950
1902
2801
4681
355
4470
1162
1926
3430
2462
1722
4822
3561
2816
6
899
482
4737
2188
4232
4782
4640
2665
1285
3469
4065
1442
4798
269
3328
3234
4961
2255
2716
1605
531
1
425
1484
4166
3371
3777
3358
733
4252
1415
717
648
4393
1302
244
3866
2048
4037
2271
886
1943
1000
983
676
552
927
4002
2549
1147
2394
2420
933
2535
123
1028
4543
3345
3179
140
4089
2261
1986
3987
2115
4779
2588
2448
2242
1125
72
4087
3310
4329
1457
673
1917
3917
4198
4792
4311
4880
2151
4805
2567
2899
1852
738
2887
3915
4058
2468
453
2577
4072
126
1669
1361
2593
232
1095
3627
3631
4953
2380
3440
2053
1383
2548
4454
4650
4684
1434
2547
4837
2154
3157
4079
4520
1179
4536
2109
1128
906
3856
4648
4592
3107
3567
1820
842
3458
359
870
2360
1321
3620
3888
3301
1680
1012
4901
815
2543
2306
484
1718
3800
4310
4657
4159
4418
1202
117
3820
4343
4290
4706
562
2212
3488
4271
903
2252
2397
4281
3729
1243
561
4691
4057
3022
2021
368
605
689
2345
2654
4821
4462
3413
3581
4781
3838
4450
3692
1398
183
847
3019
3402
1165
858
420
858
1165
3402
3019
847
183
1398
3692
4450
3838
4781
3581
3413
4462
4821
2654
2345
689
605
368
2021
3022
4057
4691
561
1243
3729
4281
2397
2252
903
4271
3488
2212
562
4706
4290
4343
3820
117
1202
4418
4159
4657
4310
3800
1718
484
2306
2543
815
4901
1012
1680
3301
3888
3620
1321
2360
870
359
3458
842
1820
3567
3107
4592
4648
3856
906
1128
2109
4536
1179
4520
4079
3157
2154
4837
2547
1434
4684
4650
4454
2548
1383
2053
3440
2380
4953
3631
3627
1095
232
2593
1361
1669
126
4072
2577
453
2468
4058
3915
2887
738
1852
2899
2567
4805
2151
4880
4311
4792
4198
3917
1917
673
1457
4329
3310
4087
72
1125
2242
2448
2588
4779
2115
3987
1986
2261
4089
140
3179
3345
4543
1028
123
2535
933
2420
2394
1147
2549
4002
927
552
676
983
1000
1943
886
2271
4037
2048
3866
244
1302
4393
648
717
1415
4252
733
3358
3777
3371
4166
1484
425
1
4492
2388
2027
1658
1318
3254
1021
2663
1452
2159
4869
2254
4663
2017
224
1565
2320
3295
3116
1360
1276
2838
400
1542
3968
4987
509
433
2018
674
2241
146
1765
4379
626
419
1350
2313
4859
3913
1914
1978
3170
496
4758
4047
156
925
4372
2377
3098
299
1737
3721
1275
1593
2486
446
45
3014
441
1517
3667
1248
4703
2186
741
3592
4968
987
3563
4251
990
2089
2121
4139
1739
1185
4386
3628
3674
4275
1815
3124
1195
4611
670
3491
344
3746
1206
653
1496
2219
4571
2184
2878
4751
3949
4853
2350
637
1974
1485
2257
1615
3036
4660
2545
569
3955
3319
2285
296
1979
3101
705
1857
1985
1708
284
2554
3
3602
429
2065
2221
2351
1725
4009
4162
3460
216
3658
2866
3108
989
3788
41
22
4478
2766
3285
2267
155
816
3835
580
4767
222
28
3258
3646
1418
1092
600
2809
407
2637
1965
730
50
4469
898
1509
1453
4324
4815
3923
3685
1578
2984
1578
3685
3923
4815
4324
1453
1509
898
4469
50
730
1965
2637
407
2809
600
1092
1418
3646
3258
28
222
4767
580
3835
816
155
2267
3285
2766
4478
22
41
3788
989
3108
2866
3658
216
3460
4162
4009
1725
2351
2221
2065
429
3602
3
2554
284
1708
1985
1857
705
3101
1979
296
2285
3319
3955
569
2545
4660
3036
1615
2257
1485
1974
637
2350
4853
3949
4751
2878
2184
4571
2219
1496
653
1206
3746
344
3491
670
4611
1195
3124
1815
4275
3674
3628
4386
1185
1739
4139
2121
2089
990
4251
3563
987
4968
3592
741
2186
4703
1248
3667
1517
441
3014
45
446
2486
1593
1275
3721
1737
299
3098
2377
4372
925
156
4047
4758
496
3170
1978
1914
3913
4859
2313
1350
419
626
4379
1765
146
2241
674
2018
433
509
4987
3968
1542
400
2838
1276
1360
3116
3295
2320
1565
224
2017
4663
2254
4869
2159
1452
2663
1021
3254
1318
1658
2027
2388
4492
1
2030
4068
2842
3132
340
4292
1596
2744
3573
889
2309
3129
3512
1443
4209
3909
2157
1931
2970
834
3091
377
664
4841
4481
329
993
1539
3002
1740
135
258
593
1005
4829
719
247
282
1968
1300
1334
855
4735
3651
2968
4416
266
2071
33
1357
1422
2862
3278
3173
1213
714
1583
607
3822
3972
2381
4187
2505
2611
4500
3532
2150
3728
3455
3553
4601
4643
568
595
4231
2483
1143
4850
3607
3155
3679
2980
713
791
2398
4866
3837
4826
616
1245
1417
2293
4882
1904
451
1146
487
1769
3931
3388
4341
3542
3873
127
609
1562
2750
4257
3509
276
1312
4374
2284
1719
1426
3529
1641
4019
68
3047
647
74
4215
935
7
428
3475
1704
3140
1843
2832
34
3375
1858
880
1757
2633
2681
843
3008
2129
83
1040
1818
1759
2964
1789
1798
2049
1885
3713
1388
2993
4182
4445
3068
2934
4261
4606
3649
2179
388
4285
3410
364
3582
398
1447
4218
4675
3223
1867
3223
4675
4218
1447
398
3582
364
3410
4285
388
2179
3649
4606
4261
2934
3068
4445
4182
2993
1388
3713
1885
2049
1798
1789
2964
1759
1818
1040
83
2129
3008
843
2681
2633
1757
880
1858
3375
34
2832
1843
3140
1704
3475
428
7
935
4215
74
647
3047
68
4019
1641
3529
1426
1719
2284
4374
1312
276
3509
4257
2750
1562
609
127
3873
3542
4341
3388
3931
1769
487
1146
451
1904
4882
2293
1417
1245
616
4826
3837
4866
2398
791
713
2980
3679
3155
3607
4850
1143
2483
4231
595
568
4643
4601
3553
3455
3728
2150
3532
4500
2611
2505
4187
2381
3972
3822
607
1583
714
1213
3173
3278
2862
1422
1357
33
2071
266
4416
2968
3651
4735
855
1334
1300
1968
282
247
719
4829
1005
593
258
135
1740
3002
1539
993
329
4481
4841
664
377
3091
834
2970
1931
2157
3909
4209
1443
3512
3129
2309
889
3573
2744
1596
4292
340
3132
2842
4068
2030
1
745
1319
2672
3283
3385
3906
4773
4689
1494
3618
310
644
4746
2539
1256
4401
2457
2515
2566
3892
3158
314
471
4903
1997
2439
4497
3534
1622
287
3085
1067
3939
2279
4527
814
1762
1795
2762
3957
2265
3074
2093
1240
2125
490
4175
176
4202
336
985
1608
2042
1141
234
4344
4670
760
4050
3153
4514
2105
367
1271
1530
1207
1841
1623
991
245
3400
1461
3739
2016
3215
3299
62
3611
3412
1893
3537
2591
2692
1232
3680
294
1200
4282
1370
3546
1862
1066
3054
2890
3180
1073
4003
3615
1590
270
1675
4603
4563
4515
662
2191
2323
4452
462
1688
2054
911
2403
3652
2405
2676
1903
748
489
1616
2736
1180
2508
770
1738
684
918
1010
2929
1839
914
1416
4409
2250
1730
427
3065
412
88
1807
1814
220
154
108
4362
2900
934
3265
4171
588
3596
3584
1258
2848
3216
2551
3650
587
4790
3588
4494
4284
4124
1671
3560
223
1723
610
2067
3501
2858
4628
2858
3501
2067
610
1723
223
3560
1671
4124
4284
4494
3588
4790
587
3650
2551
3216
2848
1258
3584
3596
588
4171
3265
934
2900
4362
108
154
220
1814
1807
88
412
3065
427
1730
2250
4409
1416
914
1839
2929
1010
918
684
1738
770
2508
1180
2736
1616
489
748
1903
2676
2405
3652
2403
911
2054
1688
462
4452
2323
2191
662
4515
4563
4603
1675
270
1590
3615
4003
1073
3180
2890
3054
1066
1862
3546
1370
4282
1200
294
3680
1232
2692
2591
3537
1893
3412
3611
62
3299
3215
2016
3739
1461
3400
245
991
1623
1841
1207
1530
1271
367
2105
4514
3153
4050
760
4670
4344
234
1141
2042
1608
985
336
4202
176
4175
490
2125
1240
2093
3074
2265
3957
2762
1795
1762
814
4527
2279
3939
1067
3085
287
1622
3534
4497
2439
1997
4903
471
314
3158
3892
2566
2515
2457
4401
1256
2539
4746
644
310
3618
1494
4689
4773
3906
3385
3283
2672
1319
745
1
693
2751
3703
263
2294
2494
1395
1649
3895
167
2245
3115
1263
1786
1872
2094
4352
2715
1111
249
508
1749
2220
2295
3779
4623
3492
349
2507
2648
2026
2959
70
79
342
1667
4267
2169
2079
4378
1468
3595
2658
4620
2774
3226
43
130
999
2779
2153
3333
4347
2064
1034
1058
2230
4133
4101
1246
2860
1768
2830
1573
2979
1998
3686
663
2072
3500
2176
1957
994
3764
1648
1085
1774
784
971
2146
1920
3641
3568
1396
1286
2640
461
477
3621
4745
1701
4427
2863
4957
8
246
2983
11
3960
1322
2677
602
1177
2459
2277
1716
4120
2312
4156
1887
4474
2660
4646
3635
4477
78
3601
2478
3060
3891
3379
2387
3493
1896
916
3490
3017
4056
658
2263
4700
3113
801
1531
3510
1784
4460
949
2998
3352
333
3197
2235
4847
1402
3749
356
2657
4134
2311
4530
2327
4809
378
2385
2340
1664
4189
4090
590
3712
2926
240
704
1972
4342
17
2055
2401
2738
752
1467
752
2738
2401
2055
17
4342
1972
704
240
2926
3712
590
4090
4189
1664
2340
2385
378
4809
2327
4530
2311
4134
2657
356
3749
1402
4847
2235
3197
333
3352
2998
949
4460
1784
3510
1531
801
3113
4700
2263
658
4056
3017
3490
916
1896
3493
2387
3379
3891
3060
2478
3601
78
4477
3635
4646
2660
4474
1887
4156
2312
4120
1716
2277
2459
1177
602
2677
1322
3960
11
2983
246
8
4957
2863
4427
1701
4745
3621
477
461
2640
1286
1396
3568
3641
1920
2146
971
784
1774
1085
1648
3764
994
1957
2176
3500
2072
663
3686
1998
2979
1573
2830
1768
2860
1246
4101
4133
2230
1058
1034
2064
4347
3333
2153
2779
999
130
43
3226
2774
4620
2658
3595
1468
4378
2079
2169
4267
1667
342
79
70
2959
2026
2648
2507
349
3492
4623
3779
2295
2220
1749
508
249
1111
2715
4352
2094
1872
1786
1263
3115
2245
167
3895
1649
1395
2494
2294
263
3703
2751
693
1
4174
2916
1401
2556
1624
3334
3472
1176
2673
2068
3058
2544
2144
227
1755
1380
3360
2441
4558
940
2636
574
4098
1681
1635
283
4708
3466
4021
4562
3922
1287
495
3804
1505
456
3785
330
4364
4921
2941
685
4780
3701
4340
2767
1399
4336
4399
3231
1059
4539
2075
1913
2160
1521
4269
827
524
3808
1910
2460
1629
3355
4244
48
1421
3303
328
2014
2301
1964
1572
1045
4069
518
4900
2733
2768
1301
3632
430
2510
4966
3625
3449
1121
161
527
1980
1049
190
4195
2416
3937
4254
2246
4446
383
3236
1506
1043
3738
3225
2453
3717
2481
3555
1082
4851
4874
4413
2912
5
4078
1949
4146
1779
384
1892
3797
4612
4927
2140
2602
2721
3181
3039
32
4872
3166
1923
3626
2430
3719
2597
1673
820
4064
4422
4480
251
4682
2012
141
1532
1886
89
4553
3005
363
1378
2580
1219
591
3775
1516
938
2784
4116
2728
2058
145
2697
3316
4396
548
2359
2871
1586
4213
2104
4213
1586
2871
2359
548
4396
3316
2697
145
2058
2728
4116
2784
938
1516
3775
591
1219
2580
1378
363
3005
4553
89
1886
1532
141
2012
4682
251
4480
4422
4064
820
1673
2597
3719
2430
3626
1923
3166
4872
32
3039
3181
2721
2602
2140
4927
4612
3797
1892
384
1779
4146
1949
4078
5
2912
4413
4874
4851
1082
3555
2481
3717
2453
3225
3738
1043
1506
3236
383
4446
2246
4254
3937
2416
4195
190
1049
1980
527
161
1121
3449
3625
4966
2510
430
3632
1301
2768
2733
4900
518
4069
1045
1572
1964
2301
2014
328
3303
1421
48
4244
3355
1629
2460
1910
3808
524
827
4269
1521
2160
1913
2075
4539
1059
3231
4399
4336
1399
2767
4340
3701
4780
685
2941
4921
4364
330
3785
456
1505
3804
495
1287
3922
4562
4021
3466
4708
283
1635
1681
4098
574
2636
940
4558
2441
3360
1380
1755
227
2144
2544
3058
2068
2673
1176
3472
3334
1624
2556
1401
2916
4174
1
620
4283
40
526
4123
4513
3928
3857
2571
2631
1149
4762
2925
4838
4605
1518
1229
1734
1589
1561
501
2168
3753
3980
921
2529
1483
2393
1306
766
4186
163
807
403
3801
1751
3718
4421
4967
4986
4860
4632
132
1391
1431
1419
2272
1781
3930
4143
4287
3617
1537
2607
2101
193
2474
4959
560
1803
3691
4332
1695
4227
4495
1741
4775
3230
4316
3434
3040
1535
1084
2008
2365
1153
4521
1071
1264
2994
3659
1873
544
1013
3111
1376
804
1659
856
1647
4727
2145
1889
3734
4043
94
1698
1001
1096
4368
1984
785
3484
2707
669
2645
3681
4596
486
2643
3268
519
1335
4299
2701
4561
2043
1338
1799
3061
2782
1053
675
4587
4479
2379
4128
165
1911
1783
627
978
2341
4212
3164
3523
3271
3499
1637
4836
491
3261
4667
1834
413
4567
114
536
143
699
4595
522
1915
1175
3548
3902
51
2563
2411
3149
2260
4428
1932
4367
1441
470
2986
426
2302
3798
4580
4263
4580
3798
2302
426
2986
470
1441
4367
1932
4428
2260
3149
2411
2563
51
3902
3548
1175
1915
522
4595
699
143
536
114
4567
413
1834
4667
3261
491
4836
1637
3499
3271
3523
3164
4212
2341
978
627
1783
1911
165
4128
2379
4479
4587
675
1053
2782
3061
1799
1338
2043
4561
2701
4299
1335
519
3268
2643
486
4596
3681
2645
669
2707
3484
785
1984
4368
1096
1001
1698
94
4043
3734
1889
2145
4727
1647
856
1659
804
1376
3111
1013
544
1873
3659
2994
1264
1071
4521
1153
2365
2008
1084
1535
3040
3434
4316
3230
4775
1741
4495
4227
1695
4332
3691
1803
560
4959
2474
193
2101
2607
1537
3617
4287
4143
3930
1781
2272
1419
1431
1391
132
4632
4860
4986
4967
4421
3718
1751
3801
403
807
163
4186
766
1306
2393
1483
2529
921
3980
3753
2168
501
1561
1589
1734
1229
1518
4605
4838
2925
4762
1149
2631
2571
3857
3928
4513
4123
526
40
4283
620
1
4913
3482
352
3093
3064
2997
186
3037
3897
817
4917
2599
1628
3662
2177
2876
1004
160
4381
3309
1990
4796
4690
1726
38
809
883
2783
1227
3941
2237
1790
4241
3519
1410
2706
3464
3645
563
1991
4721
3796
836
3714
2990
1148
2422
2477
753
444
3084
929
3863
301
3876
2135
1555
87
4270
2492
4315
1797
4197
3699
1731
4752
739
3768
2799
3453
1437
695
1595
347
866
4325
3704
272
3787
98
3154
1703
4008
1252
4884
3162
1682
3996
1930
2196
1307
113
4519
2828
3478
3067
2748
3418
4242
93
572
2722
917
2840
537
756
3023
4756
2641
2808
1089
4441
3445
3266
2383
657
1700
848
4639
4483
1631
1717
4946
3456
4437
2256
3697
1412
4714
198
4647
1368
2889
3436
3174
3622
3189
4323
3874
2096
1925
125
4537
279
405
1533
3833
604
2584
875
2581
2400
3914
4434
941
632
3722
4063
4568
3021
3870
1961
1259
3033
1359
3206
4573
4707
3404
1574
731
4468
731
1574
3404
4707
4573
3206
1359
3033
1259
1961
3870
3021
4568
4063
3722
632
941
4434
3914
2400
2581
875
2584
604
3833
1533
405
279
4537
125
1925
2096
3874
4323
3189
3622
3174
3436
2889
1368
4647
198
4714
1412
3697
2256
4437
3456
4946
1717
1631
4483
4639
848
1700
657
2383
3266
3445
4441
1089
2808
2641
4756
3023
756
537
2840
917
2722
572
93
4242
3418
2748
3067
3478
2828
4519
113
1307
2196
1930
3996
1682
3162
4884
1252
4008
1703
3154
98
3787
272
3704
4325
866
347
1595
695
1437
3453
2799
3768
739
4752
1731
3699
4197
1797
4315
2492
4270
87
1555
2135
3876
301
3863
929
3084
444
753
2477
2422
1148
2990
3714
836
3796
4721
1991
563
3645
3464
2706
1410
3519
4241
1790
2237
3941
1227
2783
883
809
38
1726
4690
4796
1990
3309
4381
160
1004
2876
2177
3662
1628
2599
4917
817
3897
3037
186
2997
3064
3093
352
3482
4913
1
4990
