1
4421
2324
4958
1545
3293
4052
1259
4223
4754
4554
3328
1417
1119
3919
3921
1648
4194
2492
1562
2560
3105
577
2296
625
460
1925
3145
69
2665
3039
923
3025
2845
3628
1922
2294
1106
978
2555
1376
2376
4405
2964
4941
3710
1251
504
177
1823
1458
1748
4066
2109
3280
3614
936
3750
2917
1896
1333
1602
1144
1193
61
1284
4366
27
4331
2518
2527
1578
4005
4482
2317
683
4922
3755
3903
2213
1172
3128
1726
3109
1647
238
539
1707
3465
145
495
476
1409
2387
2583
1013
758
2669
4572
1712
3097
3770
3284
2545
1340
3771
3378
3055
1786
3836
988
534
2105
3785
3061
1354
696
4684
310
4172
4957
2238
4162
3159
4014
4744
1854
2269
3062
719
3020
1822
726
1685
996
4079
101
2501
4826
3473
3517
2616
1596
1706
3624
371
647
12
2731
2451
3434
842
2411
416
1997
3089
87
843
1886
2502
3083
664
635
3449
436
4279
3093
4279
436
3449
635
664
3083
2502
1886
843
87
3089
1997
416
2411
842
3434
2451
2731
12
647
371
3624
1706
1596
2616
3517
3473
4826
2501
101
4079
996
1685
726
1822
3020
719
3062
2269
1854
4744
4014
3159
4162
2238
4957
4172
310
4684
696
1354
3061
3785
2105
534
988
3836
1786
3055
3378
3771
1340
2545
3284
3770
3097
1712
4572
2669
758
1013
2583
2387
1409
476
495
145
3465
1707
539
238
1647
3109
1726
3128
1172
2213
3903
3755
4922
683
2317
4482
4005
1578
2527
2518
4331
27
4366
1284
61
1193
1144
1602
1333
1896
2917
3750
936
3614
3280
2109
4066
1748
1458
1823
177
504
1251
3710
4941
2964
4405
2376
1376
2555
978
1106
2294
1922
3628
2845
3025
923
3039
2665
69
3145
1925
460
625
2296
577
3105
2560
1562
2492
4194
1648
3921
3919
1119
1417
3328
4554
4754
4223
1259
4052
3293
1545
4958
2324
4421
1
1711
1253
791
1566
2734
3739
2825
2333
4534
4825
585
2144
251
2327
1981
3904
129
507
4061
804
3322
421
2924
60
4650
1491
4300
368
3281
1279
3738
2278
4434
1368
2396
3491
2523
4441
4143
4555
4395
4954
2546
2568
1675
4602
4476
3352
178
1038
3215
276
480
2201
3976
3033
1268
1717
3389
3265
4369
588
2757
1451
491
2044
4762
4782
1126
4620
4545
1164
3887
3645
4765
655
4241
2623
4139
1762
1257
4599
4280
4381
2800
382
706
2860
3524
3291
204
1604
163
4627
3541
2054
846
4032
3206
2157
2055
4634
2228
694
4228
3691
312
2000
3217
168
4253
2973
1007
4547
2095
1665
3655
4851
1721
1454
1633
2359
2285
3587
4916
4666
182
4307
4314
3560
3740
1729
2589
4570
2789
2791
2640
1906
2520
4388
4244
728
2038
707
3299
1766
1473
1645
1988
3743
1653
302
3873
4629
3248
31
2091
861
3210
4439
2048
898
3176
40
1169
3418
1169
40
3176
898
2048
4439
3210
861
2091
31
3248
4629
3873
302
1653
3743
1988
1645
1473
1766
3299
707
2038
728
4244
4388
2520
1906
2640
2791
2789
4570
2589
1729
3740
3560
4314
4307
182
4666
4916
3587
2285
2359
1633
1454
1721
4851
3655
1665
2095
4547
1007
2973
4253
168
3217
2000
312
3691
4228
694
2228
4634
2055
2157
3206
4032
846
2054
3541
4627
163
1604
204
3291
3524
2860
706
382
2800
4381
4280
4599
1257
1762
4139
2623
4241
655
4765
3645
3887
1164
4545
4620
1126
4782
4762
2044
491
1451
2757
588
4369
3265
3389
1717
1268
3033
3976
2201
480
276
3215
1038
178
3352
4476
4602
1675
2568
2546
4954
4395
4555
4143
4441
2523
3491
2396
1368
4434
2278
3738
1279
3281
368
4300
1491
4650
60
2924
421
3322
804
4061
507
129
3904
1981
2327
251
2144
585
4825
4534
2333
2825
3739
2734
1566
791
1253
1711
1
3142
3721
1813
3611
3920
77
2390
2573
1623
2862
611
3680
1176
3426
148
1657
1737
4257
4610
2506
1742
1818
2313
3129
376
3318
1356
510
4722
2040
375
4651
975
2905
351
3862
4294
2496
1394
2759
2435
3543
3066
1699
141
727
567
584
4647
1861
1391
3211
1745
244
3767
3754
3232
4582
3446
2058
2846
1942
516
987
1902
1234
2453
4810
497
2927
36
4812
3535
4310
2795
1735
3567
3575
2678
1568
3158
2354
4153
4878
2824
4150
28
1506
1524
3890
3671
3178
2358
333
1249
701
3255
3503
2177
873
4720
4827
4719
2685
3820
4325
891
682
4520
1621
678
2349
929
3312
1993
4715
246
1571
1815
1972
2645
4118
513
2413
2215
3730
1838
2541
3075
97
3454
807
3879
4384
4552
67
176
4742
2561
365
2372
2635
412
2637
3795
3419
1774
2092
2464
117
917
4464
4376
748
4363
364
2405
2697
16
2674
2075
2980
3427
540
3984
4058
3984
540
3427
2980
2075
2674
16
2697
2405
364
4363
748
4376
4464
917
117
2464
2092
1774
3419
3795
2637
412
2635
2372
365
2561
4742
176
67
4552
4384
3879
807
3454
97
3075
2541
1838
3730
2215
2413
513
4118
2645
1972
1815
1571
246
4715
1993
3312
929
2349
678
1621
4520
682
891
4325
3820
2685
4719
4827
4720
873
2177
3503
3255
701
1249
333
2358
3178
3671
3890
1524
1506
28
4150
2824
4878
4153
2354
3158
1568
2678
3575
3567
1735
2795
4310
3535
4812
36
2927
497
4810
2453
1234
1902
987
516
1942
2846
2058
3446
4582
3232
3754
3767
244
1745
3211
1391
1861
4647
584
567
727
141
1699
3066
3543
2435
2759
1394
2496
4294
3862
351
2905
975
4651
375
2040
4722
510
1356
3318
376
3129
2313
1818
1742
2506
4610
4257
1737
1657
148
3426
1176
3680
611
2862
1623
2573
2390
77
3920
3611
1813
3721
3142
1
4221
2564
3666
4277
2962
3450
2025
2972
86
2352
1260
3429
724
2643
2652
2727
3279
3964
4417
3928
1311
763
989
1846
1132
3936
627
3965
3960
4696
1096
4724
2407
892
1710
1798
3346
2872
966
4288
1860
1459
3972
769
2498
2590
2004
3994
3264
11
2941
830
3596
1785
1893
958
649
1472
103
2364
301
2646
4328
3235
263
1399
967
3088
3726
1312
2097
1704
1026
2216
1095
828
890
4409
2593
1377
4630
3148
59
3780
2945
4220
2079
1964
1778
319
247
2828
2908
1561
3899
2632
1909
1326
3874
3951
2790
438
9
3558
4238
4730
2627
1824
1283
2440
2297
1788
3095
3149
4226
1697
415
3889
1731
4814
1787
1696
3096
3656
110
3742
494
1422
2041
1882
4218
3162
4783
1554
3011
1622
1807
3031
1982
1066
4559
345
2121
1556
1883
3056
2588
269
4792
674
3116
2430
940
1732
4386
3910
3838
900
2867
1045
1250
1350
4802
4371
223
3600
223
4371
4802
1350
1250
1045
2867
900
3838
3910
4386
1732
940
2430
3116
674
4792
269
2588
3056
1883
1556
2121
345
4559
1066
1982
3031
1807
1622
3011
1554
4783
3162
4218
1882
2041
1422
494
3742
110
3656
3096
1696
1787
4814
1731
3889
415
1697
4226
3149
3095
1788
2297
2440
1283
1824
2627
4730
4238
3558
9
438
2790
3951
3874
1326
1909
2632
3899
1561
2908
2828
247
319
1778
1964
2079
4220
2945
3780
59
3148
4630
1377
2593
4409
890
828
1095
2216
1026
1704
2097
1312
3726
3088
967
1399
263
3235
4328
2646
301
2364
103
1472
649
958
1893
1785
3596
830
2941
11
3264
3994
2004
2590
2498
769
3972
1459
1860
4288
966
2872
3346
1798
1710
892
2407
4724
1096
4696
3960
3965
627
3936
1132
1846
989
763
1311
3928
4417
3964
3279
2727
2652
2643
724
3429
1260
2352
86
2972
2025
3450
2962
4277
3666
2564
4221
1
2270
4349
3538
2211
3472
468
980
615
4832
4174
3384
960
523
3364
2695
847
374
3340
2107
4073
2304
4667
2946
4264
1261
1342
2672
4387
4148
4803
380
1642
3674
964
517
4141
4053
2104
977
3908
2510
4374
638
3595
3457
3607
1426
1180
950
4467
3245
2680
4156
3202
4206
2397
887
4383
3859
1117
3593
4230
1209
4171
1005
3499
2826
2612
3216
1341
3140
4529
2348
3863
2432
2334
3585
418
1476
419
1460
1009
4677
3205
1567
321
4473
3068
3935
3973
232
2786
3619
598
391
1520
1031
1390
4458
3497
4494
1802
4580
3947
199
3905
4504
4488
669
4212
4355
4816
2816
1358
2008
4048
3622
1840
700
1168
1380
399
3300
1226
1670
2319
352
853
3576
622
630
294
2356
3930
458
2388
3147
53
757
4155
3004
1166
3722
1549
2741
823
4625
4309
2629
155
3037
358
773
2343
548
1720
3566
2559
4099
1219
4074
1763
4398
4834
3022
845
3022
4834
4398
1763
4074
1219
4099
2559
3566
1720
548
2343
773
358
3037
155
2629
4309
4625
823
2741
1549
3722
1166
3004
4155
757
53
3147
2388
458
3930
2356
294
630
622
3576
853
352
2319
1670
1226
3300
399
1380
1168
700
1840
3622
4048
2008
1358
2816
4816
4355
4212
669
4488
4504
3905
199
3947
4580
1802
4494
3497
4458
1390
1031
1520
391
598
3619
2786
232
3973
3935
3068
4473
321
1567
3205
4677
1009
1460
419
1476
418
3585
2334
2432
3863
2348
4529
3140
1341
3216
2612
2826
3499
1005
4171
1209
4230
3593
1117
3859
4383
887
2397
4206
3202
4156
2680
3245
4467
950
1180
1426
3607
3457
3595
638
4374
2510
3908
977
2104
4053
4141
517
964
3674
1642
380
4803
4148
4387
2672
1342
1261
4264
2946
4667
2304
4073
2107
3340
374
847
2695
3364
523
960
3384
4174
4832
615
980
468
3472
2211
3538
4349
2270
1
4760
2537
56
4496
2957
1288
50
3196
3629
922
3570
1366
4399
2262
3357
1243
2085
1765
4624
4801
3451
4068
115
2153
201
3639
2422
2231
2937
522
39
1816
4372
4778
2248
3218
4023
4416
2195
1632
4578
2553
4191
1167
422
4953
1347
3198
643
1969
3798
363
4270
2762
4234
2423
2558
3752
1560
3141
4836
3327
184
1678
4011
3034
2909
2933
2166
4265
118
2532
2852
2776
2721
2644
1641
4436
4318
1539
3029
1828
3929
2480
4766
1134
2907
3367
1090
2395
3500
1265
3209
284
4209
4943
1421
2758
4513
2067
3382
1292
3716
1907
3492
3236
483
487
3510
231
2799
4652
71
406
1715
3174
1489
2401
2886
1494
777
45
4929
4934
1470
2839
2708
1475
768
3901
4828
1974
1071
2831
3660
2057
4938
1915
780
3344
297
2706
4036
2694
619
2536
1514
356
2183
3220
4478
4531
3715
819
2981
1328
4354
2869
2557
3891
4612
1961
4477
2467
2971
1336
2971
2467
4477
1961
4612
3891
2557
2869
4354
1328
2981
819
3715
4531
4478
3220
2183
356
1514
2536
619
2694
4036
2706
297
3344
780
1915
4938
2057
3660
2831
1071
1974
4828
3901
768
1475
2708
2839
1470
4934
4929
45
777
1494
2886
2401
1489
3174
1715
406
71
4652
2799
231
3510
487
483
3236
3492
1907
3716
1292
3382
2067
4513
2758
1421
4943
4209
284
3209
1265
3500
2395
1090
3367
2907
1134
4766
2480
3929
1828
3029
1539
4318
4436
1641
2644
2721
2776
2852
2532
118
4265
2166
2933
2909
3034
4011
1678
184
3327
4836
3141
1560
3752
2558
2423
4234
2762
4270
363
3798
1969
643
3198
1347
4953
422
1167
4191
2553
4578
1632
2195
4416
4023
3218
2248
4778
4372
1816
39
522
2937
2231
2422
3639
201
2153
115
4068
3451
4801
4624
1765
2085
1243
3357
2262
4399
1366
3570
922
3629
3196
50
1288
2957
4496
56
2537
4760
1
156
2747
4024
171
4232
499
4734
1478
1402
4084
111
3642
1793
4113
1298
4492
1518
1629
1519
526
3146
4344
4690
1782
29
1033
858
715
1492
3924
2276
2703
1789
2281
2519
3843
43
478
2184
1156
3591
4560
776
324
2551
2926
2720
1565
2681
2982
1537
3763
1663
188
1580
4533
3728
552
1676
2854
467
3782
1805
1582
1679
1487
283
1280
1114
1286
969
4131
278
1924
3338
3773
852
1305
4589
4542
2754
289
1746
4094
2587
1245
4260
1773
4906
4806
1754
1364
2258
2749
4703
3392
160
133
2636
2312
1900
1595
3644
3803
3851
948
592
1767
3900
2625
2810
730
3167
2617
3789
3333
1777
1121
2740
3486
2847
1321
956
1513
393
4815
3502
32
1332
831
2155
3855
3923
2340
1891
2460
1865
3350
866
3532
1874
4601
4320
2172
4121
2742
3136
2567
827
4556
128
3326
1289
215
322
2947
4109
1456
4361
1958
3460
3319
753
4157
2338
3553
2338
4157
753
3319
3460
1958
4361
1456
4109
2947
322
215
1289
3326
128
4556
827
2567
3136
2742
4121
2172
4320
4601
1874
3532
866
3350
1865
2460
1891
2340
3923
3855
2155
831
1332
32
3502
4815
393
1513
956
1321
2847
3486
2740
1121
1777
3333
3789
2617
3167
730
2810
2625
3900
1767
592
948
3851
3803
3644
1595
1900
2312
2636
133
160
3392
4703
2749
2258
1364
1754
4806
4906
1773
4260
1245
2587
4094
1746
289
2754
4542
4589
1305
852
3773
3338
1924
278
4131
969
1286
1114
1280
283
1487
1679
1582
1805
3782
467
2854
1676
552
3728
4533
1580
188
1663
3763
1537
2982
2681
1565
2720
2926
2551
324
776
4560
3591
1156
2184
478
43
3843
2519
2281
1789
2703
2276
3924
1492
715
858
1033
29
1782
4690
4344
3146
526
1519
1629
1518
4492
1298
4113
1793
3642
111
4084
1402
1478
4734
499
4232
171
4024
2747
156
1
4364
2463
3244
2318
1388
1577
1761
4327
4664
3383
2996
1615
3356
2455
3690
1203
1804
1397
378
4390
444
3765
711
661
2992
1145
3615
4845
1936
4268
4190
1443
4527
4428
3800
4177
2181
4178
1098
1346
2066
1293
4747
1862
268
3847
1189
1317
4908
4204
1161
2221
778
2131
114
4457
586
1811
2391
692
1977
2065
340
4683
1078
3443
3189
4213
4717
2190
2611
4479
884
2880
4577
3983
3090
560
2736
2351
722
2499
479
2367
4731
602
3727
1041
26
856
1992
676
308
4741
1534
3175
4315
632
443
339
1572
2547
2658
4442
4678
397
1873
3223
1770
3760
3305
1511
1543
4338
2764
1718
3550
1898
2990
1531
240
4360
2705
932
450
653
3007
3243
650
3793
407
1991
1631
872
4430
3683
309
3396
3073
4632
3948
1664
962
937
1410
779
531
2472
3459
4468
633
1655
3408
3413
816
2985
1287
3306
383
1522
4297
1039
3729
731
3945
670
3945
731
3729
1039
4297
1522
383
3306
1287
2985
816
3413
3408
1655
633
4468
3459
2472
531
779
1410
937
962
1664
3948
4632
3073
3396
309
3683
4430
872
1631
1991
407
3793
650
3243
3007
653
450
932
2705
4360
240
1531
2990
1898
3550
1718
2764
4338
1543
1511
3305
3760
1770
3223
1873
397
4678
4442
2658
2547
1572
339
443
632
4315
3175
1534
4741
308
676
1992
856
26
1041
3727
602
4731
2367
479
2499
722
2351
2736
560
3090
3983
4577
2880
884
4479
2611
2190
4717
4213
3189
3443
1078
4683
340
2065
1977
692
2391
1811
586
4457
114
2131
778
2221
1161
4204
4908
1317
1189
3847
268
1862
4747
1293
2066
1346
1098
4178
2181
4177
3800
4428
4527
1443
4190
4268
1936
4845
3615
1145
2992
661
711
3765
444
4390
378
1397
1804
1203
3690
2455
3356
1615
2996
3383
4664
4327
1761
1577
1388
2318
3244
2463
4364
1
4642
1000
3939
3125
1018
4603
4646
4817
2053
3962
1204
490
316
471
4942
439
2715
800
1794
4709
3857
2690
3074
1913
626
4474
2474
2716
3101
2096
3395
241
4406
3345
13
1889
869
3000
4857
2853
3444
569
1608
2128
2760
3114
1989
2368
1649
660
505
1689
1806
3339
4593
255
2739
3883
3893
3026
3477
4735
1112
973
4569
926
914
1003
3757
3612
3002
3733
2431
2526
1242
3597
654
4380
3372
366
1001
1839
2552
4046
3447
1035
4483
1586
1015
3411
403
907
1469
2420
243
3438
798
2724
2868
1640
2459
3355
518
2970
4215
1230
1133
2856
576
789
4873
4930
2974
2631
4940
4427
1408
4757
408
4591
1372
315
1709
3195
3868
4628
1331
4669
2773
3892
994
306
1300
3913
563
4928
1591
871
2797
1730
1523
1713
2848
1010
2954
1976
1256
607
1389
1579
4324
1836
1857
1212
3551
855
2328
4791
2140
4056
307
2483
3764
4727
1933
3347
1933
4727
3764
2483
307
4056
2140
4791
2328
855
3551
1212
1857
1836
4324
1579
1389
607
1256
1976
2954
1010
2848
1713
1523
1730
2797
871
1591
4928
563
3913
1300
306
994
3892
2773
4669
1331
4628
3868
3195
1709
315
1372
4591
408
4757
1408
4427
4940
2631
2974
4930
4873
789
576
2856
1133
1230
4215
2970
518
3355
2459
1640
2868
2724
798
3438
243
2420
1469
907
403
3411
1015
1586
4483
1035
3447
4046
2552
1839
1001
366
3372
4380
654
3597
1242
2526
2431
3733
3002
3612
3757
1003
914
926
4569
973
1112
4735
3477
3026
3893
3883
2739
255
4593
3339
1806
1689
505
660
1649
2368
1989
3114
2760
2128
1608
569
3444
2853
4857
3000
869
1889
13
3345
4406
241
3395
2096
3101
2716
2474
4474
626
1913
3074
2690
3857
4709
1794
800
2715
439
4942
471
316
490
1204
3962
2053
4817
4646
4603
1018
3125
3939
1000
4642
1
2032
52
3519
190
2574
180
2570
877
4579
2026
3801
3723
744
2156
369
3513
3229
1612
2673
4914
3661
3709
4745
1047
1894
970
2713
1563
3613
983
712
3092
3573
2919
496
1605
1984
2899
1635
4275
1466
3182
502
702
2855
4952
913
4075
4018
3018
3854
4721
1467
4282
3126
1320
2778
4107
1589
3253
1626
2246
2245
4263
1928
2509
3737
116
3986
2923
4909
2976
4693
1021
3701
1381
742
604
1753
3834
1736
750
2408
3888
1780
164
3633
2289
3343
1157
3471
2883
4597
1359
1044
1733
1330
2242
2257
4040
2020
4446
1227
864
430
4781
3949
775
945
2651
3458
4015
4553
303
3172
1335
3332
902
2507
1323
3192
2164
2737
33
553
298
1428
428
2237
1741
1829
803
1263
3564
4081
3594
2601
236
2639
981
3759
3748
4256
314
3186
2219
3882
3967
1415
2452
4373
493
3354
4140
2006
3569
347
3580
1352
226
4402
329
127
1420
154
4429
154
1420
127
329
4402
226
1352
3580
347
3569
2006
4140
3354
493
4373
2452
1415
3967
3882
2219
3186
314
4256
3748
3759
981
2639
236
2601
3594
4081
3564
1263
803
1829
1741
2237
428
1428
298
553
33
2737
2164
3192
1323
2507
902
3332
1335
3172
303
4553
4015
3458
2651
945
775
3949
4781
430
864
1227
4446
2020
4040
2257
2242
1330
1733
1044
1359
4597
2883
3471
1157
3343
2289
3633
164
1780
3888
2408
750
1736
3834
1753
604
742
1381
3701
1021
4693
2976
4909
2923
3986
116
3737
2509
1928
4263
2245
2246
1626
3253
1589
4107
2778
1320
3126
4282
1467
4721
3854
3018
4018
4075
913
4952
2855
702
502
3182
1466
4275
1635
2899
1984
1605
496
2919
3573
3092
712
983
3613
1563
2713
970
1894
1047
4745
3709
3661
4914
2673
1612
3229
3513
369
2156
744
3723
3801
2026
4579
877
2570
180
2574
190
3519
52
2032
1
150
1379
1482
189
3048
2929
2533
2320
3902
2717
235
867
4945
4035
4451
2217
580
4790
1185
2314
2624
44
4768
4661
2922
591
2803
4357
4286
1363
2488
506
4687
3082
2594
2728
3970
4243
2920
740
4780
285
1093
2239
3579
2955
3609
3794
4431
3577
3225
814
2160
3440
2206
1624
4112
2471
4777
1716
4846
2702
4239
2514
3775
2143
2491
3559
4723
462
1548
4751
2969
1743
2891
4948
3191
1656
4743
839
3110
68
1837
109
3077
4565
1235
1725
906
3616
4884
3207
1781
2698
313
4623
1313
3015
1025
4839
571
2046
175
2683
1485
4029
447
1182
1551
959
4594
4262
4748
2375
938
2818
1369
4085
1315
984
1301
4339
3391
1202
197
122
2836
3498
4895
4633
3359
738
1598
373
1899
3084
3909
2456
2132
528
3664
1479
4201
1395
1457
4515
3365
3669
4864
4487
4507
4925
2958
944
1080
2832
277
3790
4225
250
2851
350
3078
3006
2023
3673
2023
3006
3078
350
2851
250
4225
3790
277
2832
1080
944
2958
4925
4507
4487
4864
3669
3365
4515
1457
1395
4201
1479
3664
528
2132
2456
3909
3084
1899
373
1598
738
3359
4633
4895
3498
2836
122
197
1202
3391
4339
1301
984
1315
4085
1369
2818
938
2375
4748
4262
4594
959
1551
1182
447
4029
1485
2683
175
2046
571
4839
1025
3015
1313
4623
313
2698
1781
3207
4884
3616
906
1725
1235
4565
3077
109
1837
68
3110
839
4743
1656
3191
4948
2891
1743
2969
4751
1548
462
4723
3559
2491
2143
3775
2514
4239
2702
4846
1716
4777
2471
4112
1624
2206
3440
2160
814
3225
3577
4431
3794
3609
2955
3579
2239
1093
285
4780
740
2920
4243
3970
2728
2594
3082
4687
506
2488
1363
4286
4357
2803
591
2922
4661
4768
44
2624
2314
1185
4790
580
2217
4451
4035
4945
867
235
2717
3902
2320
2533
2929
3048
189
1482
1379
150
1
4188
4219
2129
131
1197
2425
2443
1048
3866
2154
1084
3369
360
1378
3474
4019
1307
746
4184
3028
388
2210
2306
806
2769
2814
2039
1680
2034
3578
820
1866
3993
2383
4096
870
629
210
677
274
1809
2719
2602
3258
4082
3682
1304
3160
725
949
1529
3199
379
3997
2137
1316
1019
4138
739
2240
207
179
4510
498
2904
3038
4617
3439
4049
4313
4927
2503
911
575
4738
3675
1872
2482
1758
1450
930
796
3988
788
1453
4697
1667
165
2325
4274
1264
829
4949
3501
66
1339
2620
2081
2935
2788
1971
3119
557
2341
3961
4711
328
3516
1576
1127
1892
3884
335
2326
4530
37
1367
49
1759
464
4756
1614
532
2865
4104
2696
2928
4862
3181
149
2428
4590
3127
15
4281
579
4831
4250
454
3557
2633
3827
4498
4422
1120
1089
1546
1694
98
4269
2699
2735
1124
2565
208
1130
4888
4497
561
38
3324
1919
2051
3679
3307
2484
3307
3679
2051
1919
3324
38
561
4497
4888
1130
208
2565
1124
2735
2699
4269
98
1694
1546
1089
1120
4422
4498
3827
2633
3557
454
4250
4831
579
4281
15
3127
4590
2428
149
3181
4862
2928
2696
4104
2865
532
1614
4756
464
1759
49
1367
37
4530
2326
335
3884
1892
1127
1576
3516
328
4711
3961
2341
557
3119
1971
2788
2935
2081
2620
1339
66
3501
4949
829
1264
4274
2325
165
1667
4697
1453
788
3988
796
930
1450
1758
2482
1872
3675
4738
575
911
2503
4927
4313
4049
3439
4617
3038
2904
498
4510
179
207
2240
739
4138
1019
1316
2137
3997
379
3199
1529
949
725
3160
1304
3682
4082
3258
2602
2719
1809
274
677
210
629
870
4096
2383
3993
1866
820
3578
2034
1680
2039
2814
2769
806
2306
2210
388
3028
4184
746
1307
4019
3474
1378
360
3369
1084
2154
3866
1048
2443
2425
1197
131
2129
4219
4188
1
3436
745
4322
734
4010
3213
910
720
4847
3098
3373
55
4469
2254
718
3138
4080
3010
3032
850
4752
4971
797
3183
4739
1262
4870
4154
2784
186
1690
4407
4733
2174
2310
1271
2687
915
3226
589
1273
4939
3285
2381
1790
2186
542
2783
822
147
4119
4950
2050
2042
3017
3572
57
2098
1211
1682
1170
1116
4807
214
4378
4420
3065
2765
2993
85
4500
1684
1820
558
554
4956
2142
2470
2542
1448
4502
3643
1681
3421
1959
3087
3103
1083
4006
4525
4271
2224
1903
2293
3805
1303
4910
2833
572
541
4087
4088
2122
2921
2670
332
1998
3864
3776
3106
4358
1584
2193
1481
3898
1544
4643
4258
547
3112
205
2781
556
4455
1702
1142
1075
2235
1880
4973
2475
2843
3100
3511
1099
3869
1597
3744
3368
3214
2093
1803
1849
2671
4207
2165
4299
4675
3509
3623
1392
3317
614
4447
2316
3699
2605
3051
2775
3268
963
2151
3185
2481
21
1302
21
2481
3185
2151
963
3268
2775
3051
2605
3699
2316
4447
614
3317
1392
3623
3509
4675
4299
2165
4207
2671
1849
1803
2093
3214
3368
3744
1597
3869
1099
3511
3100
2843
2475
4973
1880
2235
1075
1142
1702
4455
556
2781
205
3112
547
4258
4643
1544
3898
1481
2193
1584
4358
3106
3776
3864
1998
332
2670
2921
2122
4088
4087
541
572
2833
4910
1303
3805
2293
1903
2224
4271
4525
4006
1083
3103
3087
1959
3421
1681
3643
4502
1448
2542
2470
2142
4956
554
558
1820
1684
4500
85
2993
2765
3065
4420
4378
214
4807
1116
1170
1682
1211
2098
57
3572
3017
2042
2050
4950
4119
147
822
2783
542
2186
1790
2381
3285
4939
1273
589
3226
915
2687
1271
2310
2174
4733
4407
1690
186
2784
4154
4870
1262
4739
3183
797
4971
4752
850
3032
3010
4080
3138
718
2254
4469
55
3373
3098
4847
720
910
3213
4010
734
4322
745
3436
1
3841
2785
3241
3246
2960
2473
2332
3934
3415
976
1324
1669
2700
3113
1277
2763
4902
3992
3228
2414
4668
4915
355
1637
4544
75
4379
1371
1027
3053
25
1344
4163
4393
3663
362
1795
1348
2830
2801
935
3877
4413
4164
18
564
2513
3563
4746
3867
1062
4114
4561
2677
273
774
262
3283
1412
1064
2272
1178
4216
1141
3249
4296
2385
2881
2792
3850
4179
3496
1343
217
473
4472
1432
3484
2135
4936
3165
1444
1092
1067
2078
2394
4609
666
100
465
2744
1771
2939
1427
4824
3698
344
2997
1557
1845
1337
4030
1059
1674
4921
2357
795
2382
4837
4672
4332
1912
2524
3906
1808
1208
3746
2878
2373
3351
3405
1497
2516
449
3942
3693
2842
4671
3637
2064
3487
4484
4788
1442
784
2442
2084
4773
617
1734
1464
3621
287
916
2682
1507
1956
2688
3561
3527
4977
4546
353
413
4881
427
3814
1957
2264
2100
161
2462
3143
4656
865
4026
865
4656
3143
2462
161
2100
2264
1957
3814
427
4881
413
353
4546
4977
3527
3561
2688
1956
1507
2682
916
287
3621
1464
1734
617
4773
2084
2442
784
1442
4788
4484
3487
2064
3637
4671
2842
3693
3942
449
2516
1497
3405
3351
2373
2878
3746
1208
1808
3906
2524
1912
4332
4672
4837
2382
795
2357
4921
1674
1059
4030
1337
1845
1557
2997
344
3698
4824
1427
2939
1771
2744
465
100
666
4609
2394
2078
1067
1092
1444
3165
4936
2135
3484
1432
4472
473
217
1343
3496
4179
3850
2792
2881
2385
4296
3249
1141
4216
1178
2272
1064
1412
3283
262
774
273
2677
4561
4114
1062
3867
4746
3563
2513
564
18
4164
4413
3877
935
2801
2830
1348
1795
362
3663
4393
4163
1344
25
3053
1027
1371
4379
75
4544
1637
355
4915
4668
2414
3228
3992
4902
2763
1277
3113
2700
1669
1324
976
3415
3934
2332
2473
2960
3246
3241
2785
3841
1
1109
4796
221
4438
3475
3766
3640
508
3069
62
4340
4245
2330
1196
4203
1255
1708
2626
4252
2077
848
2150
1994
1081
2991
1345
1091
1858
597
2392
1533
4343
452
4411
259
4306
3832
1760
3012
667
979
1184
1859
895
14
1474
2323
390
2657
3871
2265
3414
211
1416
4889
3828
3121
4951
2290
409
3420
2331
1445
1319
3289
1851
3295
1671
3273
2963
4654
2934
4435
4844
4368
2811
3602
1224
1097
3829
1619
2063
330
1308
4860
2398
1703
919
102
1895
3394
3044
3784
3288
3533
1162
2529
1812
590
3130
3123
4210
3735
3926
1396
1401
1063
181
2817
3168
658
4342
704
3933
2035
2989
1908
2380
326
280
4460
4159
4541
4508
78
1651
3697
1276
3052
4016
3276
3086
3772
697
4681
4278
4821
4618
3523
3201
1403
1240
157
4619
1963
4167
4963
2355
2362
4208
3023
3808
621
1174
3403
3653
1246
3238
34
1103
2465
4911
968
889
4454
3240
4454
889
968
4911
2465
1103
34
3238
1246
3653
3403
1174
621
3808
3023
4208
2362
2355
4963
4167
1963
4619
157
1240
1403
3201
3523
4618
4821
4278
4681
697
3772
3086
3276
4016
3052
1276
3697
1651
78
4508
4541
4159
4460
280
326
2380
1908
2989
2035
3933
704
4342
658
3168
2817
181
1063
1401
1396
3926
3735
4210
3123
3130
590
1812
2529
1162
3533
3288
3784
3044
3394
1895
102
919
1703
2398
4860
1308
330
2063
1619
3829
1097
1224
3602
2811
4368
4844
4435
2934
4654
2963
3273
1671
3295
1851
3289
1319
1445
2331
3420
409
2290
4951
3121
3828
4889
1416
211
3414
2265
3871
2657
390
2323
1474
14
895
1859
1184
979
667
3012
1760
3832
4306
259
4411
452
4343
1533
2392
597
1858
1091
1345
2991
1081
1994
2150
848
2077
4252
2626
1708
1255
4203
1196
2330
4245
4340
62
3069
508
3640
3766
3475
4438
221
4796
1109
1
3807
1521
2101
2877
253
1834
1661
4236
1831
3290
4789
4459
3979
3059
4562
3907
4070
3286
1750
3638
2916
2711
912
3927
2113
4039
3968
2022
4874
4375
2953
2087
2808
594
2686
3678
4382
10
3747
2232
2566
2575
4823
3271
3822
229
4227
646
2369
1698
705
4867
1191
260
2350
555
1779
1375
755
1282
1309
1111
4755
3692
1058
693
4
2704
991
1968
4125
4415
2967
2127
2059
3529
3184
3155
4097
4108
2584
2910
1110
4187
1461
1329
687
370
3489
3137
3858
3169
1382
159
4490
1950
4615
4961
3695
2983
2256
4057
4725
4640
4117
4732
3528
568
3982
2365
137
1207
3583
4385
1593
3297
4237
4879
65
2802
4905
2738
3132
2653
2458
817
904
2029
3469
3153
4662
4261
4251
3925
212
2071
2114
2887
3914
3371
54
2466
4200
23
3825
3054
264
2525
4233
108
3234
134
4249
2188
4550
3254
3325
2311
1558
1799
1355
3687
3931
2117
1552
3999
1552
2117
3931
3687
1355
1799
1558
2311
3325
3254
4550
2188
4249
134
3234
108
4233
2525
264
3054
3825
23
4200
2466
54
3371
3914
2887
2114
2071
212
3925
4251
4261
4662
3153
3469
2029
904
817
2458
2653
3132
2738
4905
2802
65
4879
4237
3297
1593
4385
3583
1207
137
2365
3982
568
3528
4732
4117
4640
4725
4057
2256
2983
3695
4961
4615
1950
4490
159
1382
3169
3858
3137
3489
370
687
1329
1461
4187
1110
2910
2584
4108
4097
3155
3184
3529
2059
2127
2967
4415
4125
1968
991
2704
4
693
1058
3692
4755
1111
1309
1282
755
1375
1779
555
2350
260
1191
4867
705
1698
2369
646
4227
229
3822
3271
4823
2575
2566
2232
3747
10
4382
3678
2686
594
2808
2087
2953
4375
4874
2022
3968
4039
2113
3927
912
2711
2916
3638
1750
3286
4070
3907
4562
3059
3979
4459
4789
3290
1831
4236
1661
1834
253
2877
2101
1521
3807
1
3932
1225
2123
4976
3631
282
1752
2725
732
2229
972
3768
1008
2966
4749
3370
2477
142
2668
158
721
2226
2074
2321
2571
2438
4818
1869
837
2209
4105
3769
3464
1447
4606
783
4688
1152
3971
3296
2267
1638
1123
3618
2554
275
3036
3441
2068
2915
836
2441
290
1666
348
2806
530
2208
2252
1983
3237
2266
1978
2339
3041
2630
3588
1885
942
3024
3292
1855
48
1688
4980
3412
46
2119
574
3003
1216
2809
354
1222
2661
1272
1509
3224
4337
119
4391
3445
2315
2284
2045
1945
4537
256
4392
1776
1590
1791
1269
3060
3668
4462
4089
2445
4822
4840
304
151
2176
1658
2876
2755
503
3070
2596
4729
878
4714
2448
2200
172
1108
4106
3605
2283
2794
1236
4295
3672
4532
2170
2021
2110
3150
4680
4573
4312
3895
4111
4981
1160
4549
3313
2940
3310
3922
2543
4636
4907
4758
679
4302
1884
857
4850
1028
4217
4539
3430
3677
203
3731
203
3677
3430
4539
4217
1028
4850
857
1884
4302
679
4758
4907
4636
2543
3922
3310
2940
3313
4549
1160
4981
4111
3895
4312
4573
4680
3150
2110
2021
2170
4532
3672
4295
1236
2794
2283
3605
4106
1108
172
2200
2448
4714
878
4729
2596
3070
503
2755
2876
1658
2176
151
304
4840
4822
2445
4089
4462
3668
3060
1269
1791
1590
1776
4392
256
4537
1945
2045
2284
2315
3445
4391
119
4337
3224
1509
1272
2661
1222
354
2809
1216
3003
574
2119
46
3412
4980
1688
48
1855
3292
3024
942
1885
3588
2630
3041
2339
1978
2266
3237
1983
2252
2208
530
2806
348
1666
290
2441
836
2915
2068
3441
3036
275
2554
3618
1123
1638
2267
3296
3971
1152
4688
783
4606
1447
3464
3769
4105
2209
837
1869
4818
2438
2571
2321
2074
2226
721
158
2668
142
2477
3370
4749
2966
1008
3768
972
2229
732
2725
1752
282
3631
4976
2123
1225
3932
1
423
475
3222
4317
435
639
4176
500
849
1384
453
2490
2515
737
3944
105
3911
4389
3522
3835
2182
143
228
2666
2538
2866
2780
544
4526
2436
4736
2148
2136
3152
860
4247
3423
4795
1233
1429
3267
1143
174
4182
3466
2676
3659
1843
1796
2581
4770
3531
3040
2152
2202
4853
2207
764
2987
2052
1995
3410
3027
2930
3200
4893
2070
2544
3714
2582
1232
2495
4461
3980
4077
1918
384
1438
4493
1179
1996
559
593
3590
3632
4637
2655
4875
859
429
3626
752
2489
2884
1947
3298
1052
2521
367
2009
1512
124
3058
2882
3386
2249
441
4161
862
1452
628
4759
4480
3261
2437
4686
3197
300
3304
4351
414
4021
957
3388
4335
4830
2468
2478
4093
648
2171
2001
112
1636
4408
2840
835
2770
8
2766
2476
2168
2857
2914
4712
4495
3514
3648
3035
4034
3707
965
3164
815
2849
3030
2539
3360
941
4330
4969
4425
2952
3071
2841
1944
2841
3071
2952
4425
4969
4330
941
3360
2539
3030
2849
815
3164
965
3707
4034
3035
3648
3514
4495
4712
2914
2857
2168
2476
2766
8
2770
835
2840
4408
1636
112
2001
2171
648
4093
2478
2468
4830
4335
3388
957
4021
414
4351
3304
300
3197
4686
2437
3261
4480
4759
628
1452
862
4161
441
2249
3386
2882
3058
124
1512
2009
367
2521
1052
3298
1947
2884
2489
752
3626
429
859
4875
2655
4637
3632
3590
593
559
1996
1179
4493
1438
384
1918
4077
3980
4461
2495
1232
2582
3714
2544
2070
4893
3200
2930
3027
3410
1995
2052
2987
764
2207
4853
2202
2152
3040
3531
4770
2581
1796
1843
3659
2676
3466
4182
174
1143
3267
1429
1233
4795
3423
4247
860
3152
2136
2148
4736
2436
4526
544
2780
2866
2538
2666
228
143
2182
3835
3522
4389
3911
105
3944
737
2515
2490
453
1384
849
500
4176
639
435
4317
3222
475
423
1
4305
4574
239
1220
3849
4852
1503
1722
1510
220
1800
4763
4175
2263
2180
4708
4397
3259
3366
920
4645
709
881
3649
292
562
2485
1504
1006
4152
1159
4060
1910
2424
4858
455
1954
2205
3014
3537
4038
4025
3272
992
2241
2723
271
2722
1819
342
3880
546
3792
1188
3005
2439
2227
1055
2667
821
927
4132
3837
237
4931
4974
710
3274
125
2994
1037
4737
2427
4116
3242
3865
511
2287
2322
3969
4292
3467
3620
3057
1411
400
1644
1691
83
4913
2613
386
893
2563
3703
2505
140
1583
974
4880
4091
2073
2664
756
1564
747
3938
3916
4346
2255
2642
990
4242
2072
4400
802
1502
357
183
2225
4083
88
3894
2864
92
1975
242
834
4524
3761
1926
2641
3320
1980
1973
2037
684
1351
4786
4586
874
1471
2767
3231
3067
106
1853
3494
1419
485
1040
2718
1274
136
4670
2585
2268
1911
663
2019
2236
1559
681
3341
2138
3712
2138
3341
681
1559
2236
2019
663
1911
2268
2585
4670
136
1274
2718
1040
485
1419
3494
1853
106
3067
3231
2767
1471
874
4586
4786
1351
684
2037
1973
1980
3320
2641
1926
3761
4524
834
242
1975
92
2864
3894
88
4083
2225
183
357
1502
802
4400
2072
4242
990
2642
2255
4346
3916
3938
747
1564
756
2664
2073
4091
4880
974
1583
140
2505
3703
2563
893
386
2613
4913
83
1691
1644
400
1411
3057
3620
3467
4292
3969
2322
2287
511
3865
3242
4116
2427
4737
1037
2994
125
3274
710
4974
4931
237
3837
4132
927
821
2667
1055
2227
2439
3005
1188
3792
546
3880
342
1819
2722
271
2723
2241
992
3272
4025
4038
3537
3014
2205
1954
455
4858
2424
1910
4060
1159
4152
1006
1504
2485
562
292
3649
881
709
4645
920
3366
3259
4397
4708
2180
2263
4175
4763
1800
220
1510
1722
1503
4852
3849
1220
239
4574
4305
1
323
2873
943
2360
2493
1844
1987
1296
1887
4937
3260
3079
4336
1695
3848
3520
3816
2345
4856
1499
2198
606
4028
4452
152
2062
4962
951
4007
2576
4698
4298
2007
2403
4658
2089
4359
4641
4514
623
1285
2449
4377
897
206
537
4183
1488
543
4291
3358
4466
1153
2222
2218
2578
2572
527
1541
934
2363
4614
2890
1740
4285
1850
120
295
2204
3329
551
1214
4303
3696
4419
2906
4240
2103
2689
3163
3718
4353
1036
2772
3685
3425
3839
1654
3417
2192
484
2118
20
4557
4456
514
931
4876
986
1079
833
121
883
3262
754
3108
4899
3720
2307
2663
1871
608
1154
3990
2337
170
4771
3662
1728
3943
4716
173
4923
3840
4122
4437
1606
1423
2273
3406
2895
4865
4003
3830
1573
4197
651
4481
2684
1952
4145
2984
2223
234
2030
515
3796
4774
3122
4050
1784
1247
4254
533
1879
4333
3507
620
2003
685
1686
1017
3941
1769
1322
2112
1322
1769
3941
1017
1686
685
2003
620
3507
4333
1879
533
4254
1247
1784
4050
3122
4774
3796
515
2030
234
2223
2984
4145
1952
2684
4481
651
4197
1573
3830
4003
4865
2895
3406
2273
1423
1606
4437
4122
3840
4923
173
4716
3943
1728
3662
4771
170
2337
3990
1154
608
1871
2663
2307
3720
4899
3108
754
3262
883
121
833
1079
986
4876
931
514
4456
4557
20
2118
484
2192
3417
1654
3839
3425
3685
2772
1036
4353
3718
3163
2689
2103
4240
2906
4419
3696
4303
1214
551
3329
2204
295
120
1850
4285
1740
2890
4614
2363
934
1541
527
2572
2578
2218
2222
1153
4466
3358
4291
543
1488
4183
537
206
897
4377
2449
1285
623
4514
4641
4359
2089
4658
2403
2007
4298
4698
2576
4007
951
4962
2062
152
4452
4028
606
2198
1499
4856
2345
3816
3520
3848
1695
4336
3079
3260
4937
1887
1296
1987
1844
2493
2360
943
2873
323
1
4863
2336
4820
2548
2412
656
3342
2580
74
126
3485
2292
1175
2931
4404
410
4196
3316
249
3490
1405
4528
3506
4248
3787
529
3193
58
1020
3667
4345
1360
1749
3416
946
4583
925
808
1581
3515
1113
1555
2120
4103
634
4886
4551
3957
4485
257
466
637
4022
3974
4323
761
729
1501
1069
1677
1643
4701
3824
2305
3076
3826
947
1140
3896
3853
3401
4511
3545
4115
2751
1042
4444
337
396
2116
3379
4892
2158
265
631
3190
4192
296
272
424
509
4871
2659
3574
4859
3385
267
1705
4146
389
3233
4229
2012
90
3375
2896
2733
1530
4440
448
227
1413
675
2469
3294
3179
896
4166
4362
879
921
4329
4489
2609
3860
2163
1940
760
2912
2027
4924
4843
3309
1587
1239
2353
3374
2692
1905
2187
2147
4222
2253
1155
680
3047
3872
4503
3856
2528
1439
1810
1881
4682
4350
1291
91
1186
3212
4955
4558
3432
2002
411
3512
4284
3512
411
2002
3432
4558
4955
3212
1186
91
1291
4350
4682
1881
1810
1439
2528
3856
4503
3872
3047
680
1155
2253
4222
2147
2187
1905
2692
3374
2353
1239
1587
3309
4843
4924
2027
2912
760
1940
2163
3860
2609
4489
4329
921
879
4362
4166
896
3179
3294
2469
675
1413
227
448
4440
1530
2733
2896
3375
90
2012
4229
3233
389
4146
1705
267
3385
4859
3574
2659
4871
509
424
272
296
4192
3190
631
265
2158
4892
3379
2116
396
337
4444
1042
2751
4115
3545
4511
3401
3853
3896
1140
947
3826
3076
2305
3824
4701
1643
1677
1069
1501
729
761
4323
3974
4022
637
466
257
4485
3957
4551
4886
634
4103
2120
1555
1113
3515
1581
808
925
4583
946
3416
1749
1360
4345
3667
1020
58
3193
529
3787
4248
3506
4528
1405
3490
249
3316
4196
410
4404
2931
1175
2292
3485
126
74
2580
3342
656
2412
2548
4820
2336
4863
1
1221
4882
2298
1149
4726
2894
3586
2162
612
1094
2371
954
1934
96
4009
766
3652
909
3706
1424
3488
1373
230
4505
4804
2099
636
162
2126
2691
3111
4412
4301
343
202
4769
4414
1338
1270
1570
2549
1266
1131
605
2028
457
538
4673
2141
107
1252
844
1931
1073
2282
1625
3702
288
138
782
1532
4833
395
4137
4266
4110
3180
1046
459
305
1620
3277
997
2662
2902
3676
1821
2049
1334
961
4842
3817
1527
3634
2366
1077
4978
4101
4638
3953
1431
2243
1398
3625
2710
3651
1248
1165
703
673
1278
225
2978
2535
3539
4900
3526
4000
1814
3353
2950
4124
99
3544
3534
2061
2016
1374
2261
659
286
2595
3495
4352
4663
1187
1738
3171
601
1407
1609
1650
2822
3870
4903
1267
4523
733
4872
695
880
4592
1970
1594
1764
318
2556
4966
1600
2756
2161
3363
2447
3603
2299
2938
1867
392
2300
4761
3505
2454
2707
1639
886
3381
886
1639
2707
2454
3505
4761
2300
392
1867
2938
2299
3603
2447
3363
2161
2756
1600
4966
2556
318
1764
1594
1970
4592
880
695
4872
733
4523
1267
4903
3870
2822
1650
1609
1407
601
3171
1738
1187
4663
4352
3495
2595
286
659
2261
1374
2016
2061
3534
3544
99
4124
2950
3353
1814
4000
3526
4900
3539
2535
2978
225
1278
673
703
1165
1248
3651
2710
3625
1398
2243
1431
3953
4638
4101
4978
1077
2366
3634
1527
3817
4842
961
1334
2049
1821
3676
2902
2662
997
3277
1620
305
459
1046
3180
4110
4266
4137
395
4833
1532
782
138
288
3702
1625
2282
1073
1931
844
1252
107
2141
4673
538
457
2028
605
1131
1266
2549
1570
1270
1338
4414
4769
202
343
4301
4412
3111
2691
2126
162
636
2099
4804
4505
230
1373
3488
1424
3706
909
3652
766
4009
96
1934
954
2371
1094
612
2162
3586
2894
4726
1149
2298
4882
1221
1
818
4707
4975
4657
3115
4622
4273
1199
3102
4522
743
2889
4134
4891
3478
832
4631
3549
261
2302
1673
3684
4519
1192
1953
2530
2925
4158
4917
1585
3250
2179
521
2370
3582
3981
2805
2384
668
3815
4753
194
19
1526
2858
4168
1668
2197
2779
4001
1258
2812
1627
1921
1939
196
3099
2597
3479
3777
3734
2487
2011
2782
1218
4041
2260
3463
1441
1173
3157
1115
2774
94
293
3617
535
1783
3955
3525
195
3886
1914
3547
805
3008
4347
3991
3302
2329
432
1436
1878
1086
2943
3
2918
3657
1540
3917
841
4811
1201
1672
3813
1536
2729
2409
4142
2274
4008
2251
1449
2433
3431
4160
1634
928
3437
1550
3975
3530
4193
3546
216
233
299
851
331
4063
1065
826
3287
4356
2139
1747
3107
4004
4517
2777
4890
1435
2335
489
901
2986
1999
3875
603
2083
4568
1072
3989
2748
888
1147
4584
2819
4861
3725
4616
456
3269
4912
2949
3719
2949
4912
3269
456
4616
3725
4861
2819
4584
1147
888
2748
3989
1072
4568
2083
603
3875
1999
2986
901
489
2335
1435
4890
2777
4517
4004
3107
1747
2139
4356
3287
826
1065
4063
331
851
299
233
216
3546
4193
3530
3975
1550
3437
928
1634
4160
3431
2433
1449
2251
4008
2274
4142
2409
2729
1536
3813
1672
1201
4811
841
3917
1540
3657
2918
3
2943
1086
1878
1436
432
2329
3302
3991
4347
3008
805
3547
1914
3886
195
3525
3955
1783
535
3617
293
94
2774
1115
3157
1173
1441
3463
2260
4041
1218
2782
2011
2487
3734
3777
3479
2597
3099
196
1939
1921
1627
2812
1258
4001
2779
2197
1668
4168
2858
1526
19
194
4753
3815
668
2384
2805
3981
3582
2370
521
2179
3250
1585
4917
4158
2925
2530
1953
1192
4519
3684
1673
2302
261
3549
4631
832
3478
4891
4134
2889
743
4522
3102
1199
4273
4622
3115
4657
4975
4707
818
1
346
4449
4706
4787
4967
2871
4486
657
2124
4401
1920
587
714
2082
771
762
2999
3604
1244
1490
3686
4979
3187
2730
525
2577
4017
2108
3542
2410
2870
790
640
3134
51
3301
2212
3811
1210
1835
4849
3013
4149
2189
492
3019
4304
4180
4518
1613
4689
1128
520
4283
781
1024
4450
624
2979
3571
995
1297
2709
4059
2712
581
1603
81
3045
699
716
2821
1105
35
4198
2911
2497
642
1468
609
4135
3081
187
2638
2191
2421
3842
70
3266
2807
749
1949
104
1901
4805
4078
1966
481
311
4432
4608
1213
3188
3442
3881
472
4133
1022
2897
2793
2446
4692
2342
3756
1930
4595
2346
1393
2271
3562
213
3323
4887
2393
2486
1386
3428
1515
2280
1158
3781
1357
3937
2043
2827
1827
4426
4471
4516
451
3170
4098
1832
882
3650
434
618
2948
3995
3377
2942
2648
2426
1535
1569
4185
1985
3156
524
565
463
2386
252
3080
1465
2024
1465
3080
252
2386
463
565
524
3156
1985
4185
1569
1535
2426
2648
2942
3377
3995
2948
618
434
3650
882
1832
4098
3170
451
4516
4471
4426
1827
2827
2043
3937
1357
3781
1158
2280
1515
3428
1386
2486
2393
4887
3323
213
3562
2271
1393
2346
4595
1930
3756
2342
4692
2446
2793
2897
1022
4133
472
3881
3442
3188
1213
4608
4432
311
481
1966
4078
4805
1901
104
1949
749
2807
3266
70
3842
2421
2191
2638
187
3081
4135
609
1468
642
2497
2911
4198
35
1105
2821
716
699
3045
81
1603
581
2712
4059
2709
1297
995
3571
2979
624
4450
1024
781
4283
520
1128
4689
1613
4518
4180
4304
3019
492
2189
4149
3013
4849
1835
1210
3811
2212
3301
51
3134
640
790
2870
2410
3542
2108
4017
2577
525
2730
3187
4979
3686
1490
1244
3604
2999
762
771
2082
714
587
1920
4401
2124
657
4486
2871
4967
4787
4706
4449
346
1
431
751
4267
3400
4231
2010
3407
2234
1833
4499
578
1215
2815
690
3985
1755
2714
3704
550
3956
3610
3330
2512
1125
4064
908
3555
3173
3278
2732
765
2419
4933
4868
3705
2508
1929
2500
4047
672
474
519
2111
3390
787
1792
4043
4012
3461
1505
4365
1275
4326
2761
2145
570
4123
1118
2813
3409
1200
266
3453
113
3521
953
2379
4600
3708
2634
4674
4433
3751
2301
446
3713
398
3966
1607
1107
2295
437
3912
2056
613
4710
1877
1888
3482
2607
3963
2185
3204
6
1299
4764
2798
426
1830
320
1082
894
671
1876
4246
1967
1290
3387
1151
1935
3540
41
3799
4944
4866
191
4598
4767
3852
1002
1484
1817
2308
3977
3627
3681
2603
2875
4235
95
1897
801
1440
4128
1139
4932
2898
3064
2303
1588
2750
1088
349
1150
3481
4959
1477
3118
1136
863
918
767
2837
4170
3194
4129
4947
4793
3786
3700
899
3399
1960
512
4308
1406
4308
512
1960
3399
899
3700
3786
4793
4947
4129
3194
4170
2837
767
918
863
1136
3118
1477
4959
3481
1150
349
1088
2750
1588
2303
3064
2898
4932
1139
4128
1440
801
1897
95
4235
2875
2603
3681
3627
3977
2308
1817
1484
1002
3852
4767
4598
191
4866
4944
3799
41
3540
1935
1151
3387
1290
1967
4246
1876
671
894
1082
320
1830
426
2798
4764
1299
6
3204
2185
3963
2607
3482
1888
1877
4710
613
2056
3912
437
2295
1107
1607
3966
398
3713
446
2301
3751
4433
4674
2634
3708
4600
2379
953
3521
113
3453
266
1200
3409
2813
1118
4123
570
2145
2761
4326
1275
4365
1505
3461
4012
4043
1792
787
3390
2111
519
474
672
4047
2500
1929
2508
3705
4868
4933
2419
765
2732
3278
3173
3555
908
4064
1125
2512
3330
3610
3956
550
3704
2714
1755
3985
690
2815
1215
578
4499
1833
2234
3407
2010
4231
3400
4267
751
431
1
2879
3791
4794
3878
3161
3844
1927
4195
4702
2378
4100
2693
2169
1349
1385
4090
3227
2726
1163
3592
3641
4031
2656
2399
4611
1101
4838
2102
153
1601
4536
1904
3918
2250
3802
3861
4699
3470
3598
3476
4659
596
2175
1868
1365
1294
4829
4965
985
3831
2450
2504
3647
1852
291
3124
4946
3823
772
4648
4538
1965
2244
336
1826
4465
1318
3565
4894
1194
79
3556
3349
2701
4069
1744
2361
2418
1941
3050
1772
2956
4120
2106
4403
4779
4809
1687
4205
2628
3568
144
599
4214
1498
1847
361
4173
3783
169
838
1486
4165
3468
993
3749
2579
4639
1012
2230
64
933
3334
42
4037
281
1057
4202
903
2965
4564
209
442
1610
3311
47
3897
4062
2086
573
2835
3303
4491
4926
812
736
1516
1404
686
2115
840
2752
3094
3778
1281
2347
1310
3589
582
4211
2903
3821
3876
2444
4819
3809
2936
1061
1628
1455
3599
1034
4898
4020
4700
2893
4700
4020
4898
1034
3599
1455
1628
1061
2936
3809
4819
2444
3876
3821
2903
4211
582
3589
1310
2347
1281
3778
3094
2752
840
2115
686
1404
1516
736
812
4926
4491
3303
2835
573
2086
4062
3897
47
3311
1610
442
209
4564
2965
903
4202
1057
281
4037
42
3334
933
64
2230
1012
4639
2579
3749
993
3468
4165
1486
838
169
3783
4173
361
1847
1498
4214
599
144
3568
2628
4205
1687
4809
4779
4403
2106
4120
2956
1772
3050
1941
2418
2361
1744
4069
2701
3349
3556
79
1194
4894
3565
1318
4465
1826
336
2244
1965
4538
4648
772
3823
4946
3124
291
1852
3647
2504
2450
3831
985
4965
4829
1294
1365
1868
2175
596
4659
3476
3598
3470
4699
3861
3802
2250
3918
1904
4536
1601
153
2102
4838
1101
4611
2399
2656
4031
3641
3592
1163
2726
3227
4090
1385
1349
2169
2693
4100
2378
4702
4195
1927
3844
3161
3878
4794
3791
2879
1
3001
3315
4272
1148
1938
377
1990
4968
2838
4567
4563
3144
1863
2975
1076
2550
1979
1517
470
2654
708
1727
4396
3331
595
786
4189
1575
2080
4071
1029
4607
549
741
3072
1660
4424
2031
1700
248
4685
4605
4316
717
4418
1085
3724
2036
4319
3256
3804
3219
4740
3818
1662
3665
2288
4972
1229
4044
3336
4445
2534
770
713
3402
1538
4051
4596
2018
2402
185
4919
4506
2517
4901
4475
939
3208
4896
440
1463
1693
3433
2796
2562
420
536
2377
3940
3608
2874
4463
1946
4655
4784
3462
1370
1195
2615
4750
2125
3104
665
1495
4293
381
3380
1129
425
2220
3952
3263
4571
3810
1462
341
372
4055
1425
3257
2961
793
689
3548
4072
4960
854
3636
4705
600
4621
1856
4521
3954
2159
1231
4566
3998
4095
982
4453
1137
2088
3042
2600
198
1528
3270
2134
1205
4045
824
3422
2531
166
2892
1652
1574
2859
3958
2090
4443
545
4626
4855
4626
545
4443
2090
3958
2859
1574
1652
2892
166
2531
3422
824
4045
1205
2134
3270
1528
198
2600
3042
2088
1137
4453
982
4095
3998
4566
1231
2159
3954
4521
1856
4621
600
4705
3636
854
4960
4072
3548
689
793
2961
3257
1425
4055
372
341
1462
3810
4571
3263
3952
2220
425
1129
3380
381
4293
1495
665
3104
2125
4750
2615
1195
1370
3462
4784
4655
1946
4463
2874
3608
3940
2377
536
420
2562
2796
3433
1693
1463
440
4896
3208
939
4475
4901
2517
4506
4919
185
2402
2018
4596
4051
1538
3402
713
770
2534
4445
3336
4044
1229
4972
2288
3665
1662
3818
4740
3219
3804
3256
4319
2036
3724
1085
4418
717
4316
4605
4685
248
1700
2031
4424
1660
3072
741
549
4607
1029
4071
2080
1575
4189
786
595
3331
4396
1727
708
2654
470
1517
1979
2550
1076
2975
1863
3144
4563
4567
2838
4968
1990
377
1938
1148
4272
3315
3001
1
2277
1775
4800
4147
652
1723
1434
3221
3606
1051
583
4027
4970
2434
4423
30
1618
1237
1023
3504
723
1314
2885
4548
4348
1056
2586
735
394
4575
1122
3091
1053
1848
2017
3736
2622
3085
952
5
4665
2959
1937
2771
971
1050
4813
3812
17
3845
1070
2286
1890
641
2768
2522
794
4448
80
2
4259
4276
135
4367
2900
4224
3762
82
4054
3135
2599
3308
1870
3797
868
2804
1043
4808
2995
3646
3362
4935
3508
885
2619
218
3779
3139
3480
4653
461
3117
3455
1547
4033
2820
4065
4410
2389
998
3584
488
2753
486
1100
810
2675
1948
4576
1875
1801
3732
200
4649
3885
1362
2374
1387
4841
3348
2146
4869
1353
1004
3689
1841
4660
3314
2233
89
2591
2610
401
2829
4964
2130
3452
3393
2606
3021
688
1724
2015
4581
1955
1183
3404
799
3435
167
2247
1617
3833
3043
3448
3424
482
2932
4144
3630
1087
3806
2618
3046
4199
317
4199
3046
2618
3806
1087
3630
4144
2932
482
3424
3448
3043
3833
1617
2247
167
3435
799
3404
1183
1955
4581
2015
1724
688
3021
2606
3393
3452
2130
4964
2829
401
2610
2591
89
2233
3314
4660
1841
3689
1004
1353
4869
2146
3348
4841
1387
2374
1362
3885
4649
200
3732
1801
1875
4576
1948
2675
810
1100
486
2753
488
3584
998
2389
4410
4065
2820
4033
1547
3455
3117
461
4653
3480
3139
3779
218
2619
885
3508
4935
3362
3646
2995
4808
1043
2804
868
3797
1870
3308
2599
3135
4054
82
3762
4224
2900
4367
135
4276
4259
2
80
4448
794
2522
2768
641
1890
2286
1070
3845
17
3812
4813
1050
971
2771
1937
2959
4665
5
952
3085
2622
3736
2017
1848
1053
3091
1122
4575
394
735
2586
1056
4348
4548
2885
1314
723
3504
1023
1237
1618
30
4423
2434
4970
4027
583
1051
3606
3221
1434
1723
652
4147
4800
1775
2277
1
1797
1228
1483
4713
3846
3581
2203
4102
1923
3063
1751
1011
1054
4540
2540
1757
1171
1181
785
3518
566
22
2013
2844
2968
1414
1542
3758
3398
2094
4854
2149
4136
2660
224
3635
3376
258
192
1646
2988
3788
4509
1217
2344
3950
1616
4535
4341
1714
1295
809
417
1493
4588
325
334
1361
1864
123
2511
1074
3252
4501
3131
4604
2604
2977
2429
999
1306
2647
1060
245
24
4613
338
3774
1068
905
3554
3275
4799
2494
4785
1016
359
1592
4130
1138
385
2823
4587
4897
4512
3996
254
4885
1032
2060
698
1135
222
1177
2194
1327
2005
644
4718
219
2214
2196
2457
2400
1430
1916
2834
1418
4585
3915
2033
1325
2404
4470
3177
63
4835
279
1599
1739
4287
387
4126
2167
2178
4127
2415
4691
2417
3959
3239
1049
3456
1102
3203
610
2275
2944
4704
1756
2745
2259
1932
4848
4679
2621
1104
2888
2406
3745
3552
4797
4877
3694
4255
4181
4255
3694
4877
4797
3552
3745
2406
2888
1104
2621
4679
4848
1932
2259
2745
1756
4704
2944
2275
610
3203
1102
3456
1049
3239
3959
2417
4691
2415
4127
2178
2167
4126
387
4287
1739
1599
279
4835
63
3177
4470
2404
1325
2033
3915
4585
1418
2834
1916
1430
2400
2457
2196
2214
219
4718
644
2005
1327
2194
1177
222
1135
698
2060
1032
4885
254
3996
4512
4897
4587
2823
385
1138
4130
1592
359
1016
4785
2494
4799
3275
3554
905
1068
3774
338
4613
24
245
1060
2647
1306
999
2429
2977
2604
4604
3131
4501
3252
1074
2511
123
1864
1361
334
325
4588
1493
417
809
1295
1714
4341
4535
1616
3950
2344
1217
4509
3788
2988
1646
192
258
3376
3635
224
2660
4136
2149
4854
2094
3398
3758
1542
1414
2968
2844
2013
22
566
3518
785
1181
1171
1757
2540
4540
1054
1011
1751
3063
1923
4102
2203
3581
3846
4713
1483
1228
1797
1
2901
2014
84
4013
1400
3151
139
2746
3321
2173
2614
3251
813
1611
3741
2416
1014
4694
924
4883
1951
4394
3361
2309
76
469
1254
1223
2047
3753
404
759
130
270
1768
811
1825
876
3987
4775
955
2479
3654
4920
4151
405
4311
2787
501
3978
4728
2850
7
2861
1553
3016
4644
477
2199
2592
146
1683
4543
4002
3658
1943
2743
1437
445
4772
1508
3337
2951
4321
3009
2291
4334
3230
2863
1433
3711
327
2069
1198
4776
2279
2569
3483
3335
1030
193
1146
1962
4370
662
2649
4676
2133
72
2598
3247
1480
4067
93
825
2608
4186
3601
1986
1659
1719
1692
132
3166
1630
2998
1383
73
1446
4092
691
4169
1500
1241
875
4635
2650
3536
2461
433
3819
4289
3154
3282
3133
2913
402
4918
2679
3049
1525
2076
1206
3120
1701
4076
3946
4904
4042
3397
1238
3717
3493
4798
1190
3670
645
616
1917
1842
1496
3688
4695
792
4290
4086
4290
792
4695
3688
1496
1842
1917
616
645
3670
1190
4798
3493
3717
1238
3397
4042
4904
3946
4076
1701
3120
1206
2076
1525
3049
2679
4918
402
2913
3133
3282
3154
4289
3819
433
2461
3536
2650
4635
875
1241
1500
4169
691
4092
1446
73
1383
2998
1630
3166
132
1692
1719
1659
1986
3601
4186
2608
825
93
4067
1480
3247
2598
72
2133
4676
2649
662
4370
1962
1146
193
1030
3335
3483
2569
2279
4776
1198
2069
327
3711
1433
2863
3230
4334
2291
3009
4321
2951
3337
1508
4772
445
1437
2743
1943
3658
4002
4543
1683
146
2592
2199
477
4644
3016
1553
2861
7
2850
4728
3978
501
2787
4311
405
4151
4920
3654
2479
955
4775
3987
876
1825
811
1768
270
130
759
404
3753
2047
1223
1254
469
76
2309
3361
4394
1951
4883
924
4694
1014
2416
3741
1611
813
3251
2614
2173
3321
2746
139
3151
1400
4013
84
2014
2901
1
4982
