1
4227
695
1793
3215
3213
1201
624
1025
267
1115
2902
406
2311
1022
4629
1843
1374
4321
2150
1246
1379
1420
3591
312
3347
4806
3644
2120
3856
3889
4406
4279
4615
3603
2550
710
4175
77
4570
3598
1814
929
2826
4493
1908
756
4444
2313
4392
715
3900
3025
1896
343
4304
3176
565
2477
585
4443
3690
3298
4850
3984
4228
4011
1321
939
3120
2214
1237
4217
266
4362
4611
3589
836
150
676
2765
1594
2329
4603
2833
1609
2963
4404
3857
1223
2481
4807
2504
4665
1810
4190
3264
2484
3414
1954
4838
1086
2318
4016
603
3074
2653
1225
722
906
4596
2968
2230
2873
414
3937
3221
3672
1531
4640
380
1535
2455
3525
1270
3570
4172
482
4612
4475
31
1943
3304
1336
1318
869
3394
2041
2791
4001
4915
1343
4055
320
2761
2966
1079
3086
1282
4035
1378
4357
3926
1315
3104
1058
1641
4569
2682
2553
981
3288
328
1865
4250
3745
1688
132
3019
549
1155
4104
3860
4104
1155
549
3019
132
1688
3745
4250
1865
328
3288
981
2553
2682
4569
1641
1058
3104
1315
3926
4357
1378
4035
1282
3086
1079
2966
2761
320
4055
1343
4915
4001
2791
2041
3394
869
1318
1336
3304
1943
31
4475
4612
482
4172
3570
1270
3525
2455
1535
380
4640
1531
3672
3221
3937
414
2873
2230
2968
4596
906
722
1225
2653
3074
603
4016
2318
1086
4838
1954
3414
2484
3264
4190
1810
4665
2504
4807
2481
1223
3857
4404
2963
1609
2833
4603
2329
1594
2765
676
150
836
3589
4611
4362
266
4217
1237
2214
3120
939
1321
4011
4228
3984
4850
3298
3690
4443
585
2477
565
3176
4304
343
1896
3025
3900
715
4392
2313
4444
756
1908
4493
2826
929
1814
3598
4570
77
4175
710
2550
3603
4615
4279
4406
3889
3856
2120
3644
4806
3347
312
3591
1420
1379
1246
2150
4321
1374
1843
4629
1022
2311
406
2902
1115
267
1025
624
1201
3213
3215
1793
695
4227
1
1295
1329
410
3406
2131
3491
545
1756
3569
3206
4562
360
144
843
4468
1695
2124
2015
2980
2630
728
694
621
1354
1312
2868
382
1438
2468
2186
3956
3897
4066
4766
4729
1288
4334
952
3610
1353
2881
3188
4231
854
2209
3880
4505
1429
2035
2194
112
601
1748
1012
4065
3576
2491
11
2069
589
41
2387
1720
2312
1787
4696
2000
1677
4959
4575
1708
2703
3655
2119
1561
1021
3046
4098
167
1988
2628
1915
1480
2583
3296
3099
3454
1663
532
3688
117
2013
4594
491
3590
831
4738
4031
1920
903
1500
901
619
1276
2003
453
1565
1244
1648
4138
2244
3855
2619
133
1402
3809
4415
1450
4680
1662
2405
4803
3254
3735
3547
3386
1347
142
4842
3637
2205
4325
3563
4008
4155
3211
1867
3368
4426
2551
1265
3322
717
2685
1942
631
1031
2216
3258
415
4917
28
3106
1540
1491
4313
3244
3423
4825
2482
1733
3868
1412
790
4887
564
935
2562
4370
4585
1619
1443
1619
4585
4370
2562
935
564
4887
790
1412
3868
1733
2482
4825
3423
3244
4313
1491
1540
3106
28
4917
415
3258
2216
1031
631
1942
2685
717
3322
1265
2551
4426
3368
1867
3211
4155
4008
3563
4325
2205
3637
4842
142
1347
3386
3547
3735
3254
4803
2405
1662
4680
1450
4415
3809
1402
133
2619
3855
2244
4138
1648
1244
1565
453
2003
1276
619
901
1500
903
1920
4031
4738
831
3590
491
4594
2013
117
3688
532
1663
3454
3099
3296
2583
1480
1915
2628
1988
167
4098
3046
1021
1561
2119
3655
2703
1708
4575
4959
1677
2000
4696
1787
2312
1720
2387
41
589
2069
11
2491
3576
4065
1012
1748
601
112
2194
2035
1429
4505
3880
2209
854
4231
3188
2881
1353
3610
952
4334
1288
4729
4766
4066
3897
3956
2186
2468
1438
382
2868
1312
1354
621
694
728
2630
2980
2015
2124
1695
4468
843
144
360
4562
3206
3569
1756
545
3491
2131
3406
410
1329
1295
1
4837
1445
3602
3364
1510
839
4236
3650
1487
791
1855
4627
4281
1560
3506
2290
1759
2926
330
2053
1238
1161
2406
3874
3814
3604
1749
2490
2967
3501
3179
3840
2036
2962
698
3741
576
3679
4178
1595
202
1133
4773
2525
2452
85
3849
1094
2709
2082
235
4206
4601
1566
780
4571
355
3514
2981
2985
493
1222
868
220
1829
4332
2856
4191
3413
3330
296
1603
2693
2961
4674
2310
1397
3488
1042
4032
3172
1685
2972
21
945
3629
4152
1431
2688
1062
4891
4300
3055
4273
1426
2008
3097
1398
2154
1271
571
1127
3633
1872
4293
4490
2575
774
1006
3989
4882
4711
4946
927
4388
2112
2883
4836
2215
1049
3077
3170
2737
2595
4223
758
3916
1882
2531
4383
1906
4942
161
3875
3389
207
2125
2075
4349
4189
3372
3168
1408
3675
2935
1811
340
2258
827
4866
3727
513
1144
2101
4543
2698
14
1484
1029
610
4700
1955
2578
2629
3729
114
2733
1932
1738
636
304
2271
304
636
1738
1932
2733
114
3729
2629
2578
1955
4700
610
1029
1484
14
2698
4543
2101
1144
513
3727
4866
827
2258
340
1811
2935
3675
1408
3168
3372
4189
4349
2075
2125
207
3389
3875
161
4942
1906
4383
2531
1882
3916
758
4223
2595
2737
3170
3077
1049
2215
4836
2883
2112
4388
927
4946
4711
4882
3989
1006
774
2575
4490
4293
1872
3633
1127
571
1271
2154
1398
3097
2008
1426
4273
3055
4300
4891
1062
2688
1431
4152
3629
945
21
2972
1685
3172
4032
1042
3488
1397
2310
4674
2961
2693
1603
296
3330
3413
4191
2856
4332
1829
220
868
1222
493
2985
2981
3514
355
4571
780
1566
4601
4206
235
2082
2709
1094
3849
85
2452
2525
4773
1133
202
1595
4178
3679
576
3741
698
2962
2036
3840
3179
3501
2967
2490
1749
3604
3814
3874
2406
1161
1238
2053
330
2926
1759
2290
3506
1560
4281
4627
1855
791
1487
3650
4236
839
1510
3364
3602
1445
4837
1
3538
4173
2933
713
666
2287
4918
2273
2971
2722
4940
228
1625
4976
2522
1643
1386
4638
3780
568
3457
4488
2568
1337
2128
689
431
4365
3225
3089
3554
3560
3142
4950
2700
4618
1880
1861
2083
291
2729
4068
1345
4289
2859
4364
1338
2247
4466
2876
1298
2699
2165
3641
4086
4134
4642
2903
373
3435
3774
4800
2776
2958
3813
2077
2434
4883
1275
1584
3371
4389
2858
1291
3853
58
4602
510
3805
784
3059
1741
305
2850
428
2351
194
450
4421
2937
2979
201
2232
2803
4171
2237
656
3035
940
852
4619
4359
4862
1073
4777
871
4722
274
3444
1780
1998
90
1613
3139
2618
1169
2372
4436
1775
231
233
4890
2306
4501
4266
2728
711
2769
4986
3270
4682
4871
4948
2748
1547
845
1284
187
2890
2990
4939
2587
4063
48
1247
1102
2746
2786
2063
1460
4438
4588
3154
885
3777
3693
1944
2241
3063
3643
1430
1205
4888
739
1564
1410
688
3823
4795
1968
1462
329
1462
1968
4795
3823
688
1410
1564
739
4888
1205
1430
3643
3063
2241
1944
3693
3777
885
3154
4588
4438
1460
2063
2786
2746
1102
1247
48
4063
2587
4939
2990
2890
187
1284
845
1547
2748
4948
4871
4682
3270
4986
2769
711
2728
4266
4501
2306
4890
233
231
1775
4436
2372
1169
2618
3139
1613
90
1998
1780
3444
274
4722
871
4777
1073
4862
4359
4619
852
940
3035
656
2237
4171
2803
2232
201
2979
2937
4421
450
194
2351
428
2850
305
1741
3059
784
3805
510
4602
58
3853
1291
2858
4389
3371
1584
1275
4883
2434
2077
3813
2958
2776
4800
3774
3435
373
2903
4642
4134
4086
3641
2165
2699
1298
2876
4466
2247
1338
4364
2859
4289
1345
4068
2729
291
2083
1861
1880
4618
2700
4950
3142
3560
3554
3089
3225
4365
431
689
2128
1337
2568
4488
3457
568
3780
4638
1386
1643
2522
4976
1625
228
4940
2722
2971
2273
4918
2287
666
713
2933
4173
3538
1
356
4118
1751
729
3804
4242
3004
733
1028
738
4417
299
2718
361
913
2735
2039
1610
699
3031
3798
4100
4885
2048
4029
4234
3939
1135
51
4062
2460
3485
3504
2114
4788
153
2473
1506
3592
807
1263
2055
2869
4394
391
1495
223
1930
4265
886
3480
982
3319
2430
219
4479
856
4828
91
3492
2983
3085
2472
4181
4813
2148
4140
4824
4160
862
2388
878
3286
740
242
2928
3150
1473
3060
4268
402
1935
1250
257
2634
2070
2863
2024
4811
4472
4458
1152
3764
720
4867
4409
4944
3826
3606
3303
448
2480
2245
2277
3995
1494
2403
3048
1581
4848
1729
821
3203
605
752
1148
4739
1476
2156
1053
2646
4537
1757
1300
4271
2500
1697
625
4046
130
4749
4469
1715
4318
2614
1320
4327
2599
3440
3333
2175
1047
4424
368
4483
2938
4745
3229
3464
2443
4072
4034
4009
1040
880
3803
2385
239
4834
2358
275
4538
1728
2073
4693
3342
3137
43
3930
148
1352
2426
1352
148
3930
43
3137
3342
4693
2073
1728
4538
275
2358
4834
239
2385
3803
880
1040
4009
4034
4072
2443
3464
3229
4745
2938
4483
368
4424
1047
2175
3333
3440
2599
4327
1320
2614
4318
1715
4469
4749
130
4046
625
1697
2500
4271
1300
1757
4537
2646
1053
2156
1476
4739
1148
752
605
3203
821
1729
4848
1581
3048
2403
1494
3995
2277
2245
2480
448
3303
3606
3826
4944
4409
4867
720
3764
1152
4458
4472
4811
2024
2863
2070
2634
257
1250
1935
402
4268
3060
1473
3150
2928
242
740
3286
878
2388
862
4160
4824
4140
2148
4813
4181
2472
3085
2983
3492
91
4828
856
4479
219
2430
3319
982
3480
886
4265
1930
223
1495
391
4394
2869
2055
1263
807
3592
1506
2473
153
4788
2114
3504
3485
2460
4062
51
1135
3939
4234
4029
2048
4885
4100
3798
3031
699
1610
2039
2735
913
361
2718
299
4417
738
1028
733
3004
4242
3804
729
1751
4118
356
1
1339
4799
2512
544
1188
3985
1064
1807
613
3009
53
3269
3630
4980
1507
2834
3983
4194
3218
195
2423
3779
4826
2419
3852
2133
467
1768
4278
4477
4818
1416
1489
4572
1052
3482
4511
4984
24
724
4220
1478
4491
100
3098
2742
3571
727
2879
1160
2394
563
3707
2518
2099
604
607
1334
284
1034
3657
420
1509
80
4199
3123
4447
3793
4599
3379
3800
97
3781
4550
4574
2875
3434
2267
93
106
2451
2707
1789
4144
3267
1636
1173
2927
2605
2864
3249
1331
4816
558
4796
254
778
1845
2663
3957
1687
570
4243
2820
4815
4285
2450
2108
3738
3753
1546
209
417
3527
4039
800
1193
4679
916
3301
2781
527
857
2291
139
817
2199
682
236
3901
1897
483
3022
782
1869
2466
1745
1023
2123
719
4464
346
3612
1752
2596
4021
3367
1035
4912
833
255
307
4504
73
3317
1057
2905
3681
4101
1948
4078
3422
1947
4549
3130
2058
4434
3107
4020
1369
1407
594
1407
1369
4020
3107
4434
2058
3130
4549
1947
3422
4078
1948
4101
3681
2905
1057
3317
73
4504
307
255
833
4912
1035
3367
4021
2596
1752
3612
346
4464
719
2123
1023
1745
2466
1869
782
3022
483
1897
3901
236
682
2199
817
139
2291
857
527
2781
3301
916
4679
1193
800
4039
3527
417
209
1546
3753
3738
2108
2450
4285
4815
2820
4243
570
1687
3957
2663
1845
778
254
4796
558
4816
1331
3249
2864
2605
2927
1173
1636
3267
4144
1789
2707
2451
106
93
2267
3434
2875
4574
4550
3781
97
3800
3379
4599
3793
4447
3123
4199
80
1509
420
3657
1034
284
1334
607
604
2099
2518
3707
563
2394
1160
2879
727
3571
2742
3098
100
4491
1478
4220
724
24
4984
4511
3482
1052
4572
1489
1416
4818
4477
4278
1768
467
2133
3852
2419
4826
3779
2423
195
3218
4194
3983
2834
1507
4980
3630
3269
53
3009
613
1807
1064
3985
1188
544
2512
4799
1339
1
1348
4216
2635
1772
1658
3380
957
4808
3976
1217
4183
1442
3714
1145
1924
1427
4814
4119
1969
452
2400
4139
2898
2749
4069
2511
4120
851
3720
423
3886
3697
2744
2282
1248
893
4146
3810
3876
3259
2548
2738
3927
2515
2333
1766
1761
82
4661
3045
4040
4449
1396
2115
2
3442
1887
804
1140
3973
160
1774
3562
4988
1093
3324
4877
4347
4985
4453
1716
2647
4341
4900
4026
3362
4718
2143
2540
3517
3253
1736
3802
2602
919
1130
2004
4418
3216
686
3819
3312
2181
1645
4702
3748
1359
4598
215
1883
2229
4205
3825
2672
887
4276
4398
606
1659
2435
4390
278
638
2546
915
1227
177
2224
1726
759
3091
4337
1387
2448
3582
1293
2608
2717
4742
550
810
4662
1734
640
3594
1204
3767
2492
152
2857
2616
488
4249
4494
4635
4156
4328
3079
3890
1274
988
2837
2498
3649
449
3092
2250
2471
2365
765
4914
335
2842
4673
3626
4770
3833
1261
3310
3760
848
838
848
3760
3310
1261
3833
4770
3626
4673
2842
335
4914
765
2365
2471
2250
3092
449
3649
2498
2837
988
1274
3890
3079
4328
4156
4635
4494
4249
488
2616
2857
152
2492
3767
1204
3594
640
1734
4662
810
550
4742
2717
2608
1293
3582
2448
1387
4337
3091
759
1726
2224
177
1227
915
2546
638
278
4390
2435
1659
606
4398
4276
887
2672
3825
4205
2229
1883
215
4598
1359
3748
4702
1645
2181
3312
3819
686
3216
4418
2004
1130
919
2602
3802
1736
3253
3517
2540
2143
4718
3362
4026
4900
4341
2647
1716
4453
4985
4347
4877
3324
1093
4988
3562
1774
160
3973
1140
804
1887
3442
2
2115
1396
4449
4040
3045
4661
82
1761
1766
2333
2515
3927
2738
2548
3259
3876
3810
4146
893
1248
2282
2744
3697
3886
423
3720
851
4120
2511
4069
2749
2898
4139
2400
452
1969
4119
4814
1427
1924
1145
3714
1442
4183
1217
3976
4808
957
3380
1658
1772
2635
4216
1348
1
4226
554
4797
2847
386
3500
3044
2378
2904
474
3489
754
4261
1963
2931
4898
2467
1299
1061
2711
2456
1089
4208
244
2607
1286
4431
3011
587
3351
2309
922
3997
923
216
2265
4401
2998
2020
4203
1368
3624
902
2891
1717
4082
4481
1548
3000
4148
2767
325
2946
3732
1059
2363
3584
3220
1186
1415
3182
94
2140
492
2424
1376
1707
1696
451
1777
882
1002
1542
3177
611
4542
4941
408
3118
3001
480
1724
3918
1786
1871
4565
1283
4703
1266
3977
4557
4184
2845
2056
2305
1822
4198
2872
1847
3471
3065
1409
4634
2957
2248
2465
3180
2576
1432
896
1192
4025
3929
3054
1113
3325
3759
2792
4524
2993
2269
4860
2695
3948
2789
1995
4070
4971
4833
20
2655
2824
2072
2874
3010
3255
1214
397
1722
1980
1444
2839
2996
964
3673
1182
2038
3526
4204
2545
4430
3064
2603
4768
135
3113
4141
3773
4547
3715
2524
4497
1519
118
4520
1395
2122
3441
4514
311
2340
2457
2340
311
4514
3441
2122
1395
4520
118
1519
4497
2524
3715
4547
3773
4141
3113
135
4768
2603
3064
4430
2545
4204
3526
2038
1182
3673
964
2996
2839
1444
1980
1722
397
1214
3255
3010
2874
2072
2824
2655
20
4833
4971
4070
1995
2789
3948
2695
4860
2269
2993
4524
2792
3759
3325
1113
3054
3929
4025
1192
896
1432
2576
3180
2465
2248
2957
4634
1409
3065
3471
1847
2872
4198
1822
2305
2056
2845
4184
4557
3977
1266
4703
1283
4565
1871
1786
3918
1724
480
3001
3118
408
4941
4542
611
3177
1542
1002
882
1777
451
1696
1707
1376
2424
492
2140
94
3182
1415
1186
3220
3584
2363
1059
3732
2946
325
2767
4148
3000
1548
4481
4082
1717
2891
902
3624
1368
4203
2020
2998
4401
2265
216
923
3997
922
2309
3351
587
3011
4431
1286
2607
244
4208
1089
2456
2711
1061
1299
2467
4898
2931
1963
4261
754
3489
474
2904
2378
3044
3500
386
2847
4797
554
4226
1
4698
3108
3354
2895
937
4248
1071
3323
3093
1005
4270
4048
3537
2549
95
1179
4502
2782
2597
4577
4895
709
1974
4402
3024
3293
4857
3366
1055
2689
905
3994
2493
2111
799
384
2268
109
4831
411
3349
1753
1358
4765
2810
2662
4637
4277
1541
4784
1198
2344
4379
3428
3350
4045
2899
3556
283
333
4779
4772
962
3069
3899
159
2514
2571
3553
1457
4699
4423
129
1346
2414
2408
1718
1767
1215
3018
2240
4954
1735
1170
1808
1714
1618
318
10
4677
890
2723
2064
3879
1999
4176
4372
261
509
13
519
459
716
4823
3751
4470
1501
1384
4448
1680
2658
55
281
802
837
3028
4219
4414
4201
3523
3119
2649
2200
4858
4926
47
4752
2418
2201
2078
3593
2640
1190
1743
725
4953
4002
2715
1167
808
2386
3974
1693
1544
1004
456
1287
1364
3276
2676
3906
3508
173
4238
3284
627
1550
3469
1229
3437
289
212
1903
2558
3417
3952
3335
522
1475
3990
3490
2196
3490
3990
1475
522
3335
3952
3417
2558
1903
212
289
3437
1229
3469
1550
627
3284
4238
173
3508
3906
2676
3276
1364
1287
456
1004
1544
1693
3974
2386
808
1167
2715
4002
4953
725
1743
1190
2640
3593
2078
2201
2418
4752
47
4926
4858
2200
2649
3119
3523
4201
4414
4219
3028
837
802
281
55
2658
1680
4448
1384
1501
4470
3751
4823
716
459
519
13
509
261
4372
4176
1999
3879
2064
2723
890
4677
10
318
1618
1714
1808
1170
1735
4954
2240
3018
1215
1767
1718
2408
2414
1346
129
4423
4699
1457
3553
2571
2514
159
3899
3069
962
4772
4779
333
283
3556
2899
4045
3350
3428
4379
2344
1198
4784
1541
4277
4637
2662
2810
4765
1358
1753
3349
411
4831
109
2268
384
799
2111
2493
3994
905
2689
1055
3366
4857
3293
3024
4402
1974
709
4895
4577
2597
2782
4502
1179
95
2549
3537
4048
4270
1005
3093
3323
1071
4248
937
2895
3354
3108
4698
1
2885
4396
1428
921
3443
2637
1572
4830
930
3862
3520
4892
2327
2620
3784
4551
3015
2823
3076
4235
4584
337
949
1939
3505
3656
4382
1517
3411
1207
2126
2907
2643
3169
1454
4720
1084
588
4489
4166
4576
3658
1794
2584
3651
4896
2503
3524
3243
4432
1174
1985
1823
1493
4454
1072
4819
789
3192
931
3958
785
447
3794
4903
2341
293
830
4460
3743
4587
4097
2766
1171
2161
3143
1251
533
620
4474
1016
4375
1524
1063
1492
948
2574
443
2239
1846
743
521
3232
3936
4083
2593
3251
1834
4927
760
4007
3807
490
3747
2433
2379
4400
426
4326
479
816
1580
2840
894
2129
2795
4981
3242
4129
3674
858
3316
648
4707
1008
2911
559
4465
2821
4128
4492
3263
128
2807
3468
123
1819
3645
3470
1066
3668
4710
4692
4744
3381
825
2474
3877
4977
1097
3736
673
1230
2818
2780
1383
303
3695
1828
2208
2523
4754
1836
2777
1825
4676
744
4776
2537
1634
3283
4809
3283
1634
2537
4776
744
4676
1825
2777
1836
4754
2523
2208
1828
3695
303
1383
2780
2818
1230
673
3736
1097
4977
3877
2474
825
3381
4744
4692
4710
3668
1066
3470
3645
1819
123
3468
2807
128
3263
4492
4128
2821
4465
559
2911
1008
4707
648
3316
858
3674
4129
3242
4981
2795
2129
894
2840
1580
816
479
4326
426
4400
2379
2433
3747
490
3807
4007
760
4927
1834
3251
2593
4083
3936
3232
521
743
1846
2239
443
2574
948
1492
1063
1524
4375
1016
4474
620
533
1251
3143
2161
1171
2766
4097
4587
3743
4460
830
293
2341
4903
3794
447
785
3958
931
3192
789
4819
1072
4454
1493
1823
1985
1174
4432
3243
3524
2503
4896
3651
2584
1794
3658
4576
4166
4489
588
1084
4720
1454
3169
2643
2907
2126
1207
3411
1517
4382
3656
3505
1939
949
337
4584
4235
3076
2823
3015
4551
3784
2620
2327
4892
3520
3862
930
4830
1572
2637
3443
921
1428
4396
2885
1
1992
608
4649
2940
3291
969
2355
1138
203
3734
1649
4701
3105
1670
1200
165
4963
3353
390
3895
1665
2494
2303
2094
3207
4794
3314
6
351
2422
1516
131
3146
2561
2304
4879
1078
2096
96
1964
2397
2182
1100
4185
2747
2242
4126
2446
3692
4982
2002
4876
2988
3533
149
2163
3279
4109
3829
2800
246
3378
1993
2081
455
3549
4422
2428
214
3708
4058
4782
1562
1164
2806
2849
3030
1245
1327
198
4840
1355
1582
2335
746
777
2836
3696
1253
2376
879
2383
3484
2272
3436
1513
928
3134
3424
3308
1095
1842
3200
4330
4099
599
1471
3185
429
2476
2888
2469
3864
3292
4459
86
614
4367
229
3167
3157
1311
1607
398
1986
803
1784
4736
3439
2226
2752
1664
3949
4513
2713
3586
3234
1344
4033
3066
3161
2441
395
1436
4737
2222
3924
2644
4957
338
4322
2721
1121
3818
2412
1747
2169
1463
2437
4395
3252
826
3925
3197
379
3891
3410
1926
1526
4925
2731
2110
2731
4925
1526
1926
3410
3891
379
3197
3925
826
3252
4395
2437
1463
2169
1747
2412
3818
1121
2721
4322
338
4957
2644
3924
2222
4737
1436
395
2441
3161
3066
4033
1344
3234
3586
2713
4513
3949
1664
2752
2226
3439
4736
1784
803
1986
398
1607
1311
3157
3167
229
4367
614
86
4459
3292
3864
2469
2888
2476
429
3185
1471
599
4099
4330
3200
1842
1095
3308
3424
3134
928
1513
3436
2272
3484
2383
879
2376
1253
3696
2836
777
746
2335
1582
1355
4840
198
1327
1245
3030
2849
2806
1164
1562
4782
4058
3708
214
2428
4422
3549
455
2081
1993
3378
246
2800
3829
4109
3279
2163
149
3533
2988
4876
2002
4982
3692
2446
4126
2242
2747
4185
1100
2182
2397
1964
96
2096
1078
4879
2304
2561
3146
131
1516
2422
351
6
3314
4794
3207
2094
2303
2494
1665
3895
390
3353
4963
165
1200
1670
3105
4701
1649
3734
203
1138
2355
969
3291
2940
4649
608
1992
1
4908
1465
1119
1083
2308
2841
2665
2861
1758
3947
1268
1080
861
2485
3522
2633
1732
2778
3667
375
580
30
2877
2118
75
873
2683
1690
4775
4578
478
4644
1001
1360
4125
2542
4525
3836
1037
860
4675
555
4452
4368
2382
3790
3513
4979
298
1632
2364
4540
895
1809
2366
2343
1362
61
575
4123
4085
4255
3392
1461
597
2040
2151
2371
4127
334
2959
3694
297
317
4873
2521
4267
2638
4480
1349
4093
4079
2851
566
4865
4902
3558
2487
1014
2808
322
4451
78
4652
1981
2848
2050
2454
3542
2932
3017
2415
2168
628
1302
4244
1423
258
2097
1669
3709
1209
3865
2410
2170
176
178
2588
2375
3358
4202
865
2951
3287
1600
3618
3426
4162
4049
4115
1317
2670
125
3661
1297
290
3830
3975
4245
292
3447
354
2964
1788
127
2159
2908
1605
430
4740
371
2323
1342
2420
381
2667
248
3596
956
663
512
1898
3297
3616
23
2626
4027
1657
3712
4305
3850
4943
3850
4305
3712
1657
4027
2626
23
3616
3297
1898
512
663
956
3596
248
2667
381
2420
1342
2323
371
4740
430
1605
2908
2159
127
1788
2964
354
3447
292
4245
3975
3830
290
1297
3661
125
2670
1317
4115
4049
4162
3426
3618
1600
3287
2951
865
4202
3358
2375
2588
178
176
2170
2410
3865
1209
3709
1669
2097
258
1423
4244
1302
628
2168
2415
3017
2932
3542
2454
2050
2848
1981
4652
78
4451
322
2808
1014
2487
3558
4902
4865
566
2851
4079
4093
1349
4480
2638
4267
2521
4873
317
297
3694
2959
334
4127
2371
2151
2040
597
1461
3392
4255
4085
4123
575
61
1362
2343
2366
1809
895
4540
2364
1632
298
4979
3513
3790
2382
4368
4452
555
4675
860
1037
3836
4525
2542
4125
1360
1001
4644
478
4578
4775
1690
2683
873
75
2118
2877
30
580
375
3667
2778
1732
2633
3522
2485
861
1080
1268
3947
1758
2861
2665
2841
2308
1083
1119
1465
4908
1
243
1537
4188
900
4886
1676
1646
3409
4168
2541
4849
457
3233
1361
1076
1372
974
977
2251
3718
4889
3980
4845
3224
4764
963
1765
932
3795
2751
1458
1481
730
4240
3262
4659
1486
4361
781
1838
850
2057
2462
742
1528
3408
4798
2889
820
3415
1962
3383
556
1612
1647
1588
669
2266
3922
2210
4159
3487
755
2479
473
3194
74
4215
2892
920
1197
126
1504
749
4691
324
1884
3223
1470
1586
776
4251
1740
357
3962
1503
3535
2871
4527
4641
1785
4320
3588
884
990
4210
1909
1918
1614
2464
240
3313
2581
3196
3540
3969
79
1125
3376
2001
4531
3156
269
1891
3217
897
1032
1599
3847
2591
3716
4259
2943
536
1812
3912
2771
1109
1521
2037
768
189
1365
2687
3565
622
3132
2367
3498
68
358
2642
1536
4564
1194
664
1552
1692
853
1043
4230
2217
1826
441
3568
2732
174
458
3238
2297
2167
2336
4384
3991
2270
1585
1604
2284
2113
3600
4179
1694
4179
3600
2113
2284
1604
1585
2270
3991
4384
2336
2167
2297
3238
458
174
2732
3568
441
1826
2217
4230
1043
853
1692
1552
664
1194
4564
1536
2642
358
68
3498
2367
3132
622
3565
2687
1365
189
768
2037
1521
1109
2771
3912
1812
536
2943
4259
3716
2591
3847
1599
1032
897
3217
1891
269
3156
4531
2001
3376
1125
79
3969
3540
3196
2581
3313
240
2464
1614
1918
1909
4210
990
884
3588
4320
1785
4641
4527
2871
3535
1503
3962
357
1740
4251
776
1586
1470
3223
1884
324
4691
749
1504
126
1197
920
2892
4215
74
3194
473
2479
755
3487
4159
2210
3922
2266
669
1588
1647
1612
556
3383
1962
3415
820
2889
4798
3408
1528
742
2462
2057
850
1838
781
4361
1486
4659
3262
4240
730
1481
1458
2751
3795
932
1765
963
4764
3224
4845
3980
4889
3718
2251
977
974
1372
1076
1361
3233
457
4849
2541
4168
3409
1646
1676
4886
900
4188
1537
243
1
3964
750
1226
4439
1452
3014
3943
353
3834
2319
891
2295
3476
2189
870
3704
1798
2520
249
2855
809
4713
2785
875
834
1103
3280
2704
2086
3475
186
2380
615
3842
3893
1422
2188
3237
2714
2183
2022
3702
2023
965
3309
3796
2774
1790
3357
1019
1104
1545
1854
3043
2579
1583
2152
3965
667
3839
2421
4667
3193
2844
2254
169
2919
1243
2223
3587
526
1991
3334
1498
651
829
4053
475
204
2901
4756
2453
2577
1742
4961
3683
1459
422
3419
2559
1556
2589
3289
3360
700
4743
3521
2743
4791
280
181
2332
3963
2178
1196
3867
3246
4077
2705
3400
3081
801
4614
2155
2066
747
2661
4263
4269
557
3557
2274
4624
4760
518
3361
4482
2750
4018
4785
404
4653
970
2395
704
4556
4790
3062
675
1635
4639
4545
2164
4000
76
4075
1608
4420
2190
1292
2496
4622
2497
3116
1136
3967
3272
1931
3872
4960
1983
4036
3341
3678
1264
4706
4042
3824
600
2061
723
3742
723
2061
600
3824
4042
4706
1264
3678
3341
4036
1983
4960
3872
1931
3272
3967
1136
3116
2497
4622
2496
1292
2190
4420
1608
4075
76
4000
2164
4545
4639
1635
675
3062
4790
4556
704
2395
970
4653
404
4785
4018
2750
4482
3361
518
4760
4624
2274
3557
557
4269
4263
2661
747
2066
2155
4614
801
3081
3400
2705
4077
3246
3867
1196
2178
3963
2332
181
280
4791
2743
3521
4743
700
3360
3289
2589
1556
2559
3419
422
1459
3683
4961
1742
2577
2453
4756
2901
204
475
4053
829
651
1498
3334
1991
526
3587
2223
1243
2919
169
2254
2844
3193
4667
2421
3839
667
3965
2152
1583
2579
3043
1854
1545
1104
1019
3357
1790
2774
3796
3309
965
2023
3702
2022
2183
2714
3237
2188
1422
3893
3842
615
2380
186
3475
2086
2704
3280
1103
834
875
2785
4713
809
2855
249
2520
1798
3704
870
2189
3476
2295
891
2319
3834
353
3943
3014
1452
4439
1226
750
3964
1
4112
3770
263
295
3698
4592
881
2812
1107
3663
211
3136
1356
4495
4111
108
3058
4153
1249
2286
3445
3037
1385
2012
87
4088
54
4102
1256
3204
4835
2802
3311
806
596
4841
503
3465
999
2997
2486
2105
4969
2976
654
2392
501
1597
2191
783
2296
504
2615
2513
1304
2065
3329
2793
42
445
4751
193
1616
3512
1232
2678
2138
4067
1105
4015
2238
1629
4346
1455
472
2601
4319
1957
1399
1681
3281
3049
182
2934
1567
323
4187
3621
2690
798
2171
2897
1890
4169
3938
3662
671
4353
4919
731
1394
4608
396
3129
3858
4650
644
1162
4609
39
230
4829
3801
3652
3453
2921
3530
26
3374
520
3294
2259
2641
4952
1837
4224
4051
3109
3677
2153
3566
2132
4445
1568
4462
1773
3421
511
1069
164
2965
1366
2516
1799
2554
4089
996
3609
3863
3084
3455
2390
183
2763
1007
2137
3071
407
618
196
3122
3888
1933
4897
314
1821
2339
3247
539
4949
3646
2960
3646
4949
539
3247
2339
1821
314
4897
1933
3888
3122
196
618
407
3071
2137
1007
2763
183
2390
3455
3084
3863
3609
996
4089
2554
1799
2516
1366
2965
164
1069
511
3421
1773
4462
1568
4445
2132
3566
2153
3677
3109
4051
4224
1837
4952
2641
2259
3294
520
3374
26
3530
2921
3453
3652
3801
4829
230
39
4609
1162
644
4650
3858
3129
396
4608
1394
731
4919
4353
671
3662
3938
4169
1890
2897
2171
798
2690
3621
4187
323
1567
2934
182
3049
3281
1681
1399
1957
4319
2601
472
1455
4346
1629
2238
4015
1105
4067
2138
2678
1232
3512
1616
193
4751
445
42
2793
3329
2065
1304
2513
2615
504
2296
783
2191
1597
501
2392
654
2976
4969
2105
2486
2997
999
3465
503
4841
596
806
3311
2802
4835
3204
1256
4102
54
4088
87
2012
1385
3037
3445
2286
1249
4153
3058
108
4111
4495
1356
3136
211
3663
1107
2812
881
4592
3698
295
263
3770
4112
1
1881
3971
993
650
2740
224
2411
2281
2910
2162
1211
4910
2337
1015
3056
4595
4440
1830
4229
984
4695
1128
4687
1803
3510
500
302
506
835
2399
3660
339
2432
2739
1018
3642
797
3979
4536
1885
2686
4759
4951
3837
3701
3859
4087
3882
5
376
4553
4727
4044
1626
1137
1405
2624
1711
4955
4137
542
2944
4200
4631
251
1303
3305
3861
1675
3595
3042
4938
1795
115
393
2535
2134
947
3222
767
3632
4987
158
2547
1213
3913
4732
253
2925
4516
1518
470
2582
1824
3472
16
3866
4555
1764
2867
1706
4386
3871
3141
104
1725
3920
168
4548
1153
4733
2696
616
678
1627
2506
4435
1857
792
1391
847
647
1859
3685
3256
427
59
971
2079
3461
4397
1878
3970
702
1709
2573
4013
2991
3307
546
889
250
260
1340
4690
64
2694
3
1671
1816
1051
2197
1175
1852
3078
662
377
4709
434
863
1602
282
1036
1796
2528
1110
4937
908
2160
4433
1139
1892
1139
4433
2160
908
4937
1110
2528
1796
1036
282
1602
863
434
4709
377
662
3078
1852
1175
2197
1051
1816
1671
3
2694
64
4690
1340
260
250
889
546
3307
2991
4013
2573
1709
702
3970
1878
4397
3461
2079
971
59
427
3256
3685
1859
647
847
1391
792
1857
4435
2506
1627
678
616
2696
4733
1153
4548
168
3920
1725
104
3141
3871
4386
1706
2867
1764
4555
3866
16
3472
1824
2582
470
1518
4516
2925
253
4732
3913
1213
2547
158
4987
3632
767
3222
947
2134
2535
393
115
1795
4938
3042
3595
1675
3861
3305
1303
251
4631
4200
2944
542
4137
4955
1711
2624
1405
1137
1626
4044
4727
4553
376
5
3882
4087
3859
3701
3837
4951
4759
2686
1885
4536
3979
797
3642
1018
2739
2432
339
3660
2399
835
506
302
500
3510
1803
4687
1128
4695
984
4229
1830
4440
4595
3056
1015
2337
4910
1211
2162
2910
2281
2411
224
2740
650
993
3971
1881
1
1863
3561
2727
2708
612
2321
3483
2645
2263
3344
3680
1474
2772
1844
3666
1435
3783
111
3151
1660
2609
332
2370
1946
4374
32
1183
4113
4975
3611
552
4130
3792
348
1448
1163
4509
2149
4672
4778
2702
3531
772
2674
1041
247
4802
942
3460
1024
1306
899
2819
2947
2179
1231
309
4989
2730
3507
1456
2391
3173
3908
2613
4399
1418
2374
1739
1221
3274
2345
2076
3265
4787
3302
3008
3299
2508
4515
3791
3404
2211
3057
1180
2025
2592
914
1482
2219
444
3040
268
1218
1421
1027
4899
3072
4239
1925
1326
4393
1949
3230
4758
1092
40
2067
992
508
2135
217
1099
3548
2929
4761
721
2354
3446
1973
4030
2843
1668
3140
1301
3337
4846
439
3820
2950
1994
2710
2356
4911
2973
1220
1091
1534
496
3722
403
22
1551
1622
976
3384
2617
3209
1907
3266
639
3620
4523
1737
277
2930
3144
1341
232
234
3915
2091
954
2017
1370
1754
3670
1191
718
2827
476
3239
476
2827
718
1191
3670
1754
1370
2017
954
2091
3915
234
232
1341
3144
2930
277
1737
4523
3620
639
3266
1907
3209
2617
3384
976
1622
1551
22
403
3722
496
1534
1091
1220
2973
4911
2356
2710
1994
2950
3820
439
4846
3337
1301
3140
1668
2843
4030
1973
3446
2354
721
4761
2929
3548
1099
217
2135
508
992
2067
40
1092
4758
3230
1949
4393
1326
1925
4239
3072
4899
1027
1421
1218
268
3040
444
2219
1482
914
2592
2025
1180
3057
2211
3404
3791
4515
2508
3299
3008
3302
4787
3265
2076
2345
3274
1221
1739
2374
1418
4399
2613
3908
3173
2391
1456
3507
2730
4989
309
1231
2179
2947
2819
899
1306
1024
3460
942
4802
247
1041
2674
772
3531
2702
4778
4672
2149
4509
1163
1448
348
3792
4130
552
3611
4975
4113
1183
32
4374
1946
2370
332
2609
1660
3151
111
3783
1435
3666
1844
2772
1474
3680
3344
2263
2645
3483
2321
612
2708
2727
3561
1863
1
876
344
3165
658
4929
1375
4928
7
2373
401
812
1598
2816
1490
959
2092
4962
44
4080
1571
1889
2886
2117
2255
2671
3502
4340
345
4685
514
1165
1074
3390
2228
92
99
4487
980
653
3171
1111
3096
3145
2104
4633
2130
4308
2914
4518
4875
2552
3080
3676
732
4530
4122
1904
2759
3271
4136
3033
771
143
2177
531
1324
179
4170
1655
2784
3103
3082
1850
2447
2260
2279
1371
1453
2005
1065
677
1910
1800
2970
3728
1804
1224
2880
3391
2917
2783
1236
1239
2815
3195
824
3219
2495
4132
2775
3904
888
3870
2956
2352
3750
4110
761
2074
517
436
4360
569
3574
898
3978
2536
3892
1123
3178
1833
734
2675
4209
2325
2669
2557
1577
4657
4907
137
2912
4583
2622
1390
1039
1615
3768
3112
2770
1285
2720
642
4855
2010
1187
736
3628
987
1319
4705
3278
3184
2294
3016
1096
2882
2794
1210
4157
4568
3114
1638
2544
442
2158
3639
4747
4945
1449
347
4324
347
1449
4945
4747
3639
2158
442
2544
1638
3114
4568
4157
1210
2794
2882
1096
3016
2294
3184
3278
4705
1319
987
3628
736
1187
2010
4855
642
2720
1285
2770
3112
3768
1615
1039
1390
2622
4583
2912
137
4907
4657
1577
2557
2669
2325
4209
2675
734
1833
3178
1123
3892
2536
3978
898
3574
569
4360
436
517
2074
761
4110
3750
2352
2956
3870
888
3904
2775
4132
2495
3219
824
3195
2815
1239
1236
2783
2917
3391
2880
1224
1804
3728
2970
1800
1910
677
1065
2005
1453
1371
2279
2260
2447
1850
3082
3103
2784
1655
4170
179
1324
531
2177
143
771
3033
4136
3271
2759
1904
4122
4530
732
3676
3080
2552
4875
4518
2914
4308
2130
4633
2104
3145
3096
1111
3171
653
980
4487
99
92
2228
3390
1074
1165
514
4685
345
4340
3502
2671
2255
2117
2886
1889
1571
4080
44
4962
2092
959
1490
2816
1598
812
401
2373
7
4928
1375
4929
658
3165
344
876
1
645
316
1769
2538
4820
1639
3070
2556
421
3164
3700
3191
2398
4684
2234
701
3332
1941
579
3463
4697
4233
953
4076
3257
2030
1640
3382
1281
3110
2992
4805
960
4655
1689
3511
3038
1149
4972
2100
2532
958
140
1120
3541
3125
17
2347
3638
3940
4028
598
2736
1233
3438
3884
2565
1674
4734
3689
301
3241
3124
1313
2623
3625
1624
1290
2611
1440
3902
1181
1654
342
2572
2650
1893
1273
4741
3102
3433
4874
2090
2324
1382
2569
4108
1652
2488
3931
2416
446
3174
4060
1578
786
1940
866
2621
3567
3705
1307
2212
2920
175
2805
3992
2975
362
331
4071
672
3835
3787
285
3686
3430
3090
394
1721
2127
499
2300
4369
4666
787
3083
2016
1419
3377
2716
3987
4292
273
2652
4380
2625
634
3401
925
3812
84
4142
1620
1650
4182
191
4416
2225
3370
3075
983
2157
2198
369
4257
124
1840
1363
3909
3518
184
3744
3327
3306
635
3986
3914
4258
3960
1259
4052
1259
3960
4258
3914
3986
635
3306
3327
3744
184
3518
3909
1363
1840
124
4257
369
2198
2157
983
3075
3370
2225
4416
191
4182
1650
1620
4142
84
3812
925
3401
634
2625
4380
2652
273
4292
3987
2716
3377
1419
2016
3083
787
4666
4369
2300
499
2127
1721
394
3090
3430
3686
285
3787
3835
672
4071
331
362
2975
3992
2805
175
2920
2212
1307
3705
3567
2621
866
1940
786
1578
4060
3174
446
2416
3931
2488
1652
4108
2569
1382
2324
2090
4874
3433
3102
4741
1273
1893
2650
2572
342
1654
1181
3902
1440
2611
1290
1624
3625
2623
1313
3124
3241
301
3689
4734
1674
2565
3884
3438
1233
2736
598
4028
3940
3638
2347
17
3125
3541
1120
140
958
2532
2100
4972
1149
3038
3511
1689
4655
960
4805
2992
3110
1281
3382
1640
2030
3257
4076
953
4233
4697
3463
579
1941
3332
701
2234
4684
2398
3191
3700
3164
421
2556
3070
1639
4820
2538
1769
316
645
1
1835
3721
4117
1497
3816
3356
573
1278
3012
4309
4116
4310
2449
3321
2659
2999
2501
4037
2677
469
2192
872
3162
4256
4589
2570
2322
726
2502
3942
2342
3067
4856
4385
795
1157
657
4767
2085
692
1730
1388
1401
46
4827
696
3631
464
1277
50
3665
4317
2814
1260
4343
3189
4496
2878
1425
1900
1827
4528
4789
2136
2142
4252
574
3808
2389
19
154
3580
1289
4274
3126
4746
271
205
1791
3226
4970
4354
1858
1972
4074
1590
3827
4412
1911
3739
1351
2811
3821
3763
1367
18
4623
1781
2796
4177
2949
4094
4350
2922
3273
4143
4922
1971
4625
1563
3932
1990
38
1332
3039
1178
3466
3577
2636
4486
3771
2195
4500
4590
2425
4688
1667
25
2330
2969
3431
2442
1644
3843
8
4878
4413
3622
4881
2047
3159
1637
3227
3026
3020
1350
1325
4092
3425
4164
3499
3416
911
2801
138
3887
4456
745
4920
2068
1996
4047
2952
2799
3706
2060
2102
3954
1048
2046
3087
1934
3087
2046
1048
3954
2102
2060
3706
2799
2952
4047
1996
2068
4920
745
4456
3887
138
2801
911
3416
3499
4164
3425
4092
1325
1350
3020
3026
3227
1637
3159
2047
4881
3622
4413
4878
8
3843
1644
2442
3431
2969
2330
25
1667
4688
2425
4590
4500
2195
3771
4486
2636
3577
3466
1178
3039
1332
38
1990
3932
1563
4625
1971
4922
4143
3273
2922
4350
4094
2949
4177
2796
1781
4623
18
1367
3763
3821
2811
1351
3739
1911
4412
3827
1590
4074
1972
1858
4354
4970
3226
1791
205
271
4746
3126
4274
1289
3580
154
19
2389
3808
574
4252
2142
2136
4789
4528
1827
1900
1425
2878
4496
3189
4343
1260
2814
4317
3665
50
1277
464
3631
696
4827
46
1401
1388
1730
692
2085
4767
657
1157
795
4385
4856
3067
2342
3942
2502
726
2322
2570
4589
4256
3162
872
2192
469
2677
4037
2501
2999
2659
3321
2449
4310
4116
4309
3012
1278
573
3356
3816
1497
4117
3721
1835
1
2087
1185
1601
2278
321
849
3911
3944
4213
1820
1414
70
2103
498
113
1570
9
1328
4022
67
4909
4103
372
4894
4884
1770
907
4237
3806
2913
103
3740
463
4410
107
2361
4323
63
2764
2288
287
2838
3881
2413
1684
3749
3988
1805
3687
1050
1853
3318
3101
2539
1044
1520
2283
2660
2445
3268
1631
1010
1886
471
578
1280
2955
4694
2299
4154
2440
1000
1208
2604
3754
83
1241
2369
4851
4901
2757
2753
1877
1914
3955
4081
4096
1628
4342
1919
2218
1989
1112
1967
3654
3573
4
4041
707
3894
1400
4499
3785
4165
2459
4316
4498
769
4355
2606
1779
1522
3778
4597
985
1255
3073
1606
3797
1984
1330
2261
1945
35
846
4407
1783
4471
3627
4904
1488
199
1712
4646
1936
1523
4533
364
1141
4338
609
3789
1802
1978
171
814
1424
1466
3917
1305
1744
4073
1888
3846
62
584
157
319
45
794
1921
1323
1132
460
4731
145
2289
4004
3999
528
2264
1177
2264
528
3999
4004
2289
145
4731
460
1132
1323
1921
794
45
319
157
584
62
3846
1888
4073
1744
1305
3917
1466
1424
814
171
1978
1802
3789
609
4338
1141
364
4533
1523
1936
4646
1712
199
1488
4904
3627
4471
1783
4407
846
35
1945
2261
1330
1984
3797
1606
3073
1255
985
4597
3778
1522
1779
2606
4355
769
4498
4316
2459
4165
3785
4499
1400
3894
707
4041
4
3573
3654
1967
1112
1989
2218
1919
4342
1628
4096
4081
3955
1914
1877
2753
2757
4901
4851
2369
1241
83
3754
2604
1208
1000
2440
4154
2299
4694
2955
1280
578
471
1886
1010
1631
3268
2445
2660
2283
1520
1044
2539
3101
3318
1853
1050
3687
1805
3988
3749
1684
2413
3881
2838
287
2288
2764
63
4323
2361
107
4410
463
3740
103
2913
3806
4237
907
1770
4884
4894
372
4103
4909
67
4022
1328
9
1570
113
498
2103
70
1414
1820
4213
3944
3911
849
321
2278
1601
1185
2087
1
3355
2438
352
684
2362
1953
680
2051
561
779
101
978
3202
3131
4262
4012
4783
1077
2594
3474
1530
3285
1937
2193
1441
3348
3095
1549
4366
4658
4541
3275
4967
119
1056
2021
1760
2681
3032
2900
155
892
1176
4314
2679
1970
3885
4461
1623
374
4283
1216
2893
1308
3928
524
4716
523
2262
841
3315
2598
4558
3617
529
735
1011
762
4211
425
4921
4660
766
2444
3473
3458
4647
400
4748
4408
3933
256
4106
385
2116
2256
751
4145
2257
4296
3128
924
643
1122
1763
3640
2470
4654
972
4446
3636
3953
3869
1202
4303
1404
938
1899
763
1558
2664
877
4429
4476
1750
1875
668
4620
4750
163
2924
4297
2489
2292
3782
3601
950
4935
227
2543
2172
815
2014
4054
2909
2954
2089
2953
2107
1380
4563
2941
2180
3395
2854
208
462
2788
1975
2762
3497
3452
4726
1952
4427
4180
4965
4024
2499
4610
1088
2095
1841
3532
72
2458
1392
1322
4852
3365
2680
951
2680
3365
4852
1322
1392
2458
72
3532
1841
2095
1088
4610
2499
4024
4965
4180
4427
1952
4726
3452
3497
2762
1975
2788
462
208
2854
3395
2180
2941
4563
1380
2107
2953
2089
2954
2909
4054
2014
815
2172
2543
227
4935
950
3601
3782
2292
2489
4297
2924
163
4750
4620
668
1875
1750
4476
4429
877
2664
1558
763
1899
938
1404
4303
1202
3869
3953
3636
4446
972
4654
2470
3640
1763
1122
643
924
3128
4296
2257
4145
751
2256
2116
385
4106
256
3933
4408
4748
400
4647
3458
3473
2444
766
4660
4921
425
4211
762
1011
735
529
3617
4558
2598
3315
841
2262
523
4716
524
3928
1308
2893
1216
4283
374
1623
4461
3885
1970
2679
4314
1176
892
155
2900
3032
2681
1760
2021
1056
119
4967
3275
4541
4658
4366
1549
3095
3348
1441
2193
1937
3285
1530
3474
2594
1077
4783
4012
4262
3131
3202
978
101
779
561
2051
680
1953
2362
684
352
2438
3355
1
4868
661
2187
2517
1166
4554
3786
1154
4582
2402
3399
2045
3752
1731
336
818
1020
909
4958
2044
679
3047
1621
1959
3775
822
997
4376
3235
2719
2221
1087
486
1633
1451
2349
1755
904
1801
2357
4664
4522
553
4291
1651
2384
1067
2011
3320
388
3236
4573
4294
3845
4566
633
757
4656
437
2870
52
4669
516
2032
2701
1272
3331
741
4936
69
1195
3503
1502
1068
1496
581
2923
2220
2328
649
1874
3240
933
1543
1656
4150
3550
4863
4193
438
3467
4689
4600
1876
2692
1310
4059
3166
3788
134
4636
1206
2235
1017
3815
3746
3181
3190
4844
4344
502
136
218
3776
1587
773
4934
3905
1683
3336
2176
2724
3260
1030
1393
162
4529
65
691
2166
991
2031
3427
4859
110
534
341
3034
4131
370
505
2080
4167
3295
4023
4973
2555
2027
4683
71
98
4391
241
917
57
2725
3551
623
4861
1252
1976
4329
222
1666
4905
1467
2989
3848
3135
2986
4463
3494
4463
2986
3135
3848
2989
1467
4905
1666
222
4329
1976
1252
4861
623
3551
2725
57
917
241
4391
98
71
4683
2027
2555
4973
4023
3295
4167
2080
505
370
4131
3034
341
534
110
4859
3427
2031
991
2166
691
65
4529
162
1393
1030
3260
2724
2176
3336
1683
3905
4934
773
1587
3776
218
136
502
4344
4844
3190
3181
3746
3815
1017
2235
1206
4636
134
3788
3166
4059
1310
2692
1876
4600
4689
3467
438
4193
4863
3550
4150
1656
1543
933
3240
1874
649
2328
2220
2923
581
1496
1068
1502
3503
1195
69
4936
741
3331
1272
2701
2032
516
4669
52
2870
437
4656
757
633
4566
3845
4294
4573
3236
388
3320
2011
1067
2384
1651
4291
553
4522
4664
2357
1801
904
1755
2349
1451
1633
486
1087
2221
2719
3235
4376
997
822
3775
1959
1621
3047
679
2044
4958
909
1020
818
336
1731
3752
2045
3399
2402
4582
1154
3786
4554
1166
2517
2187
661
4868
1
2790
3536
2916
4133
238
3615
4539
4864
705
3910
3765
4186
3733
3343
3961
2054
3346
3509
363
4956
2984
2865
4114
378
3052
3756
2566
1258
2141
1723
4207
2906
2346
418
2585
4869
172
2338
4763
197
4450
424
2052
481
2275
1381
2431
1117
3021
3578
3516
4095
1212
968
1611
855
2029
4428
4559
4299
1296
665
4604
4295
1679
2896
4356
3878
1085
1938
4196
995
2334
36
934
409
3597
3326
2651
3261
548
2755
3731
4552
910
842
405
1928
3228
507
1813
979
2519
2987
2560
4290
1254
3345
3811
2231
4302
4411
3388
3730
3822
4287
3635
4721
1851
1686
264
3201
2760
1870
1673
2184
3799
1439
2627
3528
1997
1901
4872
440
4704
2684
4003
4264
4532
3403
1477
4560
306
2018
4793
1950
3758
4521
3564
1559
867
1075
4441
706
1860
775
3950
2293
2246
3398
1817
3117
3418
4708
2417
2534
1902
3396
213
3387
975
560
1219
4978
4832
3684
4735
3214
1464
383
4544
2360
4544
383
1464
3214
4735
3684
4832
4978
1219
560
975
3387
213
3396
1902
2534
2417
4708
3418
3117
1817
3398
2246
2293
3950
775
1860
706
4441
1075
867
1559
3564
4521
3758
1950
4793
2018
306
4560
1477
3403
4532
4264
4003
2684
4704
440
4872
1901
1997
3528
2627
1439
3799
2184
1673
1870
2760
3201
264
1686
1851
4721
3635
4287
3822
3730
3388
4411
4302
2231
3811
3345
1254
4290
2560
2987
2519
979
1813
507
3228
1928
405
842
910
4552
3731
2755
548
3261
2651
3326
3597
409
934
36
2334
995
4196
1938
1085
3878
4356
2896
1679
4295
4604
665
1296
4299
4559
4428
2029
855
1611
968
1212
4095
3516
3578
3021
1117
2431
1381
2275
481
2052
424
4450
197
4763
2338
172
4869
2585
418
2346
2906
4207
1723
2141
1258
2566
3756
3052
378
4114
2865
2984
4956
363
3509
3346
2054
3961
3343
3733
4186
3765
3910
705
4864
4539
3615
238
4133
2916
3536
2790
1
3572
1713
4757
3543
2106
1956
541
4351
185
537
770
3363
1661
1269
3003
586
3007
2813
1026
1134
2852
3005
4019
2093
151
2586
435
89
1447
1151
3462
4512
4254
3851
3023
3996
3966
4931
3100
1966
4839
1101
2994
1472
1698
4519
2381
4336
1203
1377
4377
4681
2918
1413
245
3841
1592
3013
1515
832
4626
2461
188
210
918
190
2726
4579
1335
3883
4282
3359
3898
3451
3481
2691
3648
3375
3250
989
4038
1866
1468
1469
1778
2049
3027
3844
3951
2236
416
4753
1579
4580
419
4621
525
4586
4345
1806
1630
3459
1234
1508
1553
4817
3605
4467
1831
626
2059
3429
764
2203
543
1912
4485
2797
3585
4880
1242
632
1013
4932
2533
272
2316
2253
3671
874
2846
2280
2145
12
1849
4352
3495
3153
4508
1054
1965
180
4371
3479
3831
1373
4315
4678
56
4333
3208
4983
4771
308
652
4091
1499
4616
4780
4195
4723
1555
3282
4715
2580
3088
3619
2915
2809
4192
1987
4645
1987
4192
2809
2915
3619
3088
2580
4715
3282
1555
4723
4195
4780
4616
1499
4091
652
308
4771
4983
3208
4333
56
4678
4315
1373
3831
3479
4371
180
1965
1054
4508
3153
3495
4352
1849
12
2145
2280
2846
874
3671
2253
2316
272
2533
4932
1013
632
1242
4880
3585
2797
4485
1912
543
2203
764
3429
2059
626
1831
4467
3605
4817
1553
1508
1234
3459
1630
1806
4345
4586
525
4621
419
4580
1579
4753
416
2236
3951
3844
3027
2049
1778
1469
1468
1866
4038
989
3250
3375
3648
2691
3481
3451
3898
3359
4282
3883
1335
4579
2726
190
918
210
188
2461
4626
832
1515
3013
1592
3841
245
1413
2918
4681
4377
1377
1203
4336
2381
4519
1698
1472
2994
1101
4839
1966
3100
4931
3966
3996
3023
3851
4254
4512
3462
1151
1447
89
435
2586
151
2093
4019
3005
2852
1134
1026
2813
3007
586
3003
1269
1661
3363
770
537
185
4351
541
1956
2106
3543
4757
1713
3572
1
2734
3478
2822
4821
3941
4671
4510
432
4358
4933
1108
3373
252
998
946
617
4617
4630
595
3682
1511
2393
1505
1776
994
3762
659
2656
4017
3147
1129
2697
3041
3981
3623
1118
3552
294
2206
1168
2798
4331
3907
350
1357
2654
1982
3725
3199
4006
166
1691
840
4546
796
3545
1832
670
3691
1792
3608
3713
1727
1782
4381
4670
1033
1240
660
2062
1961
2174
2509
3546
4090
120
2887
3248
4974
2942
37
4473
147
2033
737
1797
2745
2301
4893
4307
2439
4405
1672
4221
265
2007
1839
4717
270
1905
926
3338
2121
3664
3385
3583
2939
1147
943
2758
2631
3420
4966
3832
2657
3599
3231
1593
4712
4593
811
1539
1126
3328
4930
2853
2830
3946
1235
3896
1894
4605
3613
4906
2249
367
805
1156
3519
1172
3006
1699
2478
1038
3407
34
4378
577
1389
3138
1082
3187
2530
1479
81
1958
4853
1951
3544
4457
4335
3290
4804
1873
1294
3757
1700
4225
2348
4455
1309
2042
1309
4455
2348
4225
1700
3757
1294
1873
4804
3290
4335
4457
3544
1951
4853
1958
81
1479
2530
3187
1082
3138
1389
577
4378
34
3407
1038
2478
1699
3006
1172
3519
1156
805
367
2249
4906
3613
4605
1894
3896
1235
3946
2830
2853
4930
3328
1126
1539
811
4593
4712
1593
3231
3599
2657
3832
4966
3420
2631
2758
943
1147
2939
3583
3385
3664
2121
3338
926
1905
270
4717
1839
2007
265
4221
1672
4405
2439
4307
4893
2301
2745
1797
737
2033
147
4473
37
2942
4974
3248
2887
120
4090
3546
2509
2174
1961
2062
660
1240
1033
4670
4381
1782
1727
3713
3608
1792
3691
670
1832
3545
796
4546
840
1691
166
4006
3199
3725
1982
2654
1357
350
3907
4331
2798
1168
2206
294
3552
1118
3623
3981
3041
2697
1129
3147
4017
2656
659
3762
994
1776
1505
2393
1511
3682
595
4630
4617
617
946
998
252
3373
1108
4933
4358
432
4510
4671
3941
4821
2822
3478
2734
1
4561
1184
641
1533
1143
3493
813
326
2945
461
399
1557
2407
3450
2948
15
592
3614
712
1446
3607
753
1070
3175
4301
1333
4503
2084
2404
2995
4151
1146
4517
3163
2567
535
4403
3456
955
27
4581
4084
1922
3710
646
4484
2396
4158
1917
3149
2359
3029
497
674
2227
412
2019
2368
966
33
793
1403
944
683
2071
2320
3647
146
225
3529
3945
3212
3160
262
2773
2009
1913
237
4632
276
4728
1771
3921
1106
1512
3245
540
2326
2828
4214
4105
494
2612
2350
1116
2825
1003
2043
2436
562
690
3115
590
3968
485
60
1762
4913
4272
2146
4478
2563
4769
4419
3873
4246
1150
2315
2648
3669
3559
2526
2034
2829
4161
4628
4507
3432
468
2673
1895
4786
4043
2202
1719
788
1710
4056
941
4730
2741
3339
484
3515
2978
3755
3703
1879
2706
4107
3111
1433
2884
3717
4613
1705
433
2028
4812
477
4286
2314
2276
310
1929
1862
630
572
3575
912
4147
3486
4147
912
3575
572
630
1862
1929
310
2276
2314
4286
477
4812
2028
433
1705
4613
3717
2884
1433
3111
4107
2706
1879
3703
3755
2978
3515
484
3339
2741
4730
941
4056
1710
788
1719
2202
4043
4786
1895
2673
468
3432
4507
4628
4161
2829
2034
2526
3559
3669
2648
2315
1150
4246
3873
4419
4769
2563
4478
2146
4272
4913
1762
60
485
3968
590
3115
690
562
2436
2043
1003
2825
1116
2350
2612
494
4105
4214
2828
2326
540
3245
1512
1106
3921
1771
4728
276
4632
237
1913
2009
2773
262
3160
3212
3945
3529
225
146
3647
2320
2071
683
944
1403
793
33
966
2368
2019
412
2227
674
497
3029
2359
3149
1917
4158
2396
4484
646
3710
1922
4084
4581
27
955
3456
4403
535
2567
3163
4517
1146
4151
2995
2404
2084
4503
1333
4301
3175
1070
753
3607
1446
712
3614
592
15
2948
3450
2407
1557
399
461
2945
326
813
3493
1143
1533
641
1184
4561
1
1124
1927
1532
200
583
3726
4719
687
1589
2109
1158
593
1199
3340
3369
49
116
466
3998
102
4197
1514
2894
2331
4606
1316
4312
4762
327
547
3838
4643
530
2974
3405
4121
703
2668
349
2285
88
2098
4916
192
3919
4924
4822
1527
2185
1642
3828
538
4253
495
3699
961
3158
748
1437
4442
986
3761
300
3724
1702
4870
844
3050
4280
4810
4781
2173
2307
4923
4135
2610
121
4651
1864
3051
1554
2252
4174
685
3183
365
4010
859
1483
1257
2505
4843
3817
3198
823
2817
4050
3402
1098
4847
3277
366
864
2353
1045
226
1279
2429
29
3766
1485
693
3186
1434
591
3539
2600
3903
122
2862
4222
2507
714
1131
3555
3737
3121
2483
2298
66
392
2860
4526
4014
2204
1617
2977
1411
2409
2936
4607
2317
2144
3300
2756
2377
3397
487
221
1576
2787
4064
315
4387
1267
4311
2213
4241
3002
1046
4124
567
3094
4057
2088
3036
2712
1868
206
3972
313
4801
313
3972
206
1868
2712
3036
2088
4057
3094
567
4124
1046
3002
4241
2213
4311
1267
4387
315
4064
2787
1576
221
487
3397
2377
2756
3300
2144
2317
4607
2936
2409
1411
2977
1617
2204
4014
4526
2860
392
66
2298
2483
3121
3737
3555
1131
714
2507
4222
2862
122
3903
2600
3539
591
1434
3186
693
1485
3766
29
2429
1279
226
1045
2353
864
366
3277
4847
1098
3402
4050
2817
823
3198
3817
4843
2505
1257
1483
859
4010
365
3183
685
4174
2252
1554
3051
1864
4651
121
2610
4135
4923
2307
2173
4781
4810
4280
3050
844
4870
1702
3724
300
3761
986
4442
1437
748
3158
961
3699
495
4253
538
3828
1642
2185
1527
4822
4924
3919
192
4916
2098
88
2285
349
2668
703
4121
3405
2974
530
4643
3838
547
327
4762
4312
1316
4606
2331
2894
1514
4197
102
3998
466
116
49
3369
3340
1199
593
1158
2109
1589
687
4719
3726
583
200
1532
1927
1124
1
1916
2632
387
4425
2804
3534
515
4437
3579
4218
1923
4348
828
288
3210
4714
1081
883
708
3581
2754
4663
3352
489
697
1090
1596
2527
582
2832
1406
413
2768
2207
3496
3412
4648
1815
1189
4306
967
4724
4373
3653
4363
2401
389
3982
3133
2866
1159
1682
4947
4284
4506
4686
3477
1573
2302
1060
2006
1569
4247
637
3127
105
3934
551
4163
1848
2475
3923
2427
4260
454
3659
3711
2463
3448
3772
2233
3393
1574
3719
1960
4535
4339
2639
2835
3959
1529
4061
141
3152
3854
2139
1228
629
1114
286
2243
4968
2779
1703
2529
3068
1653
2026
1525
279
2147
1704
3723
4591
4534
1262
2666
4964
4232
4149
156
1818
3935
2831
1979
3205
1575
2564
4567
1142
936
4792
2982
3449
4275
1591
359
602
1856
1538
2510
3148
2590
4668
3061
259
4288
4774
819
655
3634
1977
1417
3053
1701
4298
4854
1009
681
3155
973
4212
1678
1314
170
4005
465
3993
1746
3769
4755
4725
4990
