1
987
3603
115
4683
1090
1322
4936
4333
4229
2260
890
737
1203
2038
2999
82
1012
4388
2057
3098
4201
128
4184
4449
3382
3012
3300
268
1175
2573
3658
2337
794
3944
2179
3400
4662
2963
3773
1764
3245
4802
4187
1786
2436
4506
1599
1770
2351
76
618
3124
2022
238
488
4832
1726
1107
105
3922
4268
3960
4543
1561
2467
3901
1485
2765
4304
3298
4550
2747
2498
962
4620
213
1245
634
2104
3852
4312
4511
1613
960
3811
2202
3247
4010
2302
2954
1475
1854
676
3946
3986
957
2170
4730
2200
149
1382
3862
390
4921
2699
1575
3992
1756
613
4671
4348
2936
4343
3675
3837
78
4906
358
3296
2520
1268
1605
3
3432
4526
2047
589
4478
3221
371
1871
2609
4119
932
3270
3313
2352
3976
2282
869
1899
3374
3604
3095
3722
4071
4425
3951
3562
3413
4232
3144
668
4891
4271
2236
3477
3355
3074
772
2205
1229
3069
3132
3637
4645
3716
4340
2091
783
3414
68
2207
945
365
3912
917
1910
1026
3940
647
780
1736
765
1796
45
219
1875
3306
4853
4673
4369
13
1228
4927
147
979
1495
129
3333
4615
4791
791
1147
3234
4022
2775
1527
564
2612
111
4315
1837
3931
1639
756
2258
479
4785
1014
196
4066
204
1489
4164
3022
650
4637
4770
1490
3290
2018
4351
619
2080
4078
438
2026
4006
2625
3083
1116
378
4976
1424
1283
4447
4570
3842
1347
4314
3984
3324
4098
3100
2863
2380
164
1661
4214
556
2860
1059
2921
3688
1656
3938
3191
1510
652
4495
1439
993
4518
1689
1042
2922
3493
1598
2035
2385
4080
2371
818
3182
491
3243
825
306
1610
4980
549
1142
2516
3097
1967
4812
4753
4915
3450
4476
1620
1056
3927
4553
4823
1567
3014
79
3736
2464
4440
4436
1291
1936
1880
3135
3415
4911
828
4732
1947
170
332
3867
4003
4949
4235
2740
4571
2444
2192
2266
2036
4534
3582
969
2868
4217
3064
3267
2269
3332
44
429
3602
506
2458
1208
2545
3577
1574
3761
1127
4581
1450
2247
259
206
854
4255
1682
4409
4740
1872
3463
2890
2511
3174
4035
659
2101
2893
433
3532
3134
2331
2340
3821
1965
1478
1743
4349
2553
3767
3997
4068
1432
4039
379
1708
4600
616
2041
3801
3949
4858
4223
2175
2292
3991
1942
3673
4790
3148
3797
2417
2909
3093
3664
2086
3428
3843
3411
746
2275
3591
4750
3508
808
3585
2501
145
3527
4733
2905
237
2151
678
2214
2908
4848
2306
747
4474
4556
910
4955
2219
3725
1419
1617
2555
2027
3668
4878
3687
2819
2684
2907
1410
4190
4516
1941
37
1571
2067
4320
663
4102
1970
3153
1592
1865
2876
2372
2591
2833
2979
3322
4569
3002
3067
1122
138
113
3748
4987
4156
2350
2383
25
2548
2280
4720
622
784
2291
3669
1771
2382
4580
874
4959
2141
4490
2348
2939
3655
1069
3226
3733
1377
3795
4778
4252
4135
857
2549
2843
1820
2567
1484
2690
3348
3464
4702
2222
3154
125
3487
1962
867
475
4699
4326
3092
3045
1260
4472
4910
4889
1315
2345
2311
4542
1915
1906
299
1760
3105
1526
2453
41
4577
1635
3899
1618
4582
1300
3042
495
1054
3783
3278
3517
2
2783
882
578
2522
117
4202
2235
1673
3859
2470
4483
2746
718
2332
816
4283
1009
705
374
4467
4359
729
134
376
3542
4178
120
1621
4123
1843
4448
1728
65
1589
1222
4363
2196
1973
3330
3524
348
4176
4239
32
4799
3839
4259
1788
1378
807
3038
819
1310
2986
4321
2110
4174
1311
3848
4387
4716
4601
4623
492
2626
3127
1717
4403
2063
2077
2046
3903
3085
1727
4424
1011
1614
815
4713
1199
3750
1809
1552
1609
1350
3639
2682
2812
3250
4382
4392
1683
2115
3936
710
3020
1181
1667
324
59
1104
366
4144
154
3875
179
4057
3273
347
4014
2871
87
2094
110
1335
1898
2551
3088
3455
1579
4377
4947
346
2618
683
563
1668
1136
3291
3106
3599
1551
245
692
183
234
3371
753
848
4698
3112
1803
4717
4052
3279
4705
4245
4342
2662
458
3013
1739
1214
2096
4159
1765
1058
3781
2330
4529
527
2655
253
368
823
3180
812
2055
3118
4345
1034
597
394
176
3598
4898
3503
3745
2596
1887
3913
336
2851
3792
2394
4696
3434
3228
750
4325
1641
3692
1207
2825
3480
1693
1773
1543
2308
1145
4703
2940
4055
2409
272
3963
689
3126
4125
2895
1623
1715
489
3793
1422
2407
1612
1934
838
4208
1159
3756
2335
3336
2695
4701
3202
3396
3107
2830
579
3989
3926
4153
792
935
2420
4564
4004
944
3959
1351
3473
1479
4929
3214
3260
2523
3731
403
3800
2532
23
4301
445
1158
2713
688
3749
4737
2071
4836
571
4220
3005
178
3284
466
4944
4860
1360
1684
2377
567
3197
122
4806
1525
891
1507
1194
2606
3049
1885
2042
1046
2540
4469
4922
1249
3072
4901
3844
1560
4502
1051
3141
1731
3213
3122
2717
4390
3436
1108
4684
3782
1868
3900
109
1918
3389
1939
2484
2003
2729
362
2910
2145
2744
2873
1920
1654
1779
215
2669
4524
4423
21
749
2610
4873
2818
2234
2598
3515
3662
88
3435
2255
725
1959
4452
3059
4141
2365
432
1204
1811
1265
3910
552
2837
321
334
2731
2362
193
4195
1149
2848
90
4897
3995
4227
4509
3766
822
3884
1031
918
3285
3864
3791
1178
1781
517
1236
1074
1125
3909
1784
560
4669
4328
2927
4632
3027
1453
4394
1855
559
1370
1321
1299
463
1578
4992
991
441
3035
952
3705
1798
911
2392
4764
2007
4902
4856
2489
3325
1084
2507
4681
302
1200
258
4322
380
978
1094
2084
454
607
1379
4275
3437
150
3622
2525
2631
722
251
3502
2635
2191
1719
4545
3329
1595
2320
333
2948
878
4578
3066
2585
3628
3281
4270
1662
1904
660
435
3102
4772
2251
3231
3667
2550
4609
4053
2157
4196
2987
3366
793
4861
2801
99
2896
1570
4263
1994
1861
3312
3140
312
4462
2273
541
639
2703
4443
4514
4237
3357
1827
3589
1746
752
3521
2463
4679
4741
2934
562
4726
3395
1004
3158
4865
3104
649
3499
846
242
1233
3815
2539
3684
3057
4697
1398
383
4479
3711
1686
62
1594
4512
3263
4224
3698
1749
2325
3883
51
1810
4411
3075
1160
1007
2724
1391
2678
3467
4167
4973
4558
4789
3587
1183
847
4072
3048
1091
4723
2389
2785
146
926
3017
2317
173
4908
3425
704
1815
209
3776
4497
2502
28
4928
1891
2776
265
3293
2059
3908
3850
3507
1483
509
1793
2045
248
2660
1124
3375
4755
4118
4009
1357
4011
3666
2226
398
4918
4099
2826
2195
1385
1346
2728
2737
2203
2318
1883
8
2270
1937
227
1955
4005
4782
2422
2526
2146
2319
4414
3649
55
1557
4706
2960
4886
1624
3609
2445
1996
4319
4493
2958
2691
4112
3696
1381
992
1819
3099
561
861
1390
1231
1529
3870
2517
2164
3890
4311
2546
2640
1324
4137
1981
895
4335
953
2312
1921
3697
220
3713
1893
3803
4629
967
2370
2485
4012
2792
4431
3746
1470
1482
4670
914
1247
241
308
3642
3557
2944
3207
3189
1845
3429
651
1326
4368
2133
661
1355
3605
345
3586
2261
2095
283
4590
1141
3554
1434
232
2759
2841
2403
2518
3120
281
4422
415
2962
4611
1285
2637
4034
4847
1389
3295
2946
4654
2594
698
2174
4095
834
2346
1234
1164
1881
990
2627
4199
1593
2069
1538
2630
3347
4525
4344
3198
3283
2621
1698
3331
2859
4687
4453
1775
2343
4203
2616
1065
3447
1290
4302
4552
2213
4287
3076
1740
2990
912
1672
1935
3016
3709
3816
3695
1246
1813
2748
519
3252
2693
2829
2172
286
3682
4122
1205
1783
1040
3732
191
3939
1005
4133
3552
879
4246
3615
4718
2304
1180
715
2749
2016
4999
664
462
2677
4170
4045
557
2108
30
4177
1399
1216
3941
239
3794
2639
2839
554
3607
3679
3227
3923
1130
1267
4546
311
1669
625
2457
236
2107
2883
3403
3417
4316
1747
908
3466
4219
788
4808
1356
3265
4872
1220
1374
3241
2468
3942
4537
4412
4722
3728
2725
3326
3409
681
1615
4115
3173
3744
4166
1298
4254
289
3381
2980
267
315
3987
185
2123
3405
1776
3262
4339
3566
3630
1522
593
2869
2762
3004
3671
2761
566
1681
2401
903
2750
1073
1171
1418
2178
3872
3388
3747
58
339
3115
1312
894
3018
260
4859
2900
2188
1664
4073
2015
762
4303
3471
2263
839
3419
1631
2629
3494
3032
2105
3683
1197
1295
4410
2435
569
4744
3353
4404
2129
1167
602
1848
1143
4475
4551
2719
4265
1308
4907
897
558
85
449
1503
3691
922
2820
3090
751
2646
2735
1730
2472
3392
1429
2920
596
2451
2505
934
3469
1688
1679
4097
468
1080
4323
261
1126
4866
3261
2953
2073
2111
4225
4101
1384
1652
2624
3663
1956
2476
2906
2375
1797
1520
1750
2571
700
2533
4381
975
2862
2582
4306
4840
2636
4277
3657
2714
2727
1368
3448
1862
75
249
1856
163
1331
343
1157
1224
3047
4797
1139
1901
4375
1438
3735
337
4299
4015
537
4646
2858
4763
609
4850
3790
1850
1472
1886
3235
3571
2495
2478
4528
2208
2116
4374
2216
1153
3377
1564
655
2442
1961
92
1720
1766
1976
4930
1645
3880
385
2973
3896
3470
2482
930
271
4383
2821
2811
4406
2030
3555
1349
270
4061
3084
3320
801
1774
786
2051
269
1980
1822
518
1894
80
4155
4113
1876
691
2186
1840
1086
2722
2185
192
3433
645
3423
853
2358
3904
2568
811
790
3185
3465
3583
4132
1067
4839
187
2037
478
2509
1958
893
141
47
4075
4748
3823
1297
4867
405
4510
2774
2369
1049
1085
544
4243
35
4938
1359
1502
3496
254
2572
50
2430
2937
933
1187
865
240
1430
2861
123
2564
2658
4076
3372
3661
1018
1998
1515
1117
1642
3359
2249
3026
4952
2930
4371
2642
2285
181
1282
4002
3759
3753
3809
2800
909
2118
4376
4979
211
474
2147
388
1707
2767
4642
3402
2474
2428
4346
2969
2357
3504
4309
2754
1336
3834
4595
310
1343
2667
3841
3700
673
1991
142
2056
4846
4332
644
4160
843
3648
425
1426
1010
1212
510
1473
1948
3422
2323
3037
2212
2911
3513
3478
3462
1097
318
3406
2471
4366
3915
1831
3911
4398
779
3183
3125
2061
3380
4331
2367
3137
1864
501
2447
2648
3593
2245
623
2840
2802
630
2314
536
481
2603
1919
610
1794
642
1993
1405
3579
1867
2499
3708
2710
4568
2231
2433
3220
3248
1032
1177
414
4357
3408
3039
3145
4589
1987
2388
4855
538
4455
701
1651
2218
3051
2894
2956
2824
4131
1499
3702
4451
4370
3676
2001
2898
1711
3461
3337
1714
357
740
3724
977
3338
417
4128
592
3530
2455
3646
3442
3806
4484
291
3071
1706
401
810
3445
906
1314
2589
4134
3979
3581
787
2113
3652
3492
4627
2313
813
4892
3041
1929
2521
4838
799
2901
4207
4651
4230
3401
2158
4300
3309
3978
2808
2503
1989
3935
4233
4127
2535
4482
901
2466
1169
1500
2356
2097
2656
4608
16
4257
3206
3769
862
3760
4761
3596
923
763
1791
4248
4991
3321
2402
3798
2668
4186
2663
797
1785
4621
1320
124
319
3888
1670
1852
959
1152
1549
1945
2488
535
1585
1106
4151
1373
4968
2904
3292
1257
2480
994
1021
228
1834
3768
3624
2074
3898
4544
4120
1001
1492
4879
4657
2552
455
4593
3977
3065
4708
4441
1221
1628
2881
2267
3486
4965
3352
38
367
1276
1799
2344
4613
1226
182
1846
4946
4655
4628
2359
1762
1119
3376
2060
375
4103
646
896
2554
2933
4598
1806
1072
66
1466
4854
1131
770
1278
1044
1724
4109
3133
404
3694
446
135
3818
2688
2994
1804
2970
157
4784
3930
4296
1256
4587
1874
964
3533
2650
4438
4576
4145
2882
2274
4649
3485
3358
2704
4837
4041
667
2547
4874
511
198
3079
2755
1288
2515
4051
1545
4996
2803
1860
2887
773
998
3810
162
3029
782
3611
1523
3574
707
3050
761
2090
605
904
1287
550
4162
2771
1156
2968
1943
282
2604
873
4356
3323
1037
551
2683
4825
2393
1949
112
359
584
442
2259
1170
1061
1494
1913
1859
3339
452
486
56
4365
2262
4191
4501
1435
4617
1375
3973
999
1923
2168
4226
4950
229
694
3468
3410
4236
411
4814
3171
4360
3426
1755
3955
4054
3356
2334
3636
714
1279
2264
4843
119
3965
1461
4905
1778
3523
2993
2732
1763
2950
4787
83
3239
2870
423
1266
3033
4399
2301
3980
4870
1196
11
1506
4962
766
3690
2443
1705
2924
3734
982
555
3354
27
3061
2286
262
972
2465
2565
809
800
2981
3286
2664
2855
2764
3030
223
3686
1777
679
2398
2140
4001
4919
1325
1823
2006
292
2169
2114
1394
821
3738
2611
4358
4983
4622
2333
4033
350
887
1151
4498
3549
1659
1790
3147
2450
2794
2977
2538
1307
1173
2127
1087
3584
3575
4890
2010
2718
2364
4211
3831
2183
4626
118
526
4884
278
1425
3905
3707
1627
4829
4531
4731
4046
431
500
4565
1890
4086
995
4588
3631
3161
3647
36
4963
3835
1089
1879
3458
2276
3784
3789
3512
1237
539
4747
2166
2176
3078
4953
4372
4954
443
3948
4743
830
1835
2265
568
586
4487
1239
480
4981
1338
201
928
3155
4284
629
4863
1303
4630
140
1339
3514
2307
3969
2595
2638
4185
706
2184
4091
2527
4634
3317
1363
3778
1414
1261
4993
3972
2220
3706
3319
3633
835
624
2941
2766
4149
1280
573
341
3865
4931
4354
430
2253
3121
4413
734
871
53
1109
3635
1969
4456
4714
1932
1028
3268
4000
4659
2068
4788
3840
4574
2368
3720
1761
225
4540
4893
2064
601
937
4811
1537
2902
2687
3934
2834
1590
4995
824
2217
2229
1404
4895
1646
244
3327
805
902
1741
531
970
2832
1433
2534
1927
3674
4520
395
2459
4751
2978
7
4308
2109
3878
3974
2912
4391
4043
4092
490
4738
69
2303
852
1064
3318
503
973
1966
412
1690
4172
1038
941
3621
1043
4093
785
2884
3561
1033
4429
188
4664
2085
422
1678
3282
2378
2139
4161
2689
4776
1243
169
4998
1963
104
4535
3310
3730
1264
1441
3449
2379
3349
4074
2791
4710
4396
2966
1172
1045
2241
102
4023
3175
1330
1742
4940
1309
1277
2103
4739
4736
2583
1112
3677
1078
3275
2278
2914
4040
1625
900
1467
4049
532
1281
3345
484
606
4554
2705
1721
2705
4554
606
484
3345
1281
532
4049
1467
900
1625
4040
2914
2278
3275
1078
3677
1112
2583
4736
4739
2103
1277
1309
4940
1742
1330
3175
4023
102
2241
1045
1172
2966
4396
4710
2791
4074
3349
2379
3449
1441
1264
3730
3310
4535
104
1963
4998
169
1243
4776
2689
4161
2139
2378
3282
1678
422
2085
4664
188
4429
1033
3561
2884
785
4093
1043
3621
941
1038
4172
1690
412
1966
973
503
3318
1064
852
2303
69
4738
490
4092
4043
4391
2912
3974
3878
2109
4308
7
2978
4751
2459
395
4520
3674
1927
2534
1433
2832
970
531
1741
902
805
3327
244
1646
4895
1404
2229
2217
824
4995
1590
2834
3934
2687
2902
1537
4811
937
601
2064
4893
4540
225
1761
3720
2368
4574
3840
4788
2068
4659
4000
3268
1028
1932
4714
4456
1969
3635
1109
53
871
734
4413
3121
2253
430
4354
4931
3865
341
573
1280
4149
2766
2941
624
835
3633
3319
3706
2220
3972
4993
1261
1414
3778
1363
3317
4634
2527
4091
2184
706
4185
2638
2595
3969
2307
3514
1339
140
4630
1303
4863
629
4284
3155
928
201
1338
4981
480
1239
4487
586
568
2265
1835
830
4743
3948
443
4954
4372
4953
3078
2176
2166
4747
539
1237
3512
3789
3784
2276
3458
1879
1089
3835
4963
36
3647
3161
3631
4588
995
4086
1890
4565
500
431
4046
4731
4531
4829
1627
3707
3905
1425
278
4884
526
118
4626
2183
3831
4211
2364
2718
2010
4890
3575
3584
1087
2127
1173
1307
2538
2977
2794
2450
3147
1790
1659
3549
4498
1151
887
350
4033
2333
4622
4983
4358
2611
3738
821
1394
2114
2169
292
2006
1823
1325
4919
4001
2140
2398
679
1777
3686
223
3030
2764
2855
2664
3286
2981
800
809
2565
2465
972
262
2286
3061
27
3354
555
982
3734
2924
1705
2443
3690
766
4962
1506
11
1196
4870
3980
2301
4399
3033
1266
423
2870
3239
83
4787
2950
1763
2732
2993
3523
1778
4905
1461
3965
119
4843
2264
1279
714
3636
2334
3356
4054
3955
1755
3426
4360
3171
4814
411
4236
3410
3468
694
229
4950
4226
2168
1923
999
3973
1375
4617
1435
4501
4191
2262
4365
56
486
452
3339
1859
1913
1494
1061
1170
2259
442
584
359
112
1949
2393
4825
2683
551
1037
3323
4356
873
2604
282
1943
2968
1156
2771
4162
550
1287
904
605
2090
761
3050
707
3574
1523
3611
782
3029
162
3810
998
773
2887
1860
2803
4996
1545
4051
2515
1288
2755
3079
198
511
4874
2547
667
4041
4837
2704
3358
3485
4649
2274
2882
4145
4576
4438
2650
3533
964
1874
4587
1256
4296
3930
4784
157
2970
1804
2994
2688
3818
135
446
3694
404
3133
4109
1724
1044
1278
770
1131
4854
1466
66
1072
1806
4598
2933
2554
896
646
4103
375
2060
3376
1119
1762
2359
4628
4655
4946
1846
182
1226
4613
2344
1799
1276
367
38
3352
4965
3486
2267
2881
1628
1221
4441
4708
3065
3977
4593
455
2552
4657
4879
1492
1001
4120
4544
3898
2074
3624
3768
1834
228
1021
994
2480
1257
3292
2904
4968
1373
4151
1106
1585
535
2488
1945
1549
1152
959
1852
1670
3888
319
124
1320
4621
1785
797
2663
4186
2668
3798
2402
3321
4991
4248
1791
763
923
3596
4761
3760
862
3769
3206
4257
16
4608
2656
2097
2356
1500
1169
2466
901
4482
2535
4127
4233
3935
1989
2503
2808
3978
3309
4300
2158
3401
4230
4651
4207
2901
799
4838
2521
1929
3041
4892
813
2313
4627
3492
3652
2113
787
3581
3979
4134
2589
1314
906
3445
810
401
1706
3071
291
4484
3806
3442
3646
2455
3530
592
4128
417
3338
977
3724
740
357
1714
3337
3461
1711
2898
2001
3676
4370
4451
3702
1499
4131
2824
2956
2894
3051
2218
1651
701
4455
538
4855
2388
1987
4589
3145
3039
3408
4357
414
1177
1032
3248
3220
2433
2231
4568
2710
3708
2499
1867
3579
1405
1993
642
1794
610
1919
2603
481
536
2314
630
2802
2840
623
2245
3593
2648
2447
501
1864
3137
2367
4331
3380
2061
3125
3183
779
4398
3911
1831
3915
4366
2471
3406
318
1097
3462
3478
3513
2911
2212
3037
2323
3422
1948
1473
510
1212
1010
1426
425
3648
843
4160
644
4332
4846
2056
142
1991
673
3700
3841
2667
1343
310
4595
3834
1336
2754
4309
3504
2357
2969
4346
2428
2474
3402
4642
2767
1707
388
2147
474
211
4979
4376
2118
909
2800
3809
3753
3759
4002
1282
181
2285
2642
4371
2930
4952
3026
2249
3359
1642
1117
1515
1998
1018
3661
3372
4076
2658
2564
123
2861
1430
240
865
1187
933
2937
2430
50
2572
254
3496
1502
1359
4938
35
4243
544
1085
1049
2369
2774
4510
405
4867
1297
3823
4748
4075
47
141
893
1958
2509
478
2037
187
4839
1067
4132
3583
3465
3185
790
811
2568
3904
2358
853
3423
645
3433
192
2185
2722
1086
1840
2186
691
1876
4113
4155
80
1894
518
1822
1980
269
2051
786
1774
801
3320
3084
4061
270
1349
3555
2030
4406
2811
2821
4383
271
930
2482
3470
3896
2973
385
3880
1645
4930
1976
1766
1720
92
1961
2442
655
1564
3377
1153
2216
4374
2116
2208
4528
2478
2495
3571
3235
1886
1472
1850
3790
4850
609
4763
2858
4646
537
4015
4299
337
3735
1438
4375
1901
1139
4797
3047
1224
1157
343
1331
163
1856
249
75
1862
3448
1368
2727
2714
3657
4277
2636
4840
4306
2582
2862
975
4381
2533
700
2571
1750
1520
1797
2375
2906
2476
1956
3663
2624
1652
1384
4101
4225
2111
2073
2953
3261
4866
1126
261
4323
1080
468
4097
1679
1688
3469
934
2505
2451
596
2920
1429
3392
2472
1730
2735
2646
751
3090
2820
922
3691
1503
449
85
558
897
4907
1308
4265
2719
4551
4475
1143
1848
602
1167
2129
4404
3353
4744
569
2435
4410
1295
1197
3683
2105
3032
3494
2629
1631
3419
839
2263
3471
4303
762
2015
4073
1664
2188
2900
4859
260
3018
894
1312
3115
339
58
3747
3388
3872
2178
1418
1171
1073
2750
903
2401
1681
566
2761
3671
3004
2762
2869
593
1522
3630
3566
4339
3262
1776
3405
2123
185
3987
315
267
2980
3381
289
4254
1298
4166
3744
3173
4115
1615
681
3409
3326
2725
3728
4722
4412
4537
3942
2468
3241
1374
1220
4872
3265
1356
4808
788
4219
3466
908
1747
4316
3417
3403
2883
2107
236
2457
625
1669
311
4546
1267
1130
3923
3227
3679
3607
554
2839
2639
3794
239
3941
1216
1399
4177
30
2108
557
4045
4170
2677
462
664
4999
2016
2749
715
1180
2304
4718
3615
4246
879
3552
4133
1005
3939
191
3732
1040
1783
1205
4122
3682
286
2172
2829
2693
3252
519
2748
1813
1246
3695
3816
3709
3016
1935
1672
912
2990
1740
3076
4287
2213
4552
4302
1290
3447
1065
2616
4203
2343
1775
4453
4687
2859
3331
1698
2621
3283
3198
4344
4525
3347
2630
1538
2069
1593
4199
2627
990
1881
1164
1234
2346
834
4095
2174
698
2594
4654
2946
3295
1389
4847
4034
2637
1285
4611
2962
415
4422
281
3120
2518
2403
2841
2759
232
1434
3554
1141
4590
283
2095
2261
3586
345
3605
1355
661
2133
4368
1326
651
3429
1845
3189
3207
2944
3557
3642
308
241
1247
914
4670
1482
1470
3746
4431
2792
4012
2485
2370
967
4629
3803
1893
3713
220
3697
1921
2312
953
4335
895
1981
4137
1324
2640
2546
4311
3890
2164
2517
3870
1529
1231
1390
861
561
3099
1819
992
1381
3696
4112
2691
2958
4493
4319
1996
2445
3609
1624
4886
2960
4706
1557
55
3649
4414
2319
2146
2526
2422
4782
4005
1955
227
1937
2270
8
1883
2318
2203
2737
2728
1346
1385
2195
2826
4099
4918
398
2226
3666
4011
1357
4009
4118
4755
3375
1124
2660
248
2045
1793
509
1483
3507
3850
3908
2059
3293
265
2776
1891
4928
28
2502
4497
3776
209
1815
704
3425
4908
173
2317
3017
926
146
2785
2389
4723
1091
3048
4072
847
1183
3587
4789
4558
4973
4167
3467
2678
1391
2724
1007
1160
3075
4411
1810
51
3883
2325
1749
3698
4224
3263
4512
1594
62
1686
3711
4479
383
1398
4697
3057
3684
2539
3815
1233
242
846
3499
649
3104
4865
3158
1004
3395
4726
562
2934
4741
4679
2463
3521
752
1746
3589
1827
3357
4237
4514
4443
2703
639
541
2273
4462
312
3140
3312
1861
1994
4263
1570
2896
99
2801
4861
793
3366
2987
4196
2157
4053
4609
2550
3667
3231
2251
4772
3102
435
660
1904
1662
4270
3281
3628
2585
3066
4578
878
2948
333
2320
1595
3329
4545
1719
2191
2635
3502
251
722
2631
2525
3622
150
3437
4275
1379
607
454
2084
1094
978
380
4322
258
1200
302
4681
2507
1084
3325
2489
4856
4902
2007
4764
2392
911
1798
3705
952
3035
441
991
4992
1578
463
1299
1321
1370
559
1855
4394
1453
3027
4632
2927
4328
4669
560
1784
3909
1125
1074
1236
517
1781
1178
3791
3864
3285
918
1031
3884
822
3766
4509
4227
3995
4897
90
2848
1149
4195
193
2362
2731
334
321
2837
552
3910
1265
1811
1204
432
2365
4141
3059
4452
1959
725
2255
3435
88
3662
3515
2598
2234
2818
4873
2610
749
21
4423
4524
2669
215
1779
1654
1920
2873
2744
2145
2910
362
2729
2003
2484
1939
3389
1918
109
3900
1868
3782
4684
1108
3436
4390
2717
3122
3213
1731
3141
1051
4502
1560
3844
4901
3072
1249
4922
4469
2540
1046
2042
1885
3049
2606
1194
1507
891
1525
4806
122
3197
567
2377
1684
1360
4860
4944
466
3284
178
3005
4220
571
4836
2071
4737
3749
688
2713
1158
445
4301
23
2532
3800
403
3731
2523
3260
3214
4929
1479
3473
1351
3959
944
4004
4564
2420
935
792
4153
3926
3989
579
2830
3107
3396
3202
4701
2695
3336
2335
3756
1159
4208
838
1934
1612
2407
1422
3793
489
1715
1623
2895
4125
3126
689
3963
272
2409
4055
2940
4703
1145
2308
1543
1773
1693
3480
2825
1207
3692
1641
4325
750
3228
3434
4696
2394
3792
2851
336
3913
1887
2596
3745
3503
4898
3598
176
394
597
1034
4345
3118
2055
812
3180
823
368
253
2655
527
4529
2330
3781
1058
1765
4159
2096
1214
1739
3013
458
2662
4342
4245
4705
3279
4052
4717
1803
3112
4698
848
753
3371
234
183
692
245
1551
3599
3106
3291
1136
1668
563
683
2618
346
4947
4377
1579
3455
3088
2551
1898
1335
110
2094
87
2871
4014
347
3273
4057
179
3875
154
4144
366
1104
59
324
1667
1181
3020
710
3936
2115
1683
4392
4382
3250
2812
2682
3639
1350
1609
1552
1809
3750
1199
4713
815
1614
1011
4424
1727
3085
3903
2046
2077
2063
4403
1717
3127
2626
492
4623
4601
4716
4387
3848
1311
4174
2110
4321
2986
1310
819
3038
807
1378
1788
4259
3839
4799
32
4239
4176
348
3524
3330
1973
2196
4363
1222
1589
65
1728
4448
1843
4123
1621
120
4178
3542
376
134
729
4359
4467
374
705
1009
4283
816
2332
718
2746
4483
2470
3859
1673
2235
4202
117
2522
578
882
2783
2
3517
3278
3783
1054
495
3042
1300
4582
1618
3899
1635
4577
41
2453
1526
3105
1760
299
1906
1915
4542
2311
2345
1315
4889
4910
4472
1260
3045
3092
4326
4699
475
867
1962
3487
125
3154
2222
4702
3464
3348
2690
1484
2567
1820
2843
2549
857
4135
4252
4778
3795
1377
3733
3226
1069
3655
2939
2348
4490
2141
4959
874
4580
2382
1771
3669
2291
784
622
4720
2280
2548
25
2383
2350
4156
4987
3748
113
138
1122
3067
3002
4569
3322
2979
2833
2591
2372
2876
1865
1592
3153
1970
4102
663
4320
2067
1571
37
1941
4516
4190
1410
2907
2684
2819
3687
4878
3668
2027
2555
1617
1419
3725
2219
4955
910
4556
4474
747
2306
4848
2908
2214
678
2151
237
2905
4733
3527
145
2501
3585
808
3508
4750
3591
2275
746
3411
3843
3428
2086
3664
3093
2909
2417
3797
3148
4790
3673
1942
3991
2292
2175
4223
4858
3949
3801
2041
616
4600
1708
379
4039
1432
4068
3997
3767
2553
4349
1743
1478
1965
3821
2340
2331
3134
3532
433
2893
2101
659
4035
3174
2511
2890
3463
1872
4740
4409
1682
4255
854
206
259
2247
1450
4581
1127
3761
1574
3577
2545
1208
2458
506
3602
429
44
3332
2269
3267
3064
4217
2868
969
3582
4534
2036
2266
2192
2444
4571
2740
4235
4949
4003
3867
332
170
1947
4732
828
4911
3415
3135
1880
1936
1291
4436
4440
2464
3736
79
3014
1567
4823
4553
3927
1056
1620
4476
3450
4915
4753
4812
1967
3097
2516
1142
549
4980
1610
306
825
3243
491
3182
818
2371
4080
2385
2035
1598
3493
2922
1042
1689
4518
993
1439
4495
652
1510
3191
3938
1656
3688
2921
1059
2860
556
4214
1661
164
2380
2863
3100
4098
3324
3984
4314
1347
3842
4570
4447
1283
1424
4976
378
1116
3083
2625
4006
2026
438
4078
2080
619
4351
2018
3290
1490
4770
4637
650
3022
4164
1489
204
4066
196
1014
4785
479
2258
756
1639
3931
1837
4315
111
2612
564
1527
2775
4022
3234
1147
791
4791
4615
3333
129
1495
979
147
4927
1228
13
4369
4673
4853
3306
1875
219
45
1796
765
1736
780
647
3940
1026
1910
917
3912
365
945
2207
68
3414
783
2091
4340
3716
4645
3637
3132
3069
1229
2205
772
3074
3355
3477
2236
4271
4891
668
3144
4232
3413
3562
3951
4425
4071
3722
3095
3604
3374
1899
869
2282
3976
2352
3313
3270
932
4119
2609
1871
371
3221
4478
589
2047
4526
3432
3
1605
1268
2520
3296
358
4906
78
3837
3675
4343
2936
4348
4671
613
1756
3992
1575
2699
4921
390
3862
1382
149
2200
4730
2170
957
3986
3946
676
1854
1475
2954
2302
4010
3247
2202
3811
960
1613
4511
4312
3852
2104
634
1245
213
4620
962
2498
2747
4550
3298
4304
2765
1485
3901
2467
1561
4543
3960
4268
3922
105
1107
1726
4832
488
238
2022
3124
618
76
2351
1770
1599
4506
2436
1786
4187
4802
3245
1764
3773
2963
4662
3400
2179
3944
794
2337
3658
2573
1175
268
3300
3012
3382
4449
4184
128
4201
3098
2057
4388
1012
82
2999
2038
1203
737
890
2260
4229
4333
4936
1322
1090
4683
115
3603
987
1
4464
4864
3483
3970
1036
4735
1025
2425
4652
4758
1925
3618
1540
4070
4638
3689
351
4559
1952
2421
3644
353
3089
1677
2828
1496
39
4746
3373
939
3990
3080
2917
2439
4658
3244
2500
3819
323
2673
3786
2099
522
4274
189
49
95
4421
1138
4157
1075
837
2574
2020
2989
1542
955
3861
199
231
2013
4916
4775
4903
1163
3459
866
1916
3276
1521
4810
4428
4754
3860
1165
4727
4457
2666
2414
4777
190
2842
180
1951
1563
2805
4573
764
4625
724
1182
136
4148
3370
3796
1008
5
1241
2248
2649
247
2160
1477
2336
3368
4779
4338
769
826
4603
2058
3460
3007
924
3830
3497
1457
3828
4262
524
717
2804
1041
3641
727
2408
1528
696
2100
1274
2601
4663
1842
2386
2745
1907
3058
1863
1908
1227
4417
3114
643
4557
1759
3210
2102
3545
121
1644
4648
1753
2321
4067
833
2294
3726
2756
3739
4951
2504
4147
4851
1048
845
139
2165
3431
3364
1133
1826
4249
1926
4111
3866
363
372
533
4385
2897
4982
2446
2810
2918
67
4197
4912
4956
2328
4317
2416
1333
2182
1814
2659
1833
360
1022
2938
2486
2017
4610
3627
276
4821
2406
1716
4517
393
2112
1215
4029
3343
4081
2991
4418
4548
19
1825
2569
741
4934
1999
2050
284
632
1376
4470
832
3952
844
1931
4324
70
2487
3947
2238
1372
3729
3394
4820
4985
3573
3522
4665
370
2799
1591
1293
2162
1329
212
453
3680
2919
156
2734
1240
2497
2661
576
2967
1986
2923
3203
1583
2623
2293
2508
4768
4633
3777
1723
1304
4130
931
1584
3308
461
127
3551
1821
2004
4337
735
745
1787
3665
1611
1242
2390
3608
396
1782
3474
1725
3188
166
2243
2469
4653
450
304
3885
3981
951
1758
2310
264
3924
4780
1704
2982
2076
4089
2652
976
2281
3929
716
1905
4420
916
2998
2062
1606
3177
2121
2716
615
4507
3316
3055
2341
3563
4530
4769
732
1812
627
2784
1626
2434
4734
2512
2079
1632
1155
2297
4904
3659
4231
3272
1465
1445
3610
4607
3565
116
3232
494
3443
4084
3229
2790
3209
2136
3110
1284
4828
57
4639
168
2597
2708
2653
3046
4026
4857
303
4228
4562
1371
4480
1101
2201
3379
1985
4024
920
408
2122
1692
829
1553
2309
3863
3534
2209
3453
3211
3208
1184
1449
4380
905
3150
2696
2438
3836
1092
1481
71
3785
3142
3488
814
804
2119
3123
4794
4523
3868
1269
1099
4575
4140
3945
2961
1718
3613
4592
3826
1997
2272
26
2224
322
2117
1602
4253
638
3176
612
1185
3541
3302
3838
958
1206
1896
4647
2985
3564
3181
4454
3420
2795
1348
3847
477
1189
4877
1608
1029
1437
2011
3685
4688
4037
971
4059
1262
2404
3693
4707
1581
3025
3225
730
60
4969
1342
1909
4958
3378
4966
4461
4334
4513
641
1168
1687
2856
1105
1082
1411
570
3770
3505
777
2706
342
4807
2529
1802
2199
1458
4212
942
3412
2492
3193
222
3632
1154
2296
3216
1636
1988
4293
2242
3424
938
4695
3094
657
2988
4310
2822
4624
925
2040
2723
4152
4292
768
4264
1332
4566
3501
1964
444
774
1971
151
3762
3590
863
40
4336
2338
1352
1161
2228
3178
4833
2974
3576
850
3363
2584
4503
4586
2694
1960
4173
2739
2349
3070
1824
1186
4721
2128
4
3715
2496
4594
2580
3091
305
640
2327
888
1076
525
263
1858
1387
2992
2432
3917
1516
3719
966
1354
3116
1512
1148
4977
654
2676
820
3251
1286
2671
3128
2440
4165
1081
2510
4444
1501
2815
3398
3109
4728
4591
3854
1518
2295
3902
2456
3303
1225
1386
460
3476
1201
4105
418
1447
293
1772
3921
1900
1476
1888
2721
1914
1063
3813
3361
4900
743
1096
3812
2019
397
1344
290
2477
986
4108
1665
233
3386
3108
4347
984
3879
1710
451
1193
4104
4970
2211
2793
4361
3201
1751
3299
364
1272
4294
64
43
31
965
648
3087
34
1294
4192
2460
4961
514
4504
1244
2029
1531
690
621
868
1334
1853
2736
165
2524
504
3240
218
611
1544
675
4234
1640
252
4500
3170
1580
2780
4258
4745
3387
547
1235
4914
459
355
3149
4831
880
1601
2602
2181
2556
720
205
516
2971
4459
738
133
3056
1995
1232
3024
2384
2237
4539
2021
3519
3344
2892
1676
4330
482
599
2283
2528
1415
2680
3162
4193
1870
520
153
4064
4352
2002
297
2877
3780
4408
2576
4862
3427
666
4656
1648
4085
2943
1530
687
3063
884
4019
3892
4318
4256
3479
131
583
726
3034
1459
2240
4680
3643
4844
1079
3457
4031
177
3404
3068
545
1807
86
883
3882
748
255
184
3712
723
1174
2124
2657
3774
287
1273
1912
855
4605
4964
1223
796
1039
144
301
1337
674
1188
3718
2120
496
3187
577
502
3660
595
126
3614
3993
2324
3933
1388
1006
4401
2049
406
1340
439
476
2996
197
1513
210
4563
3490
4756
2053
1649
3271
2854
3082
1047
2256
4691
2155
1734
3307
2326
2751
4468
1754
2354
507
1358
1313
1362
699
2697
2490
493
4126
437
3889
356
1703
316
1849
1800
2844
4515
2494
1396
148
1088
4499
3558
4604
4583
2005
1460
266
4018
1421
4485
635
1210
3311
2679
172
3484
2405
840
739
4555
1818
3857
1556
1471
2945
428
3328
1123
2952
3953
1002
3043
2768
3151
1536
1219
4869
3277
4163
2634
872
2711
3052
98
3743
108
1539
2777
426
4752
3971
2171
313
2959
1057
4146
3472
4290
456
174
4678
2879
1427
4984
4142
2173
946
4435
2143
3119
4672
870
1406
96
2481
4205
4063
2400
4767
4407
3999
851
2180
1789
604
4355
3223
4896
4505
1680
2299
203
3681
4471
3003
989
3430
3656
2852
3737
2298
2685
712
4150
3804
274
684
4082
4378
1413
4809
3957
4888
614
3638
4397
2070
3699
1323
1892
2782
4244
2866
2566
4491
1289
1319
2025
3495
711
3871
2935
4760
3491
300
974
4597
4560
1140
335
1582
361
841
4677
1873
881
1292
2599
1451
4079
4281
2322
4561
3195
152
3772
3849
4960
3446
1757
214
4143
3653
1098
402
1866
4742
1412
1488
1369
2033
858
2315
1442
4373
2054
1263
3360
3755
4986
2752
3015
3242
1607
1364
2760
1137
72
3928
256
3249
2715
4048
1030
4139
143
3920
29
3580
4521
4088
2135
2925
1383
849
48
1857
329
296
4183
4800
2376
1604
3771
3966
2586
12
1944
3956
2329
4881
3968
3967
2579
3342
590
3264
288
243
4724
4765
3985
2838
3351
3152
803
3288
1190
3086
2066
2770
2009
3044
2106
2411
331
2831
553
802
4036
2230
2674
1735
2577
2814
3509
2561
2647
407
2707
3877
470
1306
3215
4282
2161
4957
4801
1393
1113
3808
892
469
3754
2798
4852
2513
2506
4463
3895
1248
915
4400
2000
3701
4106
4021
2651
2964
672
3982
1361
1839
1230
207
4298
106
3616
1844
2087
776
693
4596
3163
754
3444
1922
2644
1897
1176
171
2279
2995
3853
981
4715
4094
1587
2190
2232
1972
1712
2189
2397
3727
1732
1805
1558
4619
2024
2865
3525
4796
399
330
137
9
2797
4971
77
656
250
4636
464
760
3113
4364
2730
3742
1258
4989
1013
581
3036
4419
2857
1650
46
1695
4567
487
947
4030
4481
216
4389
2233
1395
3060
3498
1254
4433
4488
697
3788
3334
4171
1166
381
4218
1546
728
1504
4250
1685
4798
4305
3385
1653
1877
3190
3255
2931
907
2720
4978
686
4700
617
1416
3751
1062
4572
3550
3916
4990
4121
2916
1380
2773
2557
3535
2163
1869
1541
3164
467
4240
4450
448
1463
1055
1701
434
919
4988
4771
3305
2167
1658
2983
4841
2252
2098
2075
1828
620
4909
4210
4117
2396
4116
2789
410
4885
2942
2588
1144
1596
420
4762
1801
2475
4880
377
4384
2947
996
3204
2951
4579
4393
4182
2672
1497
1533
3172
497
582
4395
759
3886
4405
4341
3482
2246
3489
608
505
2592
1250
2997
1696
4941
4676
4527
4058
4198
4241
585
1702
771
4362
63
389
2813
4795
3390
2391
344
465
1431
1675
3230
100
4871
1050
280
2709
3130
3266
2975
200
4599
1402
1748
4458
4774
4882
4169
338
3006
2698
4090
3246
4286
4386
636
1318
472
1559
3526
775
3714
4709
4643
2223
3758
3547
4238
3365
4923
2787
3397
3814
1744
2615
2692
413
1407
1882
2153
3757
2878
3456
3196
4496
3297
1462
2823
3710
3625
4379
4279
3914
2206
3825
352
3556
2875
1697
3629
4016
2788
1016
4291
2608
2537
3222
4096
1699
3136
3159
1566
4486
3441
1769
1179
1622
2483
4606
1928
528
3156
2473
2853
2763
758
2210
447
4307
548
3932
3219
2575
709
61
4640
3062
2412
594
2846
631
384
4994
3301
4209
3787
1509
1983
1974
1408
702
3500
3304
3096
294
2138
1103
4641
3654
3217
4100
2817
3560
3481
2305
4065
708
4835
2849
4786
2519
4032
4813
3314
2048
498
529
2023
3194
2131
2150
3703
530
2012
3897
1630
4426
3117
3383
3009
3779
1629
2462
2159
3873
997
3131
4711
1487
1162
3341
4816
1251
703
186
1519
2702
1982
3799
4180
3891
2289
1634
3157
2850
1271
114
2316
1808
317
4686
6
97
1202
3019
1992
3906
3139
2244
4267
4442
4295
2083
2558
2044
4924
806
1464
4460
3846
4168
15
2560
1420
2622
2753
4181
757
1666
2198
542
3256
3958
670
1700
3081
285
3218
4136
2342
4288
1238
3028
1514
2221
1884
2654
1694
2014
4667
1638
3918
340
2807
1938
767
1120
3569
2215
3893
669
1317
2827
1691
1023
2955
2137
2366
1060
277
4650
4666
1305
4175
1847
3597
3516
1195
2374
2984
2448
4432
3601
3224
4817
798
3538
713
4749
4674
1035
929
195
320
4367
2277
3572
2675
4920
2809
1455
2976
1792
4129
3856
4675
93
155
1554
3294
3672
2413
3553
4017
2867
936
3031
2531
4206
1572
3764
42
2452
2092
513
1366
2899
309
1095
1637
628
4473
3717
523
221
4933
3588
1633
1146
4251
859
2949
961
680
2032
4087
4692
4876
3543
3160
2156
2889
1836
2578
4439
2686
1446
3454
2454
485
3335
1829
1296
4972
885
230
2836
2193
3520
2743
3802
3807
3881
2461
3438
4899
2643
886
4215
3369
1655
3384
2130
2562
3567
508
2395
2758
217
4939
2187
424
1954
419
2536
877
3179
1111
4114
1548
574
2300
158
3073
4913
3346
983
1550
1953
4803
733
33
471
1562
3845
3858
3258
3010
4792
3439
1729
3506
3559
3416
1134
4538
653
3670
4437
2257
2491
3964
4845
587
354
4272
4781
3254
3943
1480
1950
575
257
1555
744
3011
279
1917
1586
1795
3421
392
742
1978
2239
2957
2194
391
1275
421
2738
3827
795
2360
1576
20
295
2632
3287
3451
2847
2587
3983
778
1252
4242
2670
1517
3887
1365
3146
3233
3340
1454
4925
1436
1209
2493
84
721
4008
2415
2125
1493
949
2254
4273
235
3925
4793
1511
1027
4668
1878
1767
4427
4804
956
827
1671
856
2613
3619
2399
2570
4350
4547
842
3919
416
898
483
4402
4661
4285
3289
1745
1535
1301
3536
54
3362
369
3678
307
1253
2134
2541
4712
1930
1674
1024
194
101
3651
968
1768
1115
1456
2779
3138
2530
73
1619
534
985
3280
3775
4694
512
3606
4060
1816
1213
4689
1020
1841
1070
1902
1975
1000
3350
2144
4430
3820
2431
4158
2593
546
2600
1534
1192
3129
4492
2227
1093
2418
3023
1647
2733
3111
4044
1052
3634
2353
2701
3592
3829
2641
4213
1100
91
2039
3996
4585
4690
3650
3143
226
3546
3205
1657
540
440
1327
2082
3548
3961
4007
1498
4415
4434
3440
1977
1217
658
1957
677
2903
580
633
4247
1911
2363
4602
4179
1924
3539
4107
3186
1738
3765
1328
4943
4937
4875
1733
1505
4818
2028
682
1255
1423
1486
3988
1990
1401
1968
3367
4827
1440
719
2043
2387
4269
2544
2088
1660
1448
1150
2932
2628
4047
3954
1367
3475
3393
4805
2449
14
4216
3166
2437
1259
4693
736
3021
4465
3950
3236
731
17
2034
2915
940
3876
2479
3763
4830
349
1600
3855
1071
913
927
2339
889
1017
921
2197
3418
685
2148
4719
2441
521
2225
2928
4725
3723
2361
1946
4013
4974
4783
4631
2065
2769
4278
4313
603
4042
4069
4842
817
3907
600
755
3510
1353
107
4353
3167
3184
1547
3570
4635
2913
3452
665
325
4759
2778
3869
3531
3054
2410
3399
161
1083
1392
565
899
2607
2757
2250
2177
1121
1417
24
1713
2543
4445
2031
3529
4826
3994
2126
3721
3623
2665
963
4020
4883
2204
4894
3101
4477
2617
3253
3000
662
3595
4446
2965
3645
2816
4110
2620
1397
4822
864
2726
1128
3259
3001
4935
3040
4519
1889
2093
4532
2154
1569
2559
948
1409
876
4508
1474
3620
3704
988
4297
3537
4138
2081
4614
2972
1933
409
275
202
4489
3975
3937
2772
2423
4189
3274
1491
4027
4932
4942
4280
1132
3833
1110
2590
515
3805
1895
2633
473
1003
2072
1752
4819
572
1129
4815
1524
860
4997
2806
980
4276
2712
2742
2700
4077
167
875
386
273
3626
2886
2926
132
3962
2355
2874
2619
4729
3617
4584
327
22
3894
4154
52
1316
1053
4124
2347
2427
400
3752
1709
3824
3391
4549
2008
1722
1643
4926
3212
3640
208
1302
4533
1568
2052
1444
4038
2786
3817
789
2288
1066
3568
4050
1780
4056
4522
2581
436
4260
2929
2419
943
4204
1218
3077
3168
2514
1597
4327
2078
954
2426
1573
3528
4773
1211
81
1508
1532
4221
4660
175
328
298
3518
159
1015
626
4887
2563
1068
1577
1851
1469
1588
2542
695
3832
2149
2614
4834
3008
1603
1114
1019
3874
588
3741
2429
4416
1468
1400
4194
3612
4616
4494
3257
2845
3169
4188
1135
1903
3851
1979
831
2864
3053
4917
3192
4948
3237
4028
3269
4261
4682
1663
2741
160
781
382
387
224
3407
543
3238
2381
4612
2290
2271
4967
3103
591
3998
1428
4644
3315
3199
1817
1830
2424
2891
4975
2142
598
3740
4222
1341
4685
4289
2835
3578
1198
4868
4849
4541
94
1737
637
2268
2885
1191
2872
836
246
2373
4618
1102
1345
3511
326
1270
89
314
3822
10
1452
4329
1403
4025
1565
3200
2681
671
1838
2089
1832
2284
74
3594
2888
2152
2880
4062
3544
1443
4266
3540
130
4945
373
950
4704
4536
2132
1940
2605
3165
103
4200
1077
2781
2287
2796
2645
427
4824
499
4083
4766
1118
4757
3600
457
1984
18
1616
4466
1616
18
1984
457
3600
4757
1118
4766
4083
499
4824
427
2645
2796
2287
2781
1077
4200
103
3165
2605
1940
2132
4536
4704
950
373
4945
130
3540
4266
1443
3544
4062
2880
2152
2888
3594
74
2284
1832
2089
1838
671
2681
3200
1565
4025
1403
4329
1452
10
3822
314
89
1270
326
3511
1345
1102
4618
2373
246
836
2872
1191
2885
2268
637
1737
94
4541
4849
4868
1198
3578
2835
4289
4685
1341
4222
3740
598
2142
4975
2891
2424
1830
1817
3199
3315
4644
1428
3998
591
3103
4967
2271
2290
4612
2381
3238
543
3407
224
387
382
781
160
2741
1663
4682
4261
3269
4028
3237
4948
3192
4917
3053
2864
831
1979
3851
1903
1135
4188
3169
2845
3257
4494
4616
3612
4194
1400
1468
4416
2429
3741
588
3874
1019
1114
1603
3008
4834
2614
2149
3832
695
2542
1588
1469
1851
1577
1068
2563
4887
626
1015
159
3518
298
328
175
4660
4221
1532
1508
81
1211
4773
3528
1573
2426
954
2078
4327
1597
2514
3168
3077
1218
4204
943
2419
2929
4260
436
2581
4522
4056
1780
4050
3568
1066
2288
789
3817
2786
4038
1444
2052
1568
4533
1302
208
3640
3212
4926
1643
1722
2008
4549
3391
3824
1709
3752
400
2427
2347
4124
1053
1316
52
4154
3894
22
327
4584
3617
4729
2619
2874
2355
3962
132
2926
2886
3626
273
386
875
167
4077
2700
2742
2712
4276
980
2806
4997
860
1524
4815
1129
572
4819
1752
2072
1003
473
2633
1895
3805
515
2590
1110
3833
1132
4280
4942
4932
4027
1491
3274
4189
2423
2772
3937
3975
4489
202
275
409
1933
2972
4614
2081
4138
3537
4297
988
3704
3620
1474
4508
876
1409
948
2559
1569
2154
4532
2093
1889
4519
3040
4935
3001
3259
1128
2726
864
4822
1397
2620
4110
2816
3645
2965
4446
3595
662
3000
3253
2617
4477
3101
4894
2204
4883
4020
963
2665
3623
3721
2126
3994
4826
3529
2031
4445
2543
1713
24
1417
1121
2177
2250
2757
2607
899
565
1392
1083
161
3399
2410
3054
3531
3869
2778
4759
325
665
3452
2913
4635
3570
1547
3184
3167
4353
107
1353
3510
755
600
3907
817
4842
4069
4042
603
4313
4278
2769
2065
4631
4783
4974
4013
1946
2361
3723
4725
2928
2225
521
2441
4719
2148
685
3418
2197
921
1017
889
2339
927
913
1071
3855
1600
349
4830
3763
2479
3876
940
2915
2034
17
731
3236
3950
4465
3021
736
4693
1259
2437
3166
4216
14
2449
4805
3393
3475
1367
3954
4047
2628
2932
1150
1448
1660
2088
2544
4269
2387
2043
719
1440
4827
3367
1968
1401
1990
3988
1486
1423
1255
682
2028
4818
1505
1733
4875
4937
4943
1328
3765
1738
3186
4107
3539
1924
4179
4602
2363
1911
4247
633
580
2903
677
1957
658
1217
1977
3440
4434
4415
1498
4007
3961
3548
2082
1327
440
540
1657
3205
3546
226
3143
3650
4690
4585
3996
2039
91
1100
4213
2641
3829
3592
2701
2353
3634
1052
4044
3111
2733
1647
3023
2418
1093
2227
4492
3129
1192
1534
2600
546
2593
4158
2431
3820
4430
2144
3350
1000
1975
1902
1070
1841
1020
4689
1213
1816
4060
3606
512
4694
3775
3280
985
534
1619
73
2530
3138
2779
1456
1115
1768
968
3651
101
194
1024
1674
1930
4712
2541
2134
1253
307
3678
369
3362
54
3536
1301
1535
1745
3289
4285
4661
4402
483
898
416
3919
842
4547
4350
2570
2399
3619
2613
856
1671
827
956
4804
4427
1767
1878
4668
1027
1511
4793
3925
235
4273
2254
949
1493
2125
2415
4008
721
84
2493
1209
1436
4925
1454
3340
3233
3146
1365
3887
1517
2670
4242
1252
778
3983
2587
2847
3451
3287
2632
295
20
1576
2360
795
3827
2738
421
1275
391
2194
2957
2239
1978
742
392
3421
1795
1586
1917
279
3011
744
1555
257
575
1950
1480
3943
3254
4781
4272
354
587
4845
3964
2491
2257
4437
3670
653
4538
1134
3416
3559
3506
1729
3439
4792
3010
3258
3858
3845
1562
471
33
733
4803
1953
1550
983
3346
4913
3073
158
2300
574
1548
4114
1111
3179
877
2536
419
1954
424
2187
4939
217
2758
2395
508
3567
2562
2130
3384
1655
3369
4215
886
2643
4899
3438
2461
3881
3807
3802
2743
3520
2193
2836
230
885
4972
1296
1829
3335
485
2454
3454
1446
2686
4439
2578
1836
2889
2156
3160
3543
4876
4692
4087
2032
680
961
2949
859
4251
1146
1633
3588
4933
221
523
3717
4473
628
1637
1095
309
2899
1366
513
2092
2452
42
3764
1572
4206
2531
3031
936
2867
4017
3553
2413
3672
3294
1554
155
93
4675
3856
4129
1792
2976
1455
2809
4920
2675
3572
2277
4367
320
195
929
1035
4674
4749
713
3538
798
4817
3224
3601
4432
2448
2984
2374
1195
3516
3597
1847
4175
1305
4666
4650
277
1060
2366
2137
2955
1023
1691
2827
1317
669
3893
2215
3569
1120
767
1938
2807
340
3918
1638
4667
2014
1694
2654
1884
2221
1514
3028
1238
4288
2342
4136
3218
285
3081
1700
670
3958
3256
542
2198
1666
757
4181
2753
2622
1420
2560
15
4168
3846
4460
1464
806
4924
2044
2558
2083
4295
4442
4267
2244
3139
3906
1992
3019
1202
97
6
4686
317
1808
2316
114
1271
2850
3157
1634
2289
3891
4180
3799
1982
2702
1519
186
703
1251
4816
3341
1162
1487
4711
3131
997
3873
2159
2462
1629
3779
3009
3383
3117
4426
1630
3897
2012
530
3703
2150
2131
3194
2023
529
498
2048
3314
4813
4032
2519
4786
2849
4835
708
4065
2305
3481
3560
2817
4100
3217
3654
4641
1103
2138
294
3096
3304
3500
702
1408
1974
1983
1509
3787
4209
3301
4994
384
631
2846
594
2412
3062
4640
61
709
2575
3219
3932
548
4307
447
2210
758
2763
2853
2473
3156
528
1928
4606
2483
1622
1179
1769
3441
4486
1566
3159
3136
1699
4096
3222
2537
2608
4291
1016
2788
4016
3629
1697
2875
3556
352
3825
2206
3914
4279
4379
3625
3710
2823
1462
3297
4496
3196
3456
2878
3757
2153
1882
1407
413
2692
2615
1744
3814
3397
2787
4923
3365
4238
3547
3758
2223
4643
4709
3714
775
3526
1559
472
1318
636
4386
4286
3246
4090
2698
3006
338
4169
4882
4774
4458
1748
1402
4599
200
2975
3266
3130
2709
280
1050
4871
100
3230
1675
1431
465
344
2391
3390
4795
2813
389
63
4362
771
1702
585
4241
4198
4058
4527
4676
4941
1696
2997
1250
2592
505
608
3489
2246
3482
4341
4405
3886
759
4395
582
497
3172
1533
1497
2672
4182
4393
4579
2951
3204
996
2947
4384
377
4880
2475
1801
4762
420
1596
1144
2588
2942
4885
410
2789
4116
2396
4117
4210
4909
620
1828
2075
2098
2252
4841
2983
1658
2167
3305
4771
4988
919
434
1701
1055
1463
448
4450
4240
467
3164
1541
1869
2163
3535
2557
2773
1380
2916
4121
4990
3916
3550
4572
1062
3751
1416
617
4700
686
4978
2720
907
2931
3255
3190
1877
1653
3385
4305
4798
1685
4250
1504
728
1546
4218
381
1166
4171
3334
3788
697
4488
4433
1254
3498
3060
1395
2233
4389
216
4481
4030
947
487
4567
1695
46
1650
2857
4419
3036
581
1013
4989
1258
3742
2730
4364
3113
760
464
4636
250
656
77
4971
2797
9
137
330
399
4796
3525
2865
2024
4619
1558
1805
1732
3727
2397
2189
1712
1972
2232
2190
1587
4094
4715
981
3853
2995
2279
171
1176
1897
2644
1922
3444
754
3163
4596
693
776
2087
1844
3616
106
4298
207
1230
1839
1361
3982
672
2964
2651
4021
4106
3701
2000
4400
915
1248
3895
4463
2506
2513
4852
2798
3754
469
892
3808
1113
1393
4801
4957
2161
4282
3215
1306
470
3877
2707
407
2647
2561
3509
2814
2577
1735
2674
2230
4036
802
553
2831
331
2411
2106
3044
2009
2770
2066
3086
1190
3288
803
3152
3351
2838
3985
4765
4724
243
288
3264
590
3342
2579
3967
3968
4881
2329
3956
1944
12
2586
3966
3771
1604
2376
4800
4183
296
329
1857
48
849
1383
2925
2135
4088
4521
3580
29
3920
143
4139
1030
4048
2715
3249
256
3928
72
1137
2760
1364
1607
3242
3015
2752
4986
3755
3360
1263
2054
4373
1442
2315
858
2033
1369
1488
1412
4742
1866
402
1098
3653
4143
214
1757
3446
4960
3849
3772
152
3195
4561
2322
4281
4079
1451
2599
1292
881
1873
4677
841
361
1582
335
1140
4560
4597
974
300
3491
4760
2935
3871
711
3495
2025
1319
1289
4491
2566
2866
4244
2782
1892
1323
3699
2070
4397
3638
614
4888
3957
4809
1413
4378
4082
684
274
3804
4150
712
2685
2298
3737
2852
3656
3430
989
3003
4471
3681
203
2299
1680
4505
4896
3223
4355
604
1789
2180
851
3999
4407
4767
2400
4063
4205
2481
96
1406
870
4672
3119
2143
4435
946
2173
4142
4984
1427
2879
4678
174
456
4290
3472
4146
1057
2959
313
2171
3971
4752
426
2777
1539
108
3743
98
3052
2711
872
2634
4163
3277
4869
1219
1536
3151
2768
3043
1002
3953
2952
1123
3328
428
2945
1471
1556
3857
1818
4555
739
840
2405
3484
172
2679
3311
1210
635
4485
1421
4018
266
1460
2005
4583
4604
3558
4499
1088
148
1396
2494
4515
2844
1800
1849
316
1703
356
3889
437
4126
493
2490
2697
699
1362
1313
1358
507
2354
1754
4468
2751
2326
3307
1734
2155
4691
2256
1047
3082
2854
3271
1649
2053
4756
3490
4563
210
1513
197
2996
476
439
1340
406
2049
4401
1006
1388
3933
2324
3993
3614
126
595
3660
502
577
3187
496
2120
3718
1188
674
1337
301
144
1039
796
1223
4964
4605
855
1912
1273
287
3774
2657
2124
1174
723
3712
184
255
748
3882
883
86
1807
545
3068
3404
177
4031
3457
1079
4844
3643
4680
2240
1459
3034
726
583
131
3479
4256
4318
3892
4019
884
3063
687
1530
2943
4085
1648
4656
666
3427
4862
2576
4408
3780
2877
297
2002
4352
4064
153
520
1870
4193
3162
2680
1415
2528
2283
599
482
4330
1676
2892
3344
3519
2021
4539
2237
2384
3024
1232
1995
3056
133
738
4459
2971
516
205
720
2556
2181
2602
1601
880
4831
3149
355
459
4914
1235
547
3387
4745
4258
2780
1580
3170
4500
252
1640
4234
675
1544
611
218
3240
504
2524
165
2736
1853
1334
868
621
690
1531
2029
1244
4504
514
4961
2460
4192
1294
34
3087
648
965
31
43
64
4294
1272
364
3299
1751
3201
4361
2793
2211
4970
4104
1193
451
1710
3879
984
4347
3108
3386
233
1665
4108
986
2477
290
1344
397
2019
3812
1096
743
4900
3361
3813
1063
1914
2721
1888
1476
1900
3921
1772
293
1447
418
4105
1201
3476
460
1386
1225
3303
2456
3902
2295
1518
3854
4591
4728
3109
3398
2815
1501
4444
2510
1081
4165
2440
3128
2671
1286
3251
820
2676
654
4977
1148
1512
3116
1354
966
3719
1516
3917
2432
2992
1387
1858
263
525
1076
888
2327
640
305
3091
2580
4594
2496
3715
4
2128
4721
1186
1824
3070
2349
2739
4173
1960
2694
4586
4503
2584
3363
850
3576
2974
4833
3178
2228
1161
1352
2338
4336
40
863
3590
3762
151
1971
774
444
1964
3501
4566
1332
4264
768
4292
4152
2723
2040
925
4624
2822
4310
2988
657
3094
4695
938
3424
2242
4293
1988
1636
3216
2296
1154
3632
222
3193
2492
3412
942
4212
1458
2199
1802
2529
4807
342
2706
777
3505
3770
570
1411
1082
1105
2856
1687
1168
641
4513
4334
4461
4966
3378
4958
1909
1342
4969
60
730
3225
3025
1581
4707
3693
2404
1262
4059
971
4037
4688
3685
2011
1437
1029
1608
4877
1189
477
3847
1348
2795
3420
4454
3181
3564
2985
4647
1896
1206
958
3838
3302
3541
1185
612
3176
638
4253
1602
2117
322
2224
26
2272
1997
3826
4592
3613
1718
2961
3945
4140
4575
1099
1269
3868
4523
4794
3123
2119
804
814
3488
3142
3785
71
1481
1092
3836
2438
2696
3150
905
4380
1449
1184
3208
3211
3453
2209
3534
3863
2309
1553
829
1692
2122
408
920
4024
1985
3379
2201
1101
4480
1371
4562
4228
303
4857
4026
3046
2653
2708
2597
168
4639
57
4828
1284
3110
2136
3209
2790
3229
4084
3443
494
3232
116
3565
4607
3610
1445
1465
3272
4231
3659
4904
2297
1155
1632
2079
2512
4734
2434
1626
2784
627
1812
732
4769
4530
3563
2341
3055
3316
4507
615
2716
2121
3177
1606
2062
2998
916
4420
1905
716
3929
2281
976
2652
4089
2076
2982
1704
4780
3924
264
2310
1758
951
3981
3885
304
450
4653
2469
2243
166
3188
1725
3474
1782
396
3608
2390
1242
1611
3665
1787
745
735
4337
2004
1821
3551
127
461
3308
1584
931
4130
1304
1723
3777
4633
4768
2508
2293
2623
1583
3203
2923
1986
2967
576
2661
2497
1240
2734
156
2919
3680
453
212
1329
2162
1293
1591
2799
370
4665
3522
3573
4985
4820
3394
3729
1372
2238
3947
2487
70
4324
1931
844
3952
832
4470
1376
632
284
2050
1999
4934
741
2569
1825
19
4548
4418
2991
4081
3343
4029
1215
2112
393
4517
1716
2406
4821
276
3627
4610
2017
2486
2938
1022
360
1833
2659
1814
2182
1333
2416
4317
2328
4956
4912
4197
67
2918
2810
2446
4982
2897
4385
533
372
363
3866
4111
1926
4249
1826
1133
3364
3431
2165
139
845
1048
4851
4147
2504
4951
3739
2756
3726
2294
833
4067
2321
1753
4648
1644
121
3545
2102
3210
1759
4557
643
3114
4417
1227
1908
1863
3058
1907
2745
2386
1842
4663
2601
1274
2100
696
1528
2408
727
3641
1041
2804
717
524
4262
3828
1457
3497
3830
924
3007
3460
2058
4603
826
769
4338
4779
3368
2336
1477
2160
247
2649
2248
1241
5
1008
3796
3370
4148
136
1182
724
4625
764
4573
2805
1563
1951
180
2842
190
4777
2414
2666
4457
4727
1165
3860
4754
4428
4810
1521
3276
1916
866
3459
1163
4903
4775
4916
2013
231
199
3861
955
1542
2989
2020
2574
837
1075
4157
1138
4421
95
49
189
4274
522
2099
3786
2673
323
3819
2500
3244
4658
2439
2917
3080
3990
939
3373
4746
39
1496
2828
1677
3089
353
3644
2421
1952
4559
351
3689
4638
4070
1540
3618
1925
4758
4652
2425
1025
4735
1036
3970
3483
4864
4464
1
5000
