1
4964
2468
1120
2073
1142
757
1807
2282
1677
2343
2408
3648
1950
394
1261
870
373
3920
3751
4588
3994
1174
1292
4750
4076
617
2633
2508
3266
4695
1787
791
2587
166
3686
2230
1506
964
1055
3566
2324
97
1536
2928
1278
3877
1312
170
2688
4717
1347
2422
1400
2569
472
2364
2423
1854
377
1845
285
3898
2263
403
3946
474
2675
822
2645
165
3033
267
670
1679
131
303
1330
2620
4827
3821
282
4649
2786
2848
1941
2330
3764
1782
4276
1453
2845
607
2183
2836
4656
4742
4718
3428
2772
2898
4569
3449
3704
3420
2641
1348
162
4145
767
4563
416
1629
2478
4031
1364
75
2555
4199
1927
362
1499
1033
3783
4119
127
410
2464
301
556
1394
308
3966
4096
4498
84
4478
1765
752
1315
4875
3073
2031
3460
4673
1147
2216
350
2064
1729
942
795
891
2099
161
3000
1339
1391
1414
2439
4112
2623
3678
2042
2932
4965
4250
4965
2932
2042
3678
2623
4112
2439
1414
1391
1339
3000
161
2099
891
795
942
1729
2064
350
2216
1147
4673
3460
2031
3073
4875
1315
752
1765
4478
84
4498
4096
3966
308
1394
556
301
2464
410
127
4119
3783
1033
1499
362
1927
4199
2555
75
1364
4031
2478
1629
416
4563
767
4145
162
1348
2641
3420
3704
3449
4569
2898
2772
3428
4718
4742
4656
2836
2183
607
2845
1453
4276
1782
3764
2330
1941
2848
2786
4649
282
3821
4827
2620
1330
303
131
1679
670
267
3033
165
2645
822
2675
474
3946
403
2263
3898
285
1845
377
1854
2423
2364
472
2569
1400
2422
1347
4717
2688
170
1312
3877
1278
2928
1536
97
2324
3566
1055
964
1506
2230
3686
166
2587
791
1787
4695
3266
2508
2633
617
4076
4750
1292
1174
3994
4588
3751
3920
373
870
1261
394
1950
3648
2408
2343
1677
2282
1807
757
1142
2073
1120
2468
4964
1
4589
962
3982
3176
3592
2251
2003
1753
3773
1641
4687
2715
209
1190
3663
1319
294
356
389
597
532
566
4176
512
901
3507
3849
1259
3658
3720
2936
2642
4599
3267
4434
3164
4591
1656
2754
3508
3452
2977
2486
4791
1910
4676
2386
4078
1150
87
4134
3733
4874
3362
1508
2104
4252
3059
3209
3247
2137
3618
3983
3557
43
4880
3928
420
354
1481
4698
3125
3517
3175
2532
2901
159
3838
4271
736
3204
4060
1707
1981
709
450
4693
299
1837
2091
2175
1272
2507
1573
2580
1698
126
935
1111
801
4344
3415
745
3873
4953
193
1170
1263
4413
2301
3311
1676
1036
1964
4365
3054
1565
2578
3631
3055
449
612
714
64
525
3726
1560
384
852
1251
4809
1878
4173
3220
1668
4586
2482
3293
4042
3478
1797
2190
4474
4963
996
3040
309
3652
1156
4150
3041
940
4051
729
1887
656
1834
2784
4604
1513
672
3798
2085
3665
3874
169
3874
3665
2085
3798
672
1513
4604
2784
1834
656
1887
729
4051
940
3041
4150
1156
3652
309
3040
996
4963
4474
2190
1797
3478
4042
3293
2482
4586
1668
3220
4173
1878
4809
1251
852
384
1560
3726
525
64
714
612
449
3055
3631
2578
1565
3054
4365
1964
1036
1676
3311
2301
4413
1263
1170
193
4953
3873
745
3415
4344
801
1111
935
126
1698
2580
1573
2507
1272
2175
2091
1837
299
4693
450
709
1981
1707
4060
3204
736
4271
3838
159
2901
2532
3175
3517
3125
4698
1481
354
420
3928
4880
43
3557
3983
3618
2137
3247
3209
3059
4252
2104
1508
3362
4874
3733
4134
87
1150
4078
2386
4676
1910
4791
2486
2977
3452
3508
2754
1656
4591
3164
4434
3267
4599
2642
2936
3720
3658
1259
3849
3507
901
512
4176
566
532
597
389
356
294
1319
3663
1190
209
2715
4687
1641
3773
1753
2003
2251
3592
3176
3982
962
4589
1
3188
1433
419
4342
1327
1591
1818
4255
3593
462
1112
2626
4308
212
2858
2807
917
4670
3601
1126
328
2643
4887
4645
2593
3202
201
2387
3252
483
3004
3458
4409
4709
3891
866
2232
4962
3391
3858
4484
2849
3223
3026
1687
1443
1080
2101
563
2767
2049
292
346
2811
3862
1784
475
4782
3892
3338
415
2517
3014
630
1699
1507
311
1244
3598
650
1590
1475
696
3480
1906
3162
3882
2993
1393
511
2192
2828
4943
4739
4411
2279
3312
361
2313
1283
3991
726
1314
2253
3184
1456
4922
2838
1350
2325
2801
3677
3797
1549
1923
3530
3685
3644
2264
4264
2972
4273
183
2116
4458
719
748
4241
970
164
680
3012
1442
1680
4121
177
3281
1616
1626
1585
2923
4141
1551
4299
4280
2141
3743
1357
1293
2357
1909
1694
33
2882
989
1608
4514
990
4758
2753
208
1153
1119
2782
1075
3606
2905
3015
331
4317
3615
528
4872
1448
2548
739
2548
1448
4872
528
3615
4317
331
3015
2905
3606
1075
2782
1119
1153
208
2753
4758
990
4514
1608
989
2882
33
1694
1909
2357
1293
1357
3743
2141
4280
4299
1551
4141
2923
1585
1626
1616
3281
177
4121
1680
1442
3012
680
164
970
4241
748
719
4458
2116
183
4273
2972
4264
2264
3644
3685
3530
1923
1549
3797
3677
2801
2325
1350
2838
4922
1456
3184
2253
1314
726
3991
1283
2313
361
3312
2279
4411
4739
4943
2828
2192
511
1393
2993
3882
3162
1906
3480
696
1475
1590
650
3598
1244
311
1507
1699
630
3014
2517
415
3338
3892
4782
475
1784
3862
2811
346
292
2049
2767
563
2101
1080
1443
1687
3026
3223
2849
4484
3858
3391
4962
2232
866
3891
4709
4409
3458
3004
483
3252
2387
201
3202
2593
4645
4887
2643
328
1126
3601
4670
917
2807
2858
212
4308
2626
1112
462
3593
4255
1818
1591
1327
4342
419
1433
3188
1
2320
4174
2284
1440
106
1547
1421
1485
3302
3938
915
3954
808
1061
3366
651
3043
1678
2947
2161
2303
9
2788
4825
1496
593
2210
839
3957
2151
1756
4228
4710
1022
2007
2176
3094
105
679
4918
54
3870
3543
2366
2016
3234
32
4329
1928
4522
4579
2704
3039
3839
1653
854
4634
479
3262
1298
2719
1730
856
2170
1087
1695
3109
557
1727
3564
583
4493
2051
4014
1241
4581
2367
482
1898
3939
3865
1933
542
2816
341
1301
2852
2158
61
268
574
1349
4379
2114
4546
321
3191
4503
222
3063
4095
1337
4966
4593
3701
1559
1873
4886
2751
35
899
3585
3575
3418
3117
2912
2803
3711
4821
1660
977
1441
2684
2562
567
3001
1383
4343
3433
4218
4592
211
3292
2640
811
4576
1152
585
1419
2999
4536
3576
31
1237
4978
3622
4336
155
2429
2416
260
3186
2107
4947
507
2304
1702
453
11
3306
3649
1655
640
4304
690
2935
690
4304
640
1655
3649
3306
11
453
1702
2304
507
4947
2107
3186
260
2416
2429
155
4336
3622
4978
1237
31
3576
4536
2999
1419
585
1152
4576
811
2640
3292
211
4592
4218
3433
4343
1383
3001
567
2562
2684
1441
977
1660
4821
3711
2803
2912
3117
3418
3575
3585
899
35
2751
4886
1873
1559
3701
4593
4966
1337
4095
3063
222
4503
3191
321
4546
2114
4379
1349
574
268
61
2158
2852
1301
341
2816
542
1933
3865
3939
1898
482
2367
4581
1241
4014
2051
4493
583
3564
1727
557
3109
1695
1087
2170
856
1730
2719
1298
3262
479
4634
854
1653
3839
3039
2704
4579
4522
1928
4329
32
3234
2016
2366
3543
3870
54
4918
679
105
3094
2176
2007
1022
4710
4228
1756
2151
3957
839
2210
593
1496
4825
2788
9
2303
2161
2947
1678
3043
651
3366
1061
808
3954
915
3938
3302
1485
1421
1547
106
1440
2284
4174
2320
1
3781
399
2129
1300
1291
677
1860
2180
2448
3976
1212
3521
1368
4820
1071
2806
1331
318
3860
967
730
1615
4358
2157
1167
4012
4816
1681
2966
4152
1592
893
1285
735
3384
3336
436
2842
1664
2457
968
912
1640
3847
2430
1604
3790
4619
3342
3215
1535
1815
2378
2488
3264
1997
3879
4573
4314
4182
2939
4368
2435
1511
96
3749
978
1015
2722
380
1124
278
3346
1038
402
2393
3275
1424
2118
3952
3578
3296
280
2211
1171
1866
2961
4859
1877
4972
342
237
3607
831
3212
722
4016
486
4332
2920
140
4207
4132
1736
3742
1519
790
1900
1588
1715
3814
2644
4300
3788
3721
1305
3866
2854
4571
433
3910
1082
2381
4730
3888
184
3079
4009
3413
2065
1683
1213
2213
2245
928
142
2174
1014
2306
2144
2658
1247
1081
466
3080
3776
3045
2411
4485
717
1842
2015
4790
1434
2764
3423
647
3096
4785
2973
4464
45
2549
2804
4665
949
4665
2804
2549
45
4464
2973
4785
3096
647
3423
2764
1434
4790
2015
1842
717
4485
2411
3045
3776
3080
466
1081
1247
2658
2144
2306
1014
2174
142
928
2245
2213
1213
1683
2065
3413
4009
3079
184
3888
4730
2381
1082
3910
433
4571
2854
3866
1305
3721
3788
4300
2644
3814
1715
1588
1900
790
1519
3742
1736
4132
4207
140
2920
4332
486
4016
722
3212
831
3607
237
342
4972
1877
4859
2961
1866
1171
2211
280
3296
3578
3952
2118
1424
3275
2393
402
1038
3346
278
1124
380
2722
1015
978
3749
96
1511
2435
4368
2939
4182
4314
4573
3879
1997
3264
2488
2378
1815
1535
3215
3342
4619
3790
1604
2430
3847
1640
912
968
2457
1664
2842
436
3336
3384
735
1285
893
1592
4152
2966
1681
4816
4012
1167
2157
4358
1615
730
967
3860
318
1331
2806
1071
4820
1368
3521
1212
3976
2448
2180
1860
677
1291
1300
2129
399
3781
1
1602
2495
609
1949
2926
3657
2744
3487
2998
3446
1654
2502
952
1613
3660
3620
1432
950
3008
1647
1385
1362
4528
3037
2261
398
2582
755
4653
2736
3596
4359
1861
1595
2413
2810
3323
3354
168
3666
4829
3669
427
972
2979
1144
4376
4731
716
2462
2763
639
985
4732
2088
2477
3518
3180
3719
118
4566
3257
562
93
2182
4803
4149
3407
2887
2391
3502
3931
911
319
3819
1070
4107
59
4104
3427
2093
3746
1520
2315
2883
2365
1034
3822
3504
3775
1793
79
2613
2550
266
1884
2415
3168
271
3432
1122
123
4126
81
3256
4729
2053
922
323
2491
1575
136
925
2414
2331
2776
370
1462
2377
4022
2434
207
1107
1117
1216
3182
4237
2227
2918
1922
1131
875
3174
4292
4658
248
4496
3911
2308
3958
2896
2967
3542
1486
3651
4137
2685
24
1185
3058
1215
2913
3095
2583
3756
429
49
3448
431
2214
3288
4675
1942
4316
4813
1380
4813
4316
1942
4675
3288
2214
431
3448
49
429
3756
2583
3095
2913
1215
3058
1185
24
2685
4137
3651
1486
3542
2967
2896
3958
2308
3911
4496
248
4658
4292
3174
875
1131
1922
2918
2227
4237
3182
1216
1117
1107
207
2434
4022
2377
1462
370
2776
2331
2414
925
136
1575
2491
323
922
2053
4729
3256
81
4126
123
1122
3432
271
3168
2415
1884
266
2550
2613
79
1793
3775
3504
3822
1034
2365
2883
2315
1520
3746
2093
3427
4104
59
4107
1070
3819
319
911
3931
3502
2391
2887
3407
4149
4803
2182
93
562
3257
4566
118
3719
3180
3518
2477
2088
4732
985
639
2763
2462
716
4731
4376
1144
2979
972
427
3669
4829
3666
168
3354
3323
2810
2413
1595
1861
4359
3596
2736
4653
755
2582
398
2261
3037
4528
1362
1385
1647
3008
950
1432
3620
3660
1613
952
2502
1654
3446
2998
3487
2744
3657
2926
1949
609
2495
1602
1
4570
2659
918
3978
1994
1738
2234
3633
2240
195
1252
1186
3741
3010
3211
4138
1077
3465
1851
1773
865
1488
4824
678
2242
2775
4142
955
4557
4770
823
2733
3792
550
376
1455
4412
1737
2921
7
2672
3149
2269
4385
2745
2584
3051
3471
385
1988
602
2847
109
1281
1217
4787
3062
3201
782
395
4919
3029
1798
2906
2723
249
1376
2758
4057
4838
2489
4444
2867
2487
759
1648
4654
3461
3935
2607
379
4367
3829
2154
3265
3067
1381
4421
2194
3640
2527
3837
3768
548
576
1266
1425
4027
1017
2159
2266
3077
4488
1892
3304
1378
3285
4603
2095
186
198
2082
439
3927
2790
1151
68
2162
2152
306
4805
4416
89
4216
3274
2904
3816
2573
4911
1671
3626
2222
988
4294
824
513
3818
3787
4524
3594
1420
2791
4826
4841
2666
4178
540
676
3670
2359
3224
3843
684
878
2496
1665
4851
3949
1620
4440
236
4735
1907
175
3933
3361
3933
175
1907
4735
236
4440
1620
3949
4851
1665
2496
878
684
3843
3224
2359
3670
676
540
4178
2666
4841
4826
2791
1420
3594
4524
3787
3818
513
824
4294
988
2222
3626
1671
4911
2573
3816
2904
3274
4216
89
4416
4805
306
2152
2162
68
1151
2790
3927
439
2082
198
186
2095
4603
3285
1378
3304
1892
4488
3077
2266
2159
1017
4027
1425
1266
576
548
3768
3837
2527
3640
2194
4421
1381
3067
3265
2154
3829
4367
379
2607
3935
3461
4654
1648
759
2487
2867
4444
2489
4838
4057
2758
1376
249
2723
2906
1798
3029
4919
395
782
3201
3062
4787
1217
1281
109
2847
602
1988
385
3471
3051
2584
2745
4385
2269
3149
2672
7
2921
1737
4412
1455
376
550
3792
2733
823
4770
4557
955
4142
2775
2242
678
4824
1488
865
1773
1851
3465
1077
4138
3211
3010
3741
1186
1252
195
2240
3633
2234
1738
1994
3978
918
2659
4570
1
1505
3695
2984
2996
2934
4864
1960
4771
4819
1141
4878
1328
4463
3624
1554
1546
324
659
2740
938
2010
1243
2695
3836
3761
3183
3401
3377
1999
616
145
4475
4487
3554
2150
3565
1700
3044
2300
4648
153
2639
615
4398
4039
1992
2201
4860
1370
4400
4755
2221
683
4101
3356
3308
2564
2809
3774
1956
958
536
1164
1482
235
4559
2106
701
3272
4611
4297
85
783
4393
769
2523
738
3697
3086
3101
533
465
1450
4668
2009
4707
1343
1202
2955
700
1294
1052
4383
257
2731
2752
37
4555
1803
138
265
1751
1127
4552
871
2223
4127
4936
2485
1889
4973
1625
669
1776
3098
2652
810
4277
2163
867
862
3351
1287
3630
3683
706
2888
3515
509
2519
667
2956
662
1533
3835
3470
4925
101
2498
1457
348
4968
1553
1968
4914
2540
4699
4697
496
1355
3763
3527
1195
1859
339
1645
510
1938
4309
4260
446
3491
1867
1351
900
2395
900
1351
1867
3491
446
4260
4309
1938
510
1645
339
1859
1195
3527
3763
1355
496
4697
4699
2540
4914
1968
1553
4968
348
1457
2498
101
4925
3470
3835
1533
662
2956
667
2519
509
3515
2888
706
3683
3630
1287
3351
862
867
2163
4277
810
2652
3098
1776
669
1625
4973
1889
2485
4936
4127
2223
871
4552
1127
1751
265
138
1803
4555
37
2752
2731
257
4383
1052
1294
700
2955
1202
1343
4707
2009
4668
1450
465
533
3101
3086
3697
738
2523
769
4393
783
85
4297
4611
3272
701
2106
4559
235
1482
1164
536
958
1956
3774
2809
2564
3308
3356
4101
683
2221
4755
4400
1370
4860
2201
1992
4039
4398
615
2639
153
4648
2300
3044
1700
3565
2150
3554
4487
4475
145
616
1999
3377
3401
3183
3761
3836
2695
1243
2010
938
2740
659
324
1546
1554
3624
4463
1328
4878
1141
4819
4771
1960
4864
2934
2996
2984
3695
1505
1
1706
1458
760
2781
3655
390
577
4958
3295
3106
3203
2714
4071
3948
2963
4626
216
2128
2209
1290
1564
2630
4551
3804
4646
2473
1249
1088
317
2350
664
3859
4436
1780
1761
2167
3064
3550
2696
4509
4175
3641
4283
393
688
3623
4462
2169
552
2217
3872
3520
3503
3042
3989
3047
4258
541
2039
2725
1297
1558
506
4088
1563
1093
2987
633
923
3929
3551
4847
4203
4786
2793
3925
2863
1754
2250
2856
1125
4445
2678
4950
1102
4253
4274
4663
1998
3845
1799
3025
1943
3249
1779
2334
494
4164
4245
2133
270
3509
1094
263
488
2048
3231
4580
963
2328
4321
2820
1428
63
2067
3736
4322
3785
4518
3844
1413
1146
516
2436
1838
3645
2765
2637
1352
886
2530
3207
1384
843
2743
4810
1207
4471
2566
2662
3893
1189
3156
3253
3492
3232
1667
644
1974
2400
3317
94
1031
437
1439
4667
1570
2746
4895
4429
1463
1399
1100
2747
3145
4064
3145
2747
1100
1399
1463
4429
4895
2746
1570
4667
1439
437
1031
94
3317
2400
1974
644
1667
3232
3492
3253
3156
1189
3893
2662
2566
4471
1207
4810
2743
843
1384
3207
2530
886
1352
2637
2765
3645
1838
2436
516
1146
1413
3844
4518
3785
4322
3736
2067
63
1428
2820
4321
2328
963
4580
3231
2048
488
263
1094
3509
270
2133
4245
4164
494
2334
1779
3249
1943
3025
1799
3845
1998
4663
4274
4253
1102
4950
2678
4445
1125
2856
2250
1754
2863
3925
2793
4786
4203
4847
3551
3929
923
633
2987
1093
1563
4088
506
1558
1297
2725
2039
541
4258
3047
3989
3042
3503
3520
3872
2217
552
2169
4462
3623
688
393
4283
3641
4175
4509
2696
3550
3064
2167
1761
1780
4436
3859
664
2350
317
1088
1249
2473
4646
3804
4551
2630
1564
1290
2209
2128
216
4626
2963
3948
4071
2714
3203
3106
3295
4958
577
390
3655
2781
760
1458
1706
1
2557
1201
4389
2533
4930
493
4830
4773
4269
4404
654
77
2559
3510
946
4504
1260
4921
802
4701
4792
3597
39
1649
4908
3435
2609
2363
2915
4287
4072
1265
152
2577
4190
1995
92
686
2676
4690
55
1516
4938
2513
4608
1020
1233
526
4513
4000
1317
4407
1091
404
2833
4907
3841
4386
4525
1708
2006
3571
4019
2212
1344
1085
2951
830
176
4677
4929
4125
1246
442
4109
2019
3878
1518
1628
3747
4189
2622
4606
4233
1739
2969
1775
797
960
814
13
1589
921
1253
2288
2749
2721
2098
4249
3762
3477
3104
1853
3485
1387
1028
3197
842
1389
4882
4638
598
4251
544
3546
3851
547
4069
3083
3305
4622
2948
3152
3291
1772
4652
4210
2992
4510
3216
2168
2608
1610
2953
1358
86
4534
3500
3056
2974
3760
2505
3511
15
2869
2980
2706
351
239
4129
4703
1136
1611
947
3187
3443
406
3394
1689
3280
2931
1688
910
588
2815
2929
2815
588
910
1688
2931
3280
1689
3394
406
3443
3187
947
1611
1136
4703
4129
239
351
2706
2980
2869
15
3511
2505
3760
2974
3056
3500
4534
86
1358
2953
1610
2608
2168
3216
4510
2992
4210
4652
1772
3291
3152
2948
4622
3305
3083
4069
547
3851
3546
544
4251
598
4638
4882
1389
842
3197
1028
1387
3485
1853
3104
3477
3762
4249
2098
2721
2749
2288
1253
921
1589
13
814
960
797
1775
2969
1739
4233
4606
2622
4189
3747
1628
1518
3878
2019
4109
442
1246
4125
4929
4677
176
830
2951
1085
1344
2212
4019
3571
2006
1708
4525
4386
3841
4907
2833
404
1091
4407
1317
4000
4513
526
1233
1020
4608
2513
4938
1516
55
4690
2676
686
92
1995
4190
2577
152
1265
4072
4287
2915
2363
2609
3435
4908
1649
39
3597
4792
4701
802
4921
1260
4504
946
3510
2559
77
654
4404
4269
4773
4830
493
4930
2533
4389
1201
2557
1
3243
1076
2860
2419
4415
3226
2058
3738
692
3422
2136
3404
3823
3968
3132
3668
1130
3628
1882
1552
3112
2257
3414
2063
4863
2407
114
2193
4954
243
3403
1461
3057
1063
4651
38
2886
809
712
2347
820
4539
1711
2358
2001
2382
3236
4935
4006
214
3899
2893
652
4079
221
4340
4231
4802
1092
2181
4902
1686
3737
3973
4335
41
568
4890
2610
2635
634
3541
3238
1808
3451
2989
3840
4208
1415
3889
594
1409
2145
4854
4447
1060
4686
2499
4694
3309
1179
2631
2779
1027
1340
907
2187
1970
1980
3200
1113
2396
2552
2036
3782
500
4749
3795
1930
1596
371
3650
4209
775
3584
1236
1446
2369
3395
444
1134
4871
3459
697
2686
2617
3447
4531
4704
1054
2628
1732
4855
215
484
2086
4469
4865
1181
1522
572
2033
378
3496
3634
4354
1250
549
90
254
396
3710
2853
335
3195
1494
4862
250
2857
2837
4040
364
4327
490
786
2565
786
490
4327
364
4040
2837
2857
250
4862
1494
3195
335
2853
3710
396
254
90
549
1250
4354
3634
3496
378
2033
572
1522
1181
4865
4469
2086
484
215
4855
1732
2628
1054
4704
4531
3447
2617
2686
697
3459
4871
1134
444
3395
2369
1446
1236
3584
775
4209
3650
371
1596
1930
3795
4749
500
3782
2036
2552
2396
1113
3200
1980
1970
2187
907
1340
1027
2779
2631
1179
3309
4694
2499
4686
1060
4447
4854
2145
1409
594
3889
1415
4208
3840
2989
3451
1808
3238
3541
634
2635
2610
4890
568
41
4335
3973
3737
1686
4902
2181
1092
4802
4231
4340
221
4079
652
2893
3899
214
4006
4935
3236
2382
2001
2358
1711
4539
820
2347
712
809
2886
38
4651
1063
3057
1461
3403
243
4954
2193
114
2407
4863
2063
3414
2257
3112
1552
1882
3628
1130
3668
3132
3968
3823
3404
2136
3422
692
3738
2058
3226
4415
2419
2860
1076
3243
1
1008
231
3714
927
1326
2604
2897
310
4044
2322
1916
1047
4435
3070
3780
580
2742
1218
749
2509
4798
2185
3759
2081
805
304
2711
3534
2286
388
397
2942
4105
1827
1416
728
838
2458
224
1430
4621
840
3548
4151
4961
2456
1009
2783
3241
4807
2521
565
4948
4754
2825
459
1007
4501
2037
4238
2125
4143
1893
4396
1023
1800
4702
3171
21
1320
800
2247
4776
26
1945
4384
4235
4857
1580
2409
582
4544
3661
3442
1816
1661
3352
218
1749
3131
3638
3081
920
194
1528
1196
3436
1235
3914
468
2341
4723
3755
4334
828
3038
668
3278
3013
3930
773
1891
4068
4760
833
4083
1056
3547
3003
521
3724
1365
4842
1576
1264
4049
848
141
3322
217
471
2084
3667
2654
4037
4195
3807
3778
4594
4457
4018
698
3102
976
4617
4467
2596
1197
3108
4716
645
1449
1880
1335
1934
1976
3310
3258
4635
1353
1872
1788
1658
3752
1206
3684
1206
3752
1658
1788
1872
1353
4635
3258
3310
1976
1934
1335
1880
1449
645
4716
3108
1197
2596
4467
4617
976
3102
698
4018
4457
4594
3778
3807
4195
4037
2654
3667
2084
471
217
3322
141
848
4049
1264
1576
4842
1365
3724
521
3003
3547
1056
4083
833
4760
4068
1891
773
3930
3013
3278
668
3038
828
4334
3755
4723
2341
468
3914
1235
3436
1196
1528
194
920
3081
3638
3131
1749
218
3352
1661
1816
3442
3661
4544
582
2409
1580
4857
4235
4384
1945
26
4776
2247
800
1320
21
3171
4702
1800
1023
4396
1893
4143
2125
4238
2037
4501
1007
459
2825
4754
4948
565
2521
4807
3241
2783
1009
2456
4961
4151
3548
840
4621
1430
224
2458
838
728
1416
1827
4105
2942
397
388
2286
3534
2711
304
805
2081
3759
2185
4798
2509
749
1218
2742
580
3780
3070
4435
1047
1916
2322
4044
310
2897
2604
1326
927
3714
231
1008
1
3902
2353
1952
337
4497
312
3082
4661
1543
2859
517
3359
2625
3722
91
689
1307
3206
1747
702
1311
857
1705
3558
931
2277
1763
1578
3248
1222
1158
4527
804
225
4439
1669
3376
3445
2164
1277
732
167
3995
3072
4194
1043
1407
4876
1165
4056
4970
1846
4087
620
3533
3689
2576
4818
4247
4029
1532
2469
957
2536
4025
2535
2899
2865
139
1921
4066
3526
961
4011
4146
3330
190
4494
3089
418
4590
4425
4221
4793
3943
17
2826
3353
2070
4282
1792
4116
2109
3369
4957
3390
2773
144
1855
2319
2420
2834
3379
4187
2442
4777
1114
2805
3103
761
132
626
2011
1918
2870
1996
4179
3608
2200
192
1634
40
818
1402
2281
2474
179
4050
2679
451
46
4520
1937
358
2404
3519
1796
2028
1106
1819
2119
1039
4631
4093
780
2556
3031
2345
1161
305
3331
4540
4293
2689
3779
73
2198
4538
2352
4224
3951
3625
353
1316
885
332
885
1316
353
3625
3951
4224
2352
4538
2198
73
3779
2689
4293
4540
3331
305
1161
2345
3031
2556
780
4093
4631
1039
2119
1819
1106
2028
1796
3519
2404
358
1937
4520
46
451
2679
4050
179
2474
2281
1402
818
40
1634
192
2200
3608
4179
1996
2870
1918
2011
626
132
761
3103
2805
1114
4777
2442
4187
3379
2834
2420
2319
1855
144
2773
3390
4957
3369
2109
4116
1792
4282
2070
3353
2826
17
3943
4793
4221
4425
4590
418
3089
4494
190
3330
4146
4011
961
3526
4066
1921
139
2865
2899
2535
4025
2536
957
2469
1532
4029
4247
4818
2576
3689
3533
620
4087
1846
4970
4056
1165
4876
1407
1043
4194
3072
3995
167
732
1277
2164
3445
3376
1669
4439
225
804
4527
1158
1222
3248
1578
1763
2277
931
3558
1705
857
1311
702
1747
3206
1307
689
91
3722
2625
3359
517
2859
1543
4661
3082
312
4497
337
1952
2353
3902
1
2054
3803
4234
3717
718
2392
2100
3813
4535
559
3876
657
4976
4281
1104
1959
826
1405
1188
3254
4338
1955
587
3118
3694
4377
3166
1904
1412
3731
1489
315
2598
3672
1623
2574
1657
2713
4852
860
3419
4286
764
2199
3297
3290
4975
3475
3810
343
4766
25
4186
2971
2771
2432
3909
1143
3088
3834
4041
1666
2547
3363
3830
135
3974
273
799
2121
2861
253
4092
3953
4288
4568
4956
4602
4903
3629
1881
1899
2709
2080
262
1917
1802
3469
69
430
1242
2824
1574
3729
3674
2268
4893
611
300
4721
1089
2729
182
1836
1618
3636
1764
1599
1336
3916
2680
4817
3429
171
4476
1037
1534
2671
2206
8
367
3532
2466
1374
4508
2032
3365
1862
3915
1710
4391
1897
1966
412
4719
603
2355
3868
4319
3537
1975
2937
3218
4075
3068
3806
2649
571
29
272
4511
4090
19
2329
130
3739
715
3771
997
3809
4595
913
1175
581
3514
1099
3514
581
1175
913
4595
3809
997
3771
715
3739
130
2329
19
4090
4511
272
29
571
2649
3806
3068
4075
3218
2937
1975
3537
4319
3868
2355
603
4719
412
1966
1897
4391
1710
3915
1862
3365
2032
4508
1374
2466
3532
367
8
2206
2671
1534
1037
4476
171
3429
4817
2680
3916
1336
1599
1764
3636
1618
1836
182
2729
1089
4721
300
611
4893
2268
3674
3729
1574
2824
1242
430
69
3469
1802
1917
262
2080
2709
1899
1881
3629
4903
4602
4956
4568
4288
3953
4092
253
2861
2121
799
273
3974
135
3830
3363
2547
1666
4041
3834
3088
1143
3909
2432
2771
2971
4186
25
4766
343
3810
3475
4975
3290
3297
2199
764
4286
3419
860
4852
2713
1657
2574
1623
3672
2598
315
1489
3731
1412
1904
3166
4377
3694
3118
587
1955
4338
3254
1188
1405
826
1959
1104
4281
4976
657
3876
559
4535
3813
2100
2392
718
3717
4234
3803
2054
1
3326
497
2663
3896
2337
3681
233
2665
1841
3875
477
172
2726
4054
3193
112
2323
1824
422
756
1789
3371
2127
1876
187
999
784
991
2239
4671
1870
3439
148
2978
3318
3705
4097
2985
2188
3165
2988
2412
890
3495
383
966
4883
1701
1915
2829
1334
4243
481
2586
731
4642
1786
4468
785
850
234
359
1609
3662
4133
2986
4024
230
1567
3777
2618
1346
2061
2545
4783
4846
2945
2475
3901
4831
1790
203
3904
4256
919
4736
655
2390
4888
3006
1856
1221
2205
485
4768
4325
4259
1606
2819
4366
4632
1672
2427
4800
1176
3595
2756
903
1693
4433
2273
4163
4130
3386
1540
4650
1410
2844
3393
1720
3941
1018
291
4664
345
4960
3784
204
2071
3121
2895
2220
984
3675
861
2543
3282
2243
1041
2384
1691
4246
4296
4270
4432
3229
1989
470
1303
4811
4784
297
3119
3315
3455
2515
4406
1542
1875
4662
72
2360
4030
322
3765
2990
3765
322
4030
2360
72
4662
1875
1542
4406
2515
3455
3315
3119
297
4784
4811
1303
470
1989
3229
4432
4270
4296
4246
1691
2384
1041
2243
3282
2543
861
3675
984
2220
2895
3121
2071
204
3784
4960
345
4664
291
1018
3941
1720
3393
2844
1410
4650
1540
3386
4130
4163
2273
4433
1693
903
2756
3595
1176
4800
2427
1672
4632
4366
2819
1606
4259
4325
4768
485
2205
1221
1856
3006
4888
2390
655
4736
919
4256
3904
203
1790
4831
3901
2475
2945
4846
4783
2545
2061
1346
2618
3777
1567
230
4024
2986
4133
3662
1609
359
234
850
785
4468
1786
4642
731
2586
481
4243
1334
2829
1915
1701
4883
966
383
3495
890
2412
2988
3165
2188
2985
4097
3705
3318
2978
148
3439
1870
4671
2239
991
784
999
187
1876
2127
3371
1789
756
422
1824
2323
112
3193
4054
2726
172
477
3875
1841
2665
233
3681
2337
3896
2663
497
3326
1
1004
1810
407
2851
3225
2203
1115
710
3591
2808
4397
874
4705
3208
4901
632
2568
2941
4023
3126
3129
4529
2202
3139
3398
637
173
3727
3263
2727
2571
803
1939
2698
1282
467
4812
3380
896
835
27
4183
4193
1332
246
425
3456
4184
2585
3151
4236
859
3802
4556
4265
2943
1219
3750
4971
3316
2800
174
2112
2013
3163
3671
4295
2570
1843
4306
2717
4737
4180
4363
454
3563
4610
2908
1865
386
2272
4347
4423
2186
873
1232
3992
452
3489
4767
4052
2083
682
3397
1682
2171
936
3864
4910
2693
853
3235
3682
3479
1333
3341
1467
2321
2316
2648
4074
3222
1725
2529
2177
1284
908
4350
2875
4804
4333
895
1321
3227
4873
1673
4437
4680
2147
2191
1550
2910
2774
3556
1345
1822
56
945
1829
3120
4939
4605
3921
4244
2046
4035
2270
2949
357
904
473
4290
2691
1561
1914
2443
3313
4349
1813
2433
4230
1118
1469
740
3389
1826
3389
740
1469
1118
4230
2433
1813
4349
3313
2443
1914
1561
2691
4290
473
904
357
2949
2270
4035
2046
4244
3921
4605
4939
3120
1829
945
56
1822
1345
3556
2774
2910
1550
2191
2147
4680
4437
1673
4873
3227
1321
895
4333
4804
2875
4350
908
1284
2177
2529
1725
3222
4074
2648
2316
2321
1467
3341
1333
3479
3682
3235
853
2693
4910
3864
936
2171
1682
3397
682
2083
4052
4767
3489
452
3992
1232
873
2186
4423
4347
2272
386
1865
2908
4610
3563
454
4363
4180
4737
2717
4306
1843
2570
4295
3671
3163
2013
2112
174
2800
3316
4971
3750
1219
2943
4265
4556
3802
859
4236
3151
2585
4184
3456
425
246
1332
4193
4183
27
835
896
3380
4812
467
1282
2698
1939
803
2571
2727
3263
3727
173
637
3398
3139
2202
4529
3129
3126
4023
2941
2568
632
4901
3208
4705
874
4397
2808
3591
710
1115
2203
3225
2851
407
1810
1004
1
2634
3111
4205
660
3573
951
628
2787
3283
4696
2233
3153
1361
3574
4459
2102
2902
3871
1850
3066
1408
1133
3173
4427
119
70
409
4401
3562
2401
1255
746
1234
531
1447
4899
3599
2389
2542
4098
1395
2087
1830
1049
2855
4380
283
4065
3382
3141
3328
14
1160
2276
1828
3605
3610
1483
2425
3093
4562
1105
2173
2402
4627
4456
156
1987
4715
4967
4823
2383
2864
3635
2297
3895
2627
3544
4891
3869
463
2674
264
1431
1768
832
4070
2285
3387
3799
560
1742
1470
2311
625
12
778
1954
2995
564
382
1726
1852
363
3555
4762
1012
4644
1794
4917
2762
1929
2312
929
987
1888
2380
956
1509
4554
298
1643
3559
671
1840
213
3786
1718
1128
4482
1392
2089
4574
441
2657
1600
836
708
3205
2351
381
2097
4307
4135
779
2802
2397
590
2298
1208
3481
3713
2050
974
2682
1473
3123
1257
2812
4002
4526
2718
2567
1276
4616
1622
4616
1276
2567
2718
4526
4002
2812
1257
3123
1473
2682
974
2050
3713
3481
1208
2298
590
2397
2802
779
4135
4307
2097
381
2351
3205
708
836
1600
2657
441
4574
2089
1392
4482
1128
1718
3786
213
1840
671
3559
1643
298
4554
1509
956
2380
1888
987
929
2312
1929
2762
4917
1794
4644
1012
4762
3555
363
1852
1726
382
564
2995
1954
778
12
625
2311
1470
1742
560
3799
3387
2285
4070
832
1768
1431
264
2674
463
3869
4891
3544
2627
3895
2297
3635
2864
2383
4823
4967
4715
1987
156
4456
4627
2402
2173
1105
4562
3093
2425
1483
3610
3605
1828
2276
1160
14
3328
3141
3382
4065
283
4380
2855
1049
1830
2087
1395
4098
2542
2389
3599
4899
1447
531
1234
746
1255
2401
3562
4401
409
70
119
4427
3173
1133
1408
3066
1850
3871
2902
2102
4459
3574
1361
3153
2233
4696
3283
2787
628
951
3573
660
4205
3111
2634
1
2299
1769
4232
4779
296
3940
3506
937
558
3005
4460
4934
986
457
3286
2922
1849
4683
1417
2450
2537
3587
2667
1230
4500
2289
3053
995
4585
4422
3529
3588
3577
3472
2146
2131
851
4814
695
2880
1013
1597
546
705
1973
4110
1021
3524
2664
6
1690
3676
2368
4202
3903
2493
1046
3410
674
4301
1971
4032
1379
4323
2492
2307
3659
3708
771
2226
4036
4
2043
2454
2135
2143
1329
1452
1614
4102
2814
4028
1890
4916
4007
1040
4441
4748
3702
4394
1137
2553
4866
421
3523
3344
3147
2256
1064
2522
1931
4328
881
1755
4461
2012
4239
4403
4759
1386
515
855
255
1418
4720
622
461
98
847
2035
2449
1963
4843
1388
2120
3856
3922
658
2835
1360
4136
4055
1697
2516
4214
2780
530
3370
2506
78
151
2026
4003
916
1224
1767
815
36
3999
3604
2952
3250
1831
3691
1228
4215
4424
2218
2471
3808
1716
3857
4853
117
3690
754
3690
117
4853
3857
1716
3808
2471
2218
4424
4215
1228
3691
1831
3250
2952
3604
3999
36
815
1767
1224
916
4003
2026
151
78
2506
3370
530
2780
4214
2516
1697
4055
4136
1360
2835
658
3922
3856
2120
1388
4843
1963
2449
2035
847
98
461
622
4720
1418
255
855
515
1386
4759
4403
4239
2012
4461
1755
881
4328
1931
2522
1064
2256
3147
3344
3523
421
4866
2553
1137
4394
3702
4748
4441
1040
4007
4916
1890
4028
2814
4102
1614
1452
1329
2143
2135
2454
2043
4
4036
2226
771
3708
3659
2307
2492
4323
1379
4032
1971
4301
674
3410
1046
2493
3903
4202
2368
3676
1690
6
2664
3524
1021
4110
1973
705
546
1597
1013
2880
695
4814
851
2131
2146
3472
3577
3588
3529
4422
4585
995
3053
2289
4500
1230
2667
3587
2537
2450
1417
4683
1849
2922
3286
457
986
4934
4460
3005
558
937
3506
3940
296
4779
4232
1769
2299
1
3482
1068
604
4206
4620
3017
1874
2792
4904
3600
1248
898
1795
1946
2841
128
2690
3493
2246
2451
4822
1477
2768
3820
2126
2705
1809
3020
4937
3886
2656
3826
432
1267
2424
4004
2014
293
1474
4549
1359
621
3158
3199
1226
1748
1169
4502
774
3185
4659
2055
3411
3766
4140
2839
1993
4103
4262
3146
1209
648
1848
4480
2060
3567
102
3853
4361
2796
1121
411
3486
3617
3133
4868
2732
1101
3603
1437
4746
4157
2335
3613
1713
478
1426
2541
1460
4166
4313
3647
624
2813
3437
3334
1493
2403
1774
1109
2296
4946
4560
2481
1238
2431
88
1148
4450
3027
1204
4889
2588
1086
2238
905
1323
1548
4733
4778
4048
691
2267
3965
3261
487
338
880
1584
1497
3863
3850
1557
3996
1984
623
1480
4161
2594
892
178
2228
3709
2295
4465
725
4898
2029
1760
1149
4077
4197
3912
2274
1759
2494
4761
3105
4047
3198
3855
3950
3919
4094
121
3947
121
4094
3919
3950
3855
3198
4047
3105
4761
2494
1759
2274
3912
4197
4077
1149
1760
2029
4898
725
4465
2295
3709
2228
178
892
2594
4161
1480
623
1984
3996
1557
3850
3863
1497
1584
880
338
487
3261
3965
2267
691
4048
4778
4733
1548
1323
905
2238
1086
2588
4889
1204
3027
4450
1148
88
2431
1238
2481
4560
4946
2296
1109
1774
2403
1493
3334
3437
2813
624
3647
4313
4166
1460
2541
1426
478
1713
3613
2335
4157
4746
1437
3603
1101
2732
4868
3133
3617
3486
411
1121
2796
4361
3853
102
3567
2060
4480
1848
648
1209
3146
4262
4103
1993
2839
4140
3766
3411
2055
4659
3185
774
4502
1169
1748
1226
3199
3158
621
1359
4549
1474
293
2014
4004
2424
1267
432
3826
2656
3886
4937
3020
1809
2705
2126
3820
2768
1477
4822
2451
2246
3493
2690
128
2841
1946
1795
898
1248
3600
4904
2792
1874
3017
4620
4206
604
1068
3482
1
575
1157
226
4674
3744
4326
3908
241
4681
834
4940
3170
2528
4201
4598
1740
4641
877
3627
4833
2602
1639
3535
2572
4254
1638
2225
1308
3980
2612
619
4892
2021
3609
610
3444
2959
1454
3388
245
3570
4928
3890
408
2123
360
229
180
4839
4155
22
3561
3906
4302
3522
1231
1154
2520
374
4123
4945
4848
4920
4392
1229
538
694
3735
210
4596
1459
3861
2606
1423
3934
2603
3988
3100
4765
2846
971
1341
4452
534
765
2881
3259
4388
1983
4682
3431
1858
3142
4601
95
2326
3611
1594
992
1073
3284
2447
1182
2405
2757
4181
4523
3392
1067
2738
3572
4615
4147
2544
405
2927
2595
1844
1847
3426
438
1750
3011
4912
2254
1051
758
3441
1132
3758
4213
1495
3473
1471
2601
2399
2876
1280
806
2440
1526
10
1967
4483
247
223
66
111
1304
365
1155
4769
30
316
3034
4567
1502
3122
1766
2069
3135
3016
1539
1279
939
3457
939
1279
1539
3016
3135
2069
1766
3122
1502
4567
3034
316
30
4769
1155
365
1304
111
66
223
247
4483
1967
10
1526
2440
806
1280
2876
2399
2601
1471
3473
1495
4213
3758
1132
3441
758
1051
2254
4912
3011
1750
438
3426
1847
1844
2595
2927
405
2544
4147
4615
3572
2738
1067
3392
4523
4181
2757
2405
1182
2447
3284
1073
992
1594
3611
2326
95
4601
3142
1858
3431
4682
1983
4388
3259
2881
765
534
4452
1341
971
2846
4765
3100
3988
2603
3934
1423
2606
3861
1459
4596
210
3735
694
538
1229
4392
4920
4848
4945
4123
374
2520
1154
1231
3522
4302
3906
3561
22
4155
4839
180
229
360
2123
408
3890
4928
3570
245
3388
1454
2959
3444
610
3609
2021
4892
619
2612
3980
1308
2225
1638
4254
2572
3535
1639
2602
4833
3627
877
4641
1740
4598
4201
2528
3170
4940
834
4681
241
3908
4326
3744
4674
226
1157
575
1
1885
4780
4618
4219
329
4446
2344
1173
1199
2278
1598
1525
3538
4747
3196
2130
3964
443
2076
4772
1083
3698
1371
2438
1961
4364
1771
185
2501
1801
4660
4517
3148
2207
2983
3150
2156
1812
314
28
3217
1108
3189
4170
4033
681
4395
1435
638
3048
2884
849
3754
1178
2619
340
4894
3789
3349
2479
2830
3718
1398
519
4148
3214
1692
1401
146
872
5
1273
3513
1366
4672
2724
3632
954
553
2590
2965
3412
4279
3707
3772
492
4115
3157
160
1271
3417
2798
400
2563
2024
2832
3828
100
1478
3753
2370
1857
876
1541
2661
629
2991
302
4240
734
1377
2305
3360
543
1501
20
1912
57
1177
2866
3679
50
1003
424
3178
3716
469
2252
3854
3484
3960
82
2291
2052
1762
4867
4519
1948
2728
1058
2778
163
2244
1721
448
4111
3332
858
2142
4108
2600
742
1515
1010
3582
238
2759
4623
591
2441
4311
3408
1663
3643
2362
2342
2362
3643
1663
3408
4311
2441
591
4623
2759
238
3582
1010
1515
742
2600
4108
2142
858
3332
4111
448
1721
2244
163
2778
1058
2728
1948
4519
4867
1762
2052
2291
82
3960
3484
3854
2252
469
3716
3178
424
1003
50
3679
2866
1177
57
1912
20
1501
543
3360
2305
1377
734
4240
302
2991
629
2661
1541
876
1857
2370
3753
1478
100
3828
2832
2024
2563
400
2798
3417
1271
160
3157
4115
492
3772
3707
4279
3412
2965
2590
553
954
3632
2724
4672
1366
3513
1273
5
872
146
1401
1692
3214
4148
519
1398
3718
2830
2479
3349
3789
4894
340
2619
1178
3754
849
2884
3048
638
1435
4395
681
4033
4170
3189
1108
3217
28
314
1812
2156
3150
2983
2207
3148
4517
4660
1801
2501
185
1771
4364
1961
2438
1371
3698
1083
4772
2076
443
3964
2130
3196
4747
3538
1525
1598
2278
1199
1173
2344
4446
329
4219
4618
4780
1885
1
1832
608
2215
4159
4331
3963
4744
4371
4284
3552
3984
1630
3333
794
3581
618
227
3703
2375
2518
2005
4473
3177
498
1205
4495
2789
4122
3327
4318
1814
277
2117
4835
1523
2
4124
2437
821
4869
781
1367
4639
2310
3796
1935
3402
3687
2975
4043
372
499
1529
4624
4165
4059
2982
1601
3321
3993
545
2455
3355
3975
1587
933
4021
2327
4837
2241
1191
4118
1603
3320
1510
1806
4160
4153
3268
4337
3967
3553
2229
4532
3161
3490
1274
884
554
4131
3270
3421
3827
2748
2964
4390
3136
2554
2795
4583
113
3075
2373
3568
1491
3937
3364
635
1397
313
4905
3734
4289
846
2919
3279
3453
3160
4600
1895
4091
3127
707
3616
4353
2903
586
2160
4298
4713
788
2636
2889
2155
3639
423
1429
4647
4272
2925
3373
3277
4405
4348
3425
4008
4410
4486
868
1011
1183
4614
909
973
4355
1825
1404
4884
3817
3303
2444
2340
914
2105
2115
998
2115
2105
914
2340
2444
3303
3817
4884
1404
1825
4355
973
909
4614
1183
1011
868
4486
4410
4008
3425
4348
4405
3277
3373
2925
4272
4647
1429
423
3639
2155
2889
2636
788
4713
4298
2160
586
2903
4353
3616
707
3127
4091
1895
4600
3160
3453
3279
2919
846
4289
3734
4905
313
1397
635
3364
3937
1491
3568
2373
3075
113
4583
2795
2554
3136
4390
2964
2748
3827
3421
3270
4131
554
884
1274
3490
3161
4532
2229
3553
3967
4337
3268
4153
4160
1806
1510
3320
1603
4118
1191
2241
4837
2327
4021
933
1587
3975
3355
2455
545
3993
3321
1601
2982
4059
4165
4624
1529
499
372
4043
2975
3687
3402
1935
3796
2310
4639
1367
781
4869
821
2437
4124
2
1523
4835
2117
277
1814
4318
3327
4122
2789
4495
1205
498
3177
4473
2005
2518
2375
3703
227
618
3581
794
3333
1630
3984
3552
4284
4371
4744
3963
4331
4159
2215
608
1832
1
4001
2892
2916
3022
1741
1116
1403
2760
115
3239
4881
1438
199
4113
1079
3745
2647
2134
641
2599
284
2873
793
2739
4808
1306
1110
2538
4714
3945
3289
3642
665
4741
206
4577
579
2957
2445
4806
1823
1617
4885
4923
2591
3476
2293
4266
3251
3512
4015
2280
1571
2483
2827
4020
256
3023
1342
4521
196
4356
1833
4324
1514
4801
741
2512
3347
1503
1436
1476
320
2981
819
4171
4451
1605
1977
2196
1612
1203
1140
1957
1135
447
51
4226
4372
4099
2045
2184
2271
2712
99
2944
4688
3368
1965
1778
1468
1066
3052
879
4312
4172
2962
1296
3998
4628
4927
4357
1577
3221
4374
4845
2361
4740
4399
4578
3128
53
613
1309
3894
2461
4751
3169
2179
1991
1944
1258
4106
1325
3018
4900
1045
2734
1919
4045
4360
2697
2283
4558
737
4229
2646
4655
4505
953
646
259
4310
4669
352
2265
143
505
1375
2231
4341
1925
3324
4490
4067
3230
4067
4490
3324
1925
4341
2231
1375
505
143
2265
352
4669
4310
259
646
953
4505
4655
2646
4229
737
4558
2283
2697
4360
4045
1919
2734
1045
4900
3018
1325
4106
1258
1944
1991
2179
3169
4751
2461
3894
1309
613
53
3128
4578
4399
4740
2361
4845
4374
3221
1577
4357
4927
4628
3998
1296
2962
4172
4312
879
3052
1066
1468
1778
1965
3368
4688
2944
99
2712
2271
2184
2045
4099
4372
4226
51
447
1135
1957
1140
1203
1612
2196
1977
1605
4451
4171
819
2981
320
1476
1436
1503
3347
2512
741
4801
1514
4324
1833
4356
196
4521
1342
3023
256
4020
2827
2483
1571
2280
4015
3512
3251
4266
2293
3476
2591
4923
4885
1617
1823
4806
2445
2957
579
4577
206
4741
665
3642
3289
3945
4714
2538
1110
1306
4808
2739
793
2873
284
2599
641
2134
2647
3745
1079
4113
199
1438
4881
3239
115
2760
1403
1116
1741
3022
2916
2892
4001
1
4537
3997
592
4062
2172
2208
4795
4924
3637
1214
116
2970
2235
2687
120
4547
326
2525
1512
1972
122
2459
1545
1103
274
3424
1719
295
413
2769
440
4726
2000
4692
663
605
4117
3
2621
4575
1288
2255
3942
537
4974
1198
776
3179
2907
2314
529
1731
4685
649
1030
275
827
3167
1487
1781
504
3977
2716
789
495
2730
80
2799
1805
3007
1521
2510
428
2197
3971
2614
3099
3712
4678
569
1868
4267
1289
561
3350
1985
258
1016
4781
3805
4799
2484
1097
1633
2465
1958
4430
1684
2526
4722
4225
1982
4185
2560
673
3219
2930
2302
4426
2650
2338
2655
2309
3944
2924
772
4711
327
1363
4217
2891
2017
3287
4724
3545
4339
3036
3923
3664
3298
751
3715
1180
4268
3244
1735
2707
103
2551
1026
133
4162
2894
2694
1905
2561
796
924
71
4932
3002
4080
2027
1295
4362
2531
3979
2770
2611
523
3375
1530
1220
1269
4010
1901
4010
1269
1220
1530
3375
523
2611
2770
3979
2531
4362
1295
2027
4080
3002
4932
71
924
796
2561
1905
2694
2894
4162
133
1026
2551
103
2707
1735
3244
4268
1180
3715
751
3298
3664
3923
3036
4339
3545
4724
3287
2017
2891
4217
1363
327
4711
772
2924
3944
2309
2655
2338
2650
4426
2302
2930
3219
673
2560
4185
1982
4225
4722
2526
1684
4430
1958
2465
1633
1097
2484
4799
3805
4781
1016
258
1985
3350
561
1289
4267
1868
569
4678
3712
3099
2614
3971
2197
428
2510
1521
3007
1805
2799
80
2730
495
789
2716
3977
504
1781
1487
3167
827
275
1030
649
4685
1731
529
2314
2907
3179
776
1198
4974
537
3942
2255
1288
4575
2621
3
4117
605
663
4692
2000
4726
440
2769
413
295
1719
3424
274
1103
1545
2459
122
1972
1512
2525
326
4547
120
2687
2235
2970
116
1214
3637
4924
4795
2208
2172
4062
592
3997
4537
1
980
2074
4084
3276
2514
1556
1538
3936
3962
2078
1886
4188
1913
711
3498
3560
2900
3832
4053
44
2237
3770
1042
2038
4345
1184
993
3653
699
3192
1978
4315
289
134
4381
3454
4034
3030
3842
883
3348
4870
753
2446
606
3654
4470
1200
2290
3474
4285
3462
1318
1752
1406
2624
743
3385
3084
518
864
125
1286
4414
3019
787
3301
3831
290
600
1717
3130
60
3883
1168
2558
1940
2066
2077
2720
981
1566
157
1223
2651
845
1245
3134
4089
2700
2092
3255
220
1025
2260
2149
3400
514
4700
1166
2292
2349
392
1632
3748
589
897
2954
18
1746
3990
1210
336
2868
3299
3434
1464
2794
573
3793
4158
4192
3673
2275
4387
4844
3319
551
2615
3646
1465
825
3680
2862
2850
3406
1659
3825
2224
2735
4466
2994
539
1123
4636
4607
4728
4775
3970
3959
4382
2605
1920
720
2025
1696
1911
4477
3233
1962
3536
3833
4545
2653
1194
1035
1194
2653
4545
3833
3536
1962
3233
4477
1911
1696
2025
720
1920
2605
4382
3959
3970
4775
4728
4607
4636
1123
539
2994
4466
2735
2224
3825
1659
3406
2850
2862
3680
825
1465
3646
2615
551
3319
4844
4387
2275
3673
4192
4158
3793
573
2794
1464
3434
3299
2868
336
1210
3990
1746
18
2954
897
589
3748
1632
392
2349
2292
1166
4700
514
3400
2149
2260
1025
220
3255
2092
2700
4089
3134
1245
845
2651
1223
157
1566
981
2720
2077
2066
1940
2558
1168
3883
60
3130
1717
600
290
3831
3301
787
3019
4414
1286
125
864
518
3084
3385
743
2624
1406
1752
1318
3462
4285
3474
2290
1200
4470
3654
606
2446
753
4870
3348
883
3842
3030
4034
3454
4381
134
289
4315
1978
3192
699
3653
993
1184
4345
2038
1042
3770
2237
44
4053
3832
2900
3560
3498
711
1913
4188
1886
2078
3962
3936
1538
1556
2514
3276
4084
2074
980
1
2398
2874
3497
1065
2421
188
887
4114
1531
2195
614
3880
1138
3583
4507
807
288
768
2755
3190
74
67
4038
2911
685
197
4609
3791
3085
3800
4815
1444
3271
2681
636
2219
2467
3987
34
3159
334
1062
1390
3612
930
1239
2318
1163
4491
926
3358
3294
2938
1674
4612
491
1504
4443
3143
3483
3269
4248
1262
596
3848
1310
2165
1072
2950
4643
1074
2673
2597
1791
750
1490
844
2914
4897
4840
3706
3340
1159
941
3078
1445
4565
3405
661
4086
3046
4969
983
653
2638
3097
3540
2940
3061
2710
2821
191
4597
3824
2166
3114
3300
1006
1299
798
2453
3009
4832
3602
4063
555
4542
4979
1979
1050
1582
414
3590
4512
4548
1947
4955
3881
2872
3955
3549
888
3337
2504
2406
2041
4952
110
3335
1951
2248
3090
1627
584
4026
1569
869
3172
3076
2677
2785
4408
129
4417
1869
1078
1635
1000
3614
76
4543
3887
3450
1733
464
4797
464
1733
3450
3887
4543
76
3614
1000
1635
1078
1869
4417
129
4408
2785
2677
3076
3172
869
1569
4026
584
1627
3090
2248
1951
3335
110
4952
2041
2406
2504
3337
888
3549
3955
2872
3881
4955
1947
4548
4512
3590
414
1582
1050
1979
4979
4542
555
4063
3602
4832
3009
2453
798
1299
1006
3300
3114
2166
3824
4597
191
2821
2710
3061
2940
3540
3097
2638
653
983
4969
3046
4086
661
3405
4565
1445
3078
941
1159
3340
3706
4840
4897
2914
844
1490
750
1791
2597
2673
1074
4643
2950
1072
2165
1310
3848
596
1262
4248
3269
3483
3143
4443
1504
491
4612
1674
2938
3294
3358
926
4491
1163
2318
1239
930
3612
1390
1062
334
3159
34
3987
2467
2219
636
2681
3271
1444
4815
3800
3085
3791
4609
197
685
2911
4038
67
74
3190
2755
768
288
807
4507
3583
1138
3880
614
2195
1531
4114
887
188
2421
1065
3497
2874
2398
1
817
4261
4211
4120
4017
3463
4453
4582
2933
3260
863
1652
1621
4058
2111
3194
4561
932
2124
2890
3372
2108
902
1527
435
347
4764
1500
1032
3801
1396
3505
3723
1704
4222
2258
286
200
4789
1953
4861
1743
330
4191
882
703
3589
1723
675
2122
124
1864
3210
252
1411
417
426
4637
4220
58
599
4144
4330
242
666
240
2917
4679
889
2997
1722
812
2629
147
3905
83
4352
2030
4085
3438
480
2946
4242
4346
460
3907
522
3467
934
2797
2376
3693
108
4666
3700
48
2372
4489
1275
3956
3728
2668
3579
1090
3688
344
829
1044
181
1048
975
3378
2417
4431
1053
1642
1145
3060
4926
2110
3696
4428
3343
137
1712
4933
3144
4553
713
1714
4263
1254
3812
4564
1069
4046
2589
325
1373
3692
3501
4913
770
4706
2022
4128
3155
2057
1646
4449
3464
2472
3092
4378
2490
2333
4516
841
4981
2090
3087
2470
2348
2094
4419
4613
4419
2094
2348
2470
3087
2090
4981
841
4516
2333
2490
4378
3092
2472
3464
4449
1646
2057
3155
4128
2022
4706
770
4913
3501
3692
1373
325
2589
4046
1069
4564
3812
1254
4263
1714
713
4553
3144
4933
1712
137
3343
4428
3696
2110
4926
3060
1145
1642
1053
4431
2417
3378
975
1048
181
1044
829
344
3688
1090
3579
2668
3728
3956
1275
4489
2372
48
3700
4666
108
3693
2376
2797
934
3467
522
3907
460
4346
4242
2946
480
3438
4085
2030
4352
83
3905
147
2629
812
1722
2997
889
4679
2917
240
666
242
4330
4144
599
58
4220
4637
426
417
1411
252
3210
1864
124
2122
675
1723
3589
703
882
4191
330
1743
4861
1953
4789
200
286
2258
4222
1704
3723
3505
1396
3801
1032
1500
4764
347
435
1527
902
2108
3372
2890
2124
932
4561
3194
2111
4058
1621
1652
863
3260
2933
4582
4453
3463
4017
4120
4211
4261
817
1
107
4752
4633
3416
4198
307
527
150
2138
62
994
1084
1903
1745
2546
2140
747
3913
455
2539
445
3619
4959
4533
1586
965
2660
1324
4856
1466
837
1356
2294
2132
535
763
1059
3325
2840
727
1724
2480
4949
375
219
4745
1670
3961
2385
16
2632
4305
202
3115
1804
1894
2877
4223
1785
2374
2047
2068
2708
4100
2524
3884
4858
3396
4584
1369
4763
4177
3050
1879
2831
2034
47
1932
894
1096
2702
3516
3926
1651
4156
1322
1728
2460
524
1744
2339
959
2354
1187
777
3110
3430
3815
3986
2741
1896
3767
3107
1225
4196
3811
1619
4828
4227
3740
724
1583
501
2960
733
2579
4454
4625
4139
3699
4684
2879
4951
3981
1227
1568
3399
3846
3932
2371
642
723
1883
4073
2287
944
2878
4530
1211
1270
3381
520
4278
4689
3440
502
2153
2737
1902
3028
4472
1624
149
2822
2497
3867
4506
2018
1636
1427
3074
4375
503
3307
4794
643
4794
3307
503
4375
3074
1427
1636
2018
4506
3867
2497
2822
149
1624
4472
3028
1902
2737
2153
502
3440
4689
4278
520
3381
1270
1211
4530
2878
944
2287
4073
1883
723
642
2371
3932
3846
3399
1568
1227
3981
4951
2879
4684
3699
4139
4625
4454
2579
733
2960
501
1583
724
3740
4227
4828
1619
3811
4196
1225
3107
3767
1896
2741
3986
3815
3430
3110
777
1187
2354
959
2339
1744
524
2460
1728
1322
4156
1651
3926
3516
2702
1096
894
1932
47
2034
2831
1879
3050
4177
4763
1369
4584
3396
4858
3884
2524
4100
2708
2068
2047
2374
1785
4223
2877
1894
1804
3115
202
4305
2632
16
2385
3961
1670
4745
219
375
4949
2480
1724
727
2840
3325
1059
763
535
2132
2294
1356
837
1466
4856
1324
2660
965
1586
4533
4959
3619
445
2539
455
3913
747
2140
2546
1745
1903
1084
994
62
2138
150
527
307
4198
3416
4633
4752
107
1
792
4373
2818
1422
2148
4442
189
1581
4657
601
1268
1129
2581
943
3245
1005
2356
3329
1172
766
369
1863
4351
1313
3918
4877
2592
4691
2346
1372
1192
3032
2750
4849
2096
458
2023
2336
704
687
387
1484
3035
3917
276
2511
3852
401
2968
434
42
3468
2204
3494
693
228
3049
65
2699
2909
2079
4550
3656
3383
2062
4541
4725
1382
4081
4743
4320
2394
4169
3580
23
3488
1162
4727
1002
4587
2616
627
813
4834
3367
2683
4167
2317
3240
4753
2332
1777
2044
4909
3924
2766
2534
4402
1770
3138
1256
205
4082
4418
1757
631
2004
281
3374
1240
1593
1969
4738
4481
1811
2692
333
3237
3969
1095
1354
1839
3525
3885
1675
4438
4850
1709
3213
3314
154
2249
1908
3769
1758
232
3065
1562
3409
2885
4879
366
2823
595
578
4896
2040
4499
2669
3273
969
2761
2020
1019
2056
368
570
3985
1924
355
1703
1644
1338
2262
3466
1936
3466
2262
1338
1644
1703
355
1924
3985
570
368
2056
1019
2020
2761
969
3273
2669
4499
2040
4896
578
595
2823
366
4879
2885
3409
1562
3065
232
1758
3769
1908
2249
154
3314
3213
1709
4850
4438
1675
3885
3525
1839
1354
1095
3969
3237
333
2692
1811
4481
4738
1969
1593
1240
3374
281
2004
631
1757
4418
4082
205
1256
3138
1770
4402
2534
2766
3924
4909
2044
1777
2332
4753
3240
2317
4167
2683
3367
4834
813
627
2616
4587
1002
4727
1162
3488
23
3580
4169
2394
4320
4743
4081
1382
4725
4541
2062
3383
3656
4550
2079
2909
2699
65
3049
228
693
3494
2204
3468
42
434
2968
401
3852
2511
276
3917
3035
1484
387
687
704
2336
2023
458
2096
4849
2750
3032
1192
1372
2346
4691
2592
4877
3918
1313
4351
1863
369
766
1172
3329
2356
1005
3245
943
2581
1129
1268
601
4657
1581
189
4442
2148
1422
2818
4373
792
1
269
1986
3137
489
4977
1517
1835
2500
2189
948
476
104
2703
4788
1579
4257
158
1871
1193
3531
979
744
1001
762
2008
1555
52
1650
2843
4774
3900
2103
1098
3339
4941
4455
3071
4629
2379
456
4291
4734
4630
2575
2072
1820
3730
4275
1990
3539
1734
2958
4061
2428
3897
3091
4515
4942
3242
3725
2178
1821
4712
2976
349
2410
3140
3499
3569
3357
3024
4448
2503
3154
1637
2670
251
1479
1662
3116
1057
816
2002
1572
4369
261
3181
4200
3124
4572
1024
906
2476
1029
2259
4005
1544
2777
1685
1524
3246
1817
2871
2388
3528
287
1139
4168
721
4836
2452
2426
4944
1302
3345
4980
4212
2075
2817
4303
4931
244
3621
2463
3021
3757
2113
2236
4154
1607
4204
508
4420
4013
4906
391
2701
1926
279
4757
3732
4492
4479
1451
1537
4756
2059
1492
1631
3228
1472
2139
982
4708
3794
3586
4796
4370
1498
3069
1783
3972
4915
4640
3113
2418
4982
