1
1319
4637
3052
2825
2773
117
3702
2815
305
2357
3663
3414
4816
4719
3427
3078
3790
326
520
2214
2526
3810
2694
2304
674
3104
3551
1537
4362
4514
4799
478
667
3962
3996
3420
4027
3383
1395
3920
3631
3202
2946
831
3426
1065
4723
4156
2343
2038
3208
428
2201
4653
2692
4110
2334
1023
2123
352
2476
28
2395
2390
4584
1235
3082
4222
4453
3135
2894
2804
1493
2943
3802
3665
3573
1815
4667
1128
966
1957
2367
2176
943
2434
68
2297
4451
2480
2748
2354
691
432
3712
1446
390
3425
4314
1555
4932
200
4479
4095
4897
2274
3494
1740
733
1119
2623
8
3476
1050
4101
4657
2991
978
1701
2955
4686
1646
2795
4651
3504
1259
725
1370
2450
9
3950
1458
2399
2648
3316
3197
4654
4033
1774
3999
4915
4815
4836
395
1960
2430
962
44
4975
2778
1822
493
3747
1057
2519
4012
1760
2131
3711
1339
4927
2523
2362
4178
1270
366
2510
3832
2126
1938
1445
722
267
2193
4174
4115
2923
2810
2
3073
2742
103
2098
1885
1557
1951
781
1761
3537
3192
3751
1498
3269
381
4609
867
2740
676
1424
3981
2429
2401
4355
3121
2654
2227
3416
4854
2103
1756
4697
3607
3093
4574
3047
4700
4902
641
1510
3033
2935
2296
4140
4295
3176
2379
1030
832
3772
923
1892
3241
3198
3977
2148
3214
2087
3395
4702
1354
899
2237
3357
1765
3212
4186
4163
4586
1000
4586
4163
4186
3212
1765
3357
2237
899
1354
4702
3395
2087
3214
2148
3977
3198
3241
1892
923
3772
832
1030
2379
3176
4295
4140
2296
2935
3033
1510
641
4902
4700
3047
4574
3093
3607
4697
1756
2103
4854
3416
2227
2654
3121
4355
2401
2429
3981
1424
676
2740
867
4609
381
3269
1498
3751
3192
3537
1761
781
1951
1557
1885
2098
103
2742
3073
2
2810
2923
4115
4174
2193
267
722
1445
1938
2126
3832
2510
366
1270
4178
2362
2523
4927
1339
3711
2131
1760
4012
2519
1057
3747
493
1822
2778
4975
44
962
2430
1960
395
4836
4815
4915
3999
1774
4033
4654
3197
3316
2648
2399
1458
3950
9
2450
1370
725
1259
3504
4651
2795
1646
4686
2955
1701
978
2991
4657
4101
1050
3476
8
2623
1119
733
1740
3494
2274
4897
4095
4479
200
4932
1555
4314
3425
390
1446
3712
432
691
2354
2748
2480
4451
2297
68
2434
943
2176
2367
1957
966
1128
4667
1815
3573
3665
3802
2943
1493
2804
2894
3135
4453
4222
3082
1235
4584
2390
2395
28
2476
352
2123
1023
2334
4110
2692
4653
2201
428
3208
2038
2343
4156
4723
1065
3426
831
2946
3202
3631
3920
1395
3383
4027
3420
3996
3962
667
478
4799
4514
4362
1537
3551
3104
674
2304
2694
3810
2526
2214
520
326
3790
3078
3427
4719
4816
3414
3663
2357
305
2815
3702
117
2773
2825
3052
4637
1319
1
4119
2532
33
3599
1529
2547
4309
3390
4510
2652
317
1939
2939
1995
183
879
2499
3012
4774
2318
1986
218
525
1271
4072
2702
2224
3721
2368
90
4081
384
379
468
4122
1351
1041
3258
2682
3128
1166
1590
3330
233
1362
1871
2944
1509
415
2448
1653
4839
3317
3777
961
1340
2912
753
3870
3767
1224
4507
1636
502
1866
4014
2591
862
4325
1028
639
2382
1793
333
4408
1196
4414
2372
166
2270
3147
1093
3698
4938
244
1730
4438
3288
201
4811
3089
1017
3961
83
2528
360
4677
4793
224
275
2006
2047
145
4611
1595
4157
4595
2845
4323
4814
971
2252
2841
2143
3880
1759
1627
2212
1755
3189
4878
2180
785
810
497
3207
3867
4232
1131
4107
1610
2739
1704
4585
4203
4060
2624
1377
298
3479
4346
4180
1037
1942
1775
703
2484
1530
1658
240
376
148
258
1465
4929
673
3780
4963
3049
1182
2326
3955
3806
797
1226
60
3822
2949
2941
817
4789
2209
4830
2363
4352
1073
526
190
4755
1475
362
870
1937
2978
1232
2541
2794
3683
4746
2132
2097
2545
2765
4727
1114
276
719
2801
3831
2953
1724
4555
2210
1415
2488
2858
647
2877
2926
1560
4498
1180
1303
2468
2263
1010
3037
1213
49
3872
3783
464
3477
3308
699
252
4492
4379
3327
1409
1097
752
4165
2016
4968
191
3038
2558
1482
1124
2293
1825
4466
3723
3528
1718
12
2433
3457
2433
12
1718
3528
3723
4466
1825
2293
1124
1482
2558
3038
191
4968
2016
4165
752
1097
1409
3327
4379
4492
252
699
3308
3477
464
3783
3872
49
1213
3037
1010
2263
2468
1303
1180
4498
1560
2926
2877
647
2858
2488
1415
2210
4555
1724
2953
3831
2801
719
276
1114
4727
2765
2545
2097
2132
4746
3683
2794
2541
1232
2978
1937
870
362
1475
4755
190
526
1073
4352
2363
4830
2209
4789
817
2941
2949
3822
60
1226
797
3806
3955
2326
1182
3049
4963
3780
673
4929
1465
258
148
376
240
1658
1530
2484
703
1775
1942
1037
4180
4346
3479
298
1377
2624
4060
4203
4585
1704
2739
1610
4107
1131
4232
3867
3207
497
810
785
2180
4878
3189
1755
2212
1627
1759
3880
2143
2841
2252
971
4814
4323
2845
4595
4157
1595
4611
145
2047
2006
275
224
4793
4677
360
2528
83
3961
1017
3089
4811
201
3288
4438
1730
244
4938
3698
1093
3147
2270
166
2372
4414
1196
4408
333
1793
2382
639
1028
4325
862
2591
4014
1866
502
1636
4507
1224
3767
3870
753
2912
1340
961
3777
3317
4839
1653
2448
415
1509
2944
1871
1362
233
3330
1590
1166
3128
2682
3258
1041
1351
4122
468
379
384
4081
90
2368
3721
2224
2702
4072
1271
525
218
1986
2318
4774
3012
2499
879
183
1995
2939
1939
317
2652
4510
3390
4309
2547
1529
3599
33
2532
4119
1
285
3443
1981
4015
3859
4399
2083
799
2435
1929
1712
3136
3454
2383
107
2258
4200
2940
3361
958
1039
3506
1863
234
2715
2914
2529
4049
4189
3367
4229
4520
3724
4660
2220
1721
3620
1015
4610
3821
1416
456
2393
2607
1485
3536
720
1790
111
2787
2189
1459
3879
566
3556
3882
284
3682
624
849
3527
4062
2179
2494
3533
4057
1338
2948
357
3483
1619
4228
320
539
1677
4383
3271
1329
4889
4054
4763
1748
4310
1869
480
3761
2102
2906
2039
3264
1323
364
4515
4284
651
3379
3435
4542
1713
1064
1934
389
2068
4640
1207
1109
4455
1928
2961
2424
472
2898
3097
1095
3646
3199
1435
4130
4324
2880
1489
2335
614
4205
3170
1250
4672
4206
1425
1280
1587
780
3833
3415
2366
3022
1386
3720
3508
1225
2371
3079
1372
4890
1189
3394
4597
4431
2331
4353
3293
1958
937
3603
907
4367
4871
1406
3276
27
1357
3714
2971
4608
3229
4778
1157
4787
1103
3685
3436
470
4245
2275
404
458
1637
4695
4215
4840
944
4442
4099
3246
2697
3177
875
2829
3750
1348
3684
1626
727
4011
433
4045
3902
824
3535
2517
35
1211
1680
4757
3118
187
3718
2963
997
857
4093
1894
1059
2861
2349
3776
741
3900
2478
1236
437
2649
3374
2535
143
1408
4829
4627
3187
4382
4306
2612
4358
13
1743
1147
1538
3914
3847
4669
4937
2873
4966
4494
377
3566
748
257
1126
257
748
3566
377
4494
4966
2873
4937
4669
3847
3914
1538
1147
1743
13
4358
2612
4306
4382
3187
4627
4829
1408
143
2535
3374
2649
437
1236
2478
3900
741
3776
2349
2861
1059
1894
4093
857
997
2963
3718
187
3118
4757
1680
1211
35
2517
3535
824
3902
4045
433
4011
727
1626
3684
1348
3750
2829
875
3177
2697
3246
4099
4442
944
4840
4215
4695
1637
458
404
2275
4245
470
3436
3685
1103
4787
1157
4778
3229
4608
2971
3714
1357
27
3276
1406
4871
4367
907
3603
937
1958
3293
4353
2331
4431
4597
3394
1189
4890
1372
3079
2371
1225
3508
3720
1386
3022
2366
3415
3833
780
1587
1280
1425
4206
4672
1250
3170
4205
614
2335
1489
2880
4324
4130
1435
3199
3646
1095
3097
2898
472
2424
2961
1928
4455
1109
1207
4640
2068
389
1934
1064
1713
4542
3435
3379
651
4284
4515
364
1323
3264
2039
2906
2102
3761
480
1869
4310
1748
4763
4054
4889
1329
3271
4383
1677
539
320
4228
1619
3483
357
2948
1338
4057
3533
2494
2179
4062
3527
849
624
3682
284
3882
3556
566
3879
1459
2189
2787
111
1790
720
3536
1485
2607
2393
456
1416
3821
4610
1015
3620
1721
2220
4660
3724
4520
4229
3367
4189
4049
2529
2914
2715
234
1863
3506
1039
958
3361
2940
4200
2258
107
2383
3454
3136
1712
1929
2435
799
2083
4399
3859
4015
1981
3443
285
1
3727
3730
3989
1734
771
2594
1497
324
528
2461
2158
4680
3225
663
4070
492
3263
4898
1965
2311
3662
936
361
3286
906
2821
998
3892
1258
989
3487
3580
2753
579
1429
3549
4197
4026
2957
1177
1710
2339
1016
4751
3499
2129
3323
2100
4155
2759
2785
3934
4899
4740
2120
1269
453
809
1980
4581
460
1444
2662
750
207
2577
4230
3846
1335
4319
1171
3945
459
2516
1629
950
2034
4356
302
939
4249
574
3944
3587
1035
4754
2713
3868
4467
2585
79
2502
3447
3404
4341
3690
816
2732
938
1910
568
871
2592
1897
4240
2731
4742
3234
951
656
3635
4601
3279
4297
1082
4504
4527
1217
2280
1104
3221
1046
1703
3921
4255
4501
4801
513
1423
2996
4320
6
2674
1686
872
1999
3459
3116
2735
4484
4607
306
866
414
124
3455
1326
4398
1488
3597
3629
3006
4939
417
3341
2737
261
3346
1317
4144
1003
2505
2157
407
69
2431
3335
3245
2313
3209
1697
1272
1844
2381
734
2645
1638
3664
4127
3905
127
3678
1847
992
2127
791
1625
4905
1470
4185
372
2319
3471
4535
2074
4644
1411
4930
2936
2004
3392
4024
3546
1249
1294
1827
3161
3681
1840
1807
2262
2661
2672
2917
3046
4845
934
3377
1312
683
2284
3434
87
3224
34
1336
280
4473
2482
3382
1468
1469
4862
2061
4965
1954
4293
3040
4791
3808
2684
1846
1243
2549
3244
3026
3456
545
2118
545
3456
3026
3244
2549
1243
1846
2684
3808
4791
3040
4293
1954
4965
2061
4862
1469
1468
3382
2482
4473
280
1336
34
3224
87
3434
2284
683
1312
3377
934
4845
3046
2917
2672
2661
2262
1807
1840
3681
3161
1827
1294
1249
3546
4024
3392
2004
2936
4930
1411
4644
2074
4535
3471
2319
372
4185
1470
4905
1625
791
2127
992
1847
3678
127
3905
4127
3664
1638
2645
734
2381
1844
1272
1697
3209
2313
3245
3335
2431
69
407
2157
2505
1003
4144
1317
3346
261
2737
3341
417
4939
3006
3629
3597
1488
4398
1326
3455
124
414
866
306
4607
4484
2735
3116
3459
1999
872
1686
2674
6
4320
2996
1423
513
4801
4501
4255
3921
1703
1046
3221
1104
2280
1217
4527
4504
1082
4297
3279
4601
3635
656
951
3234
4742
2731
4240
1897
2592
871
568
1910
938
2732
816
3690
4341
3404
3447
2502
79
2585
4467
3868
2713
4754
1035
3587
3944
574
4249
939
302
4356
2034
950
1629
2516
459
3945
1171
4319
1335
3846
4230
2577
207
750
2662
1444
460
4581
1980
809
453
1269
2120
4740
4899
3934
2785
2759
4155
2100
3323
2129
3499
4751
1016
2339
1710
1177
2957
4026
4197
3549
1429
579
2753
3580
3487
989
1258
3892
998
2821
906
3286
361
936
3662
2311
1965
4898
3263
492
4070
663
3225
4680
2158
2461
528
324
1497
2594
771
1734
3989
3730
3727
1
4777
4528
4474
2611
1918
4214
848
139
3959
4175
4503
3673
688
2265
4703
4511
1521
171
3781
4217
1652
3941
1888
4848
1484
905
2325
672
336
589
4488
4444
203
4564
3935
462
3951
4207
2653
3062
3758
4454
3731
4857
660
4301
1559
125
4386
4868
3754
2678
3299
4783
4884
2231
405
4350
3163
4109
4716
271
2730
1011
1772
3497
340
4844
2670
1007
4561
2071
3284
3061
3856
1520
4198
1687
913
4883
4340
4118
4704
4970
1292
1043
1561
3591
3430
4298
3036
2117
3626
3096
4286
4441
3670
1972
585
2109
2373
1575
2341
3505
1546
774
3929
4113
2609
4895
1460
953
3764
3845
3126
4348
4913
3326
4407
1950
486
4065
3851
760
2833
1576
1443
2945
904
430
3898
3287
1302
2295
1923
931
2042
3926
4810
4105
4030
3947
4357
1316
4235
345
1873
3936
3353
796
2489
38
2181
1233
350
2400
214
697
1227
4735
204
940
2077
4566
1155
354
3251
3746
3178
1723
2217
3650
3733
2768
382
2206
518
4433
3432
716
4242
2938
1955
985
2075
4553
161
2937
2992
4533
4729
4525
3025
3009
4272
2822
3615
4391
1932
1787
1961
3203
3347
759
4218
1344
1993
4606
4429
1803
3862
1893
3855
309
2968
1516
2333
1056
2271
3146
4950
4443
314
4827
1909
1690
898
2166
801
2627
2834
1752
2175
1398
3789
3380
387
2931
1055
2044
2644
1848
2138
2057
1169
1476
4812
2828
1683
2828
4812
1476
1169
2057
2138
1848
2644
2044
1055
2931
387
3380
3789
1398
2175
1752
2834
2627
801
2166
898
1690
1909
4827
314
4443
4950
3146
2271
1056
2333
1516
2968
309
3855
1893
3862
1803
4429
4606
1993
1344
4218
759
3347
3203
1961
1787
1932
4391
3615
2822
4272
3009
3025
4525
4729
4533
2992
2937
161
4553
2075
985
1955
2938
4242
716
3432
4433
518
2206
382
2768
3733
3650
2217
1723
3178
3746
3251
354
1155
4566
2077
940
204
4735
1227
697
214
2400
350
1233
2181
38
2489
796
3353
3936
1873
345
4235
1316
4357
3947
4030
4105
4810
3926
2042
931
1923
2295
1302
3287
3898
430
904
2945
1443
1576
2833
760
3851
4065
486
1950
4407
3326
4913
4348
3126
3845
3764
953
1460
4895
2609
4113
3929
774
1546
3505
2341
1575
2373
2109
585
1972
3670
4441
4286
3096
3626
2117
3036
4298
3430
3591
1561
1043
1292
4970
4704
4118
4340
4883
913
1687
4198
1520
3856
3061
3284
2071
4561
1007
2670
4844
340
3497
1772
1011
2730
271
4716
4109
3163
4350
405
2231
4884
4783
3299
2678
3754
4868
4386
125
1559
4301
660
4857
3731
4454
3758
3062
2653
4207
3951
462
3935
4564
203
4444
4488
589
336
672
2325
905
1484
4848
1888
3941
1652
4217
3781
171
1521
4511
4703
2265
688
3673
4503
4175
3959
139
848
4214
1918
2611
4474
4528
4777
1
2015
4638
2452
1366
3519
4231
4469
3035
3885
4728
371
4544
316
766
2831
178
4108
4090
2933
3004
215
1544
3553
1901
4322
2352
4505
2640
1578
850
2514
2133
2440
3396
1044
2859
4786
2278
3467
2816
3552
1069
1020
1291
4818
1886
344
4365
2205
4750
3226
3190
1388
3583
2551
1904
4270
2712
2589
3325
873
812
3433
2305
2757
1698
385
416
578
4328
3262
3688
3332
186
2110
440
3145
4550
2245
920
4418
3840
1341
522
4491
279
2573
2717
715
4172
4760
3333
3813
2402
2980
1071
1151
2698
4590
3019
323
2344
1927
2113
559
2314
3048
3555
3363
2248
4569
4291
54
2554
1239
2761
3594
3844
3922
3618
2365
2048
3237
1321
3759
1467
1490
1852
3558
1195
3715
490
874
3889
745
2925
81
4202
1063
4712
375
93
3063
2307
2137
4201
2261
3852
315
1580
806
2723
2685
1967
1992
4622
1569
2052
638
2560
236
4327
4152
2881
1781
601
2095
39
3466
2625
557
4176
3809
4701
4901
3137
1125
3384
3174
1851
1858
248
773
1474
1733
4648
2135
164
2171
1594
2159
2115
2806
2604
2101
1540
2733
3605
3329
541
370
1410
4136
2106
2606
2614
1168
2689
2328
3636
3651
1085
869
2324
2638
3085
590
3883
3113
2542
115
2567
242
1742
2392
3543
1144
1887
4720
979
4946
1205
241
2927
4831
3018
1709
2619
1359
3779
1562
4331
3148
1108
654
2602
3693
3697
3230
3697
3693
2602
654
1108
3148
4331
1562
3779
1359
2619
1709
3018
4831
2927
241
1205
4946
979
4720
1887
1144
3543
2392
1742
242
2567
115
2542
3113
3883
590
3085
2638
2324
869
1085
3651
3636
2328
2689
1168
2614
2606
2106
4136
1410
370
541
3329
3605
2733
1540
2101
2604
2806
2115
2159
1594
2171
164
2135
4648
1733
1474
773
248
1858
1851
3174
3384
1125
3137
4901
4701
3809
4176
557
2625
3466
39
2095
601
1781
2881
4152
4327
236
2560
638
2052
1569
4622
1992
1967
2685
2723
806
1580
315
3852
2261
4201
2137
2307
3063
93
375
4712
1063
4202
81
2925
745
3889
874
490
3715
1195
3558
1852
1490
1467
3759
1321
3237
2048
2365
3618
3922
3844
3594
2761
1239
2554
54
4291
4569
2248
3363
3555
3048
2314
559
2113
1927
2344
323
3019
4590
2698
1151
1071
2980
2402
3813
3333
4760
4172
715
2717
2573
279
4491
522
1341
3840
4418
920
2245
4550
3145
440
2110
186
3332
3688
3262
4328
578
416
385
1698
2757
2305
3433
812
873
3325
2589
2712
4270
1904
2551
3583
1388
3190
3226
4750
2205
4365
344
1886
4818
1291
1020
1069
3552
2816
3467
2278
4786
2859
1044
3396
2440
2133
2514
850
1578
2640
4505
2352
4322
1901
3553
1544
215
3004
2933
4090
4108
178
2831
766
316
4544
371
4728
3885
3035
4469
4231
3519
1366
2452
4638
2015
1
2621
1749
4745
714
31
2725
1001
2348
1675
1583
4549
1971
4216
3196
1857
4739
4656
449
1331
4499
2289
2900
3601
3680
1830
4332
1164
4023
295
4417
1837
3801
1502
4377
3582
2254
3707
4385
3596
900
814
1673
3166
3850
1872
2537
29
55
3296
3248
1976
1964
4387
3560
1387
2575
3787
2089
1601
3032
1203
277
37
3500
3077
4279
4421
2827
4211
770
1679
193
292
631
2196
2830
2308
206
1146
4153
1307
1507
1289
2320
1305
2777
2710
2260
3858
2848
4450
2405
4705
2156
2559
3462
2453
2520
2414
546
2223
4056
1717
2302
355
1279
1556
2456
1788
1940
3391
2928
1342
3994
1889
929
2977
1081
2711
2915
980
3579
4621
4547
4792
4738
1568
1770
957
307
903
3169
3923
878
4881
4260
1293
3429
1614
3252
3732
3213
1688
343
4422
846
924
3863
1618
163
4879
2852
4630
3743
4841
2040
2497
2239
4632
1862
30
897
696
4724
1367
3
1794
562
3023
3403
2428
2303
1523
4083
192
795
130
669
3525
338
510
3302
986
4652
4368
3717
3452
3835
1123
4642
3059
1503
2760
3716
4415
4420
4776
3824
1899
1796
3342
842
4972
1875
3072
1905
1487
3661
4285
2330
4401
4047
383
538
1032
3398
335
3011
2256
2538
223
4752
1714
474
1434
1588
4091
2406
4873
706
1152
2686
4039
2543
3749
3365
342
138
2309
4539
1492
4509
1599
1318
2441
1985
2631
4785
527
4785
2631
1985
2441
1318
1599
4509
1492
4539
2309
138
342
3365
3749
2543
4039
2686
1152
706
4873
2406
4091
1588
1434
474
1714
4752
223
2538
2256
3011
335
3398
1032
538
383
4047
4401
2330
4285
3661
1487
1905
3072
1875
4972
842
3342
1796
1899
3824
4776
4420
4415
3716
2760
1503
3059
4642
1123
3835
3452
3717
4368
4652
986
3302
510
338
3525
669
130
795
192
4083
1523
2303
2428
3403
3023
562
1794
3
1367
4724
696
897
30
1862
4632
2239
2497
2040
4841
3743
4630
2852
4879
163
1618
3863
924
846
4422
343
1688
3213
3732
3252
1614
3429
1293
4260
4881
878
3923
3169
903
307
957
1770
1568
4738
4792
4547
4621
3579
980
2915
2711
1081
2977
929
1889
3994
1342
2928
3391
1940
1788
2456
1556
1279
355
2302
1717
4056
2223
546
2414
2520
2453
3462
2559
2156
4705
2405
4450
2848
3858
2260
2710
2777
1305
2320
1289
1507
1307
4153
1146
206
2308
2830
2196
631
292
193
1679
770
4211
2827
4421
4279
3077
3500
37
277
1203
3032
1601
2089
3787
2575
1387
3560
4387
1964
1976
3248
3296
55
29
2537
1872
3850
3166
1673
814
900
3596
4385
3707
2254
3582
4377
1502
3801
1837
4417
295
4023
1164
4332
1830
3680
3601
2900
2289
4499
1331
449
4656
4739
1857
3196
4216
1971
4549
1583
1675
2348
1001
2725
31
714
4745
1749
2621
1
736
19
1753
356
2086
1668
47
693
2655
22
3140
1054
3350
341
3608
642
597
1792
2008
3132
1454
1009
2155
2565
1244
819
3110
42
3993
3949
210
3418
4780
2475
3154
3465
2959
4456
3074
4715
1383
4312
4184
4696
4412
3589
2973
4882
580
4247
4928
855
3098
3925
4288
1616
4832
839
2762
2023
4518
596
609
4944
2507
2868
4769
4268
1808
695
4596
3410
3127
153
2257
2009
735
1763
4304
3067
1911
1660
4080
2616
2960
611
517
3232
175
4908
1868
4689
2317
3281
2683
3820
1463
2524
4794
993
4860
3763
807
3896
3270
4775
2550
4261
4251
120
2240
3795
1281
4252
2721
928
2918
4523
3518
1850
3223
615
339
2564
3932
4384
3482
3659
694
1278
2738
4805
3219
3672
1276
86
4162
3611
237
2555
617
232
3285
917
2386
4007
1453
4961
3255
2509
3156
3352
296
1042
1117
65
3654
4111
3231
3805
3272
591
825
2527
4784
4089
4842
397
4843
1694
4142
4077
3978
3155
820
2060
3548
1890
1091
1101
3741
76
845
3752
3131
707
3310
4722
4366
3120
3826
1506
4124
2954
2744
3658
3886
2285
3736
3797
3983
2897
4798
172
4173
3450
2871
3942
4698
2967
4865
4744
3577
2985
4828
2530
4342
3798
1325
1061
4075
1956
238
711
2082
1779
1127
2128
1802
4239
2458
4804
1565
182
4623
1884
2720
1285
4687
4096
3054
481
297
213
708
189
3165
2292
1034
2292
3165
189
708
213
297
481
3054
4096
4687
1285
2720
1884
4623
182
1565
4804
2458
4239
1802
2128
1127
1779
2082
711
238
1956
4075
1061
1325
3798
4342
2530
4828
2985
3577
4744
4865
2967
4698
3942
2871
3450
4173
172
4798
2897
3983
3797
3736
2285
3886
3658
2744
2954
4124
1506
3826
3120
4366
4722
3310
707
3131
3752
845
76
3741
1101
1091
1890
3548
2060
820
3155
3978
4077
4142
1694
4843
397
4842
4089
4784
2527
825
591
3272
3805
3231
4111
3654
65
1117
1042
296
3352
3156
2509
3255
4961
1453
4007
2386
917
3285
232
617
2555
237
3611
4162
86
1276
3672
3219
4805
2738
1278
694
3659
3482
4384
3932
2564
339
615
3223
1850
3518
4523
2918
928
2721
4252
1281
3795
2240
120
4251
4261
2550
4775
3270
3896
807
3763
4860
993
4794
2524
1463
3820
2683
3281
2317
4689
1868
4908
175
3232
517
611
2960
2616
4080
1660
1911
3067
4304
1763
735
2009
2257
153
3127
3410
4596
695
1808
4268
4769
2868
2507
4944
609
596
4518
2023
2762
839
4832
1616
4288
3925
3098
855
4928
4247
580
4882
2973
3589
4412
4696
4184
4312
1383
4715
3074
4456
2959
3465
3154
2475
4780
3418
210
3949
3993
42
3110
819
1244
2565
2155
1009
1454
3132
2008
1792
597
642
3608
341
3350
1054
3140
22
2655
693
47
1668
2086
356
1753
19
736
1
3848
4257
3854
4195
3066
2724
1237
4
788
14
429
3784
1943
1728
2942
1401
606
2975
1449
4079
1390
162
1593
4220
104
304
1265
1631
514
1970
2279
4560
1162
1922
4772
2473
4911
3592
3836
2130
1505
4016
4265
3986
16
3913
4225
2154
2643
3087
1535
1499
3966
1645
3182
4307
491
3657
46
2300
1290
4943
981
3389
1148
3021
1260
1639
4375
3101
4019
2183
4673
3133
2469
779
4685
1545
4833
3312
2647
2709
627
1907
3311
3843
41
1997
4641
605
636
2503
3738
3625
4863
3893
2704
3064
1365
2856
608
4931
4618
1620
1300
3828
4768
4370
2639
3233
1553
2032
1407
4330
599
2490
2419
2718
3517
1776
4378
2982
2417
2876
3171
2782
3081
2908
4159
570
4923
2743
1915
3160
2630
2151
3348
4834
3928
1571
2797
4874
2660
2582
3058
2321
2995
575
1564
2369
1310
3407
3421
805
754
1596
1602
930
3162
3547
3228
3485
4221
4446
2867
1877
3514
3268
2929
1361
1864
2590
3129
1201
2677
332
2719
3957
4668
4423
1462
4675
4962
4088
3704
452
2775
2774
921
864
4587
4788
4411
2571
742
2642
2169
2273
563
4126
877
1816
1874
408
3616
4258
1384
4536
4177
844
2464
713
3757
955
1369
99
2791
43
2125
2249
3181
4896
991
1700
4055
2191
3841
3708
4393
4253
1022
3963
2055
448
4246
4052
2204
1737
2951
3765
4856
4969
3448
2436
3729
584
2521
4277
668
4277
2521
584
3729
2436
3448
4969
4856
3765
2951
1737
2204
4052
4246
448
2055
3963
1022
4253
4393
3708
3841
2191
4055
1700
991
4896
3181
2249
2125
43
2791
99
1369
955
3757
713
2464
844
4177
4536
1384
4258
3616
408
1874
1816
877
4126
563
2273
2169
2642
742
2571
4411
4788
4587
864
921
2774
2775
452
3704
4088
4962
4675
1462
4423
4668
3957
2719
332
2677
1201
3129
2590
1864
1361
2929
3268
3514
1877
2867
4446
4221
3485
3228
3547
3162
930
1602
1596
754
805
3421
3407
1310
2369
1564
575
2995
2321
3058
2582
2660
4874
2797
1571
3928
4834
3348
2151
2630
3160
1915
2743
4923
570
4159
2908
3081
2782
3171
2876
2417
2982
4378
1776
3517
2718
2419
2490
599
4330
1407
2032
1553
3233
2639
4370
4768
3828
1300
1620
4618
4931
608
2856
1365
3064
2704
3893
4863
3625
3738
2503
636
605
4641
1997
41
3843
3311
1907
627
2709
2647
3312
4833
1545
4685
779
2469
3133
4673
2183
4019
3101
4375
1639
1260
3021
1148
3389
981
4943
1290
2300
46
3657
491
4307
3182
1645
3966
1499
1535
3087
2643
2154
4225
3913
16
3986
4265
4016
1505
2130
3836
3592
4911
2473
4772
1922
1162
4560
2279
1970
514
1631
1265
304
104
4220
1593
162
1390
4079
1449
2975
606
1401
2942
1728
1943
3784
429
14
788
4
1237
2724
3066
4195
3854
4257
3848
1
2459
1208
3842
2301
3105
3211
2327
910
188
1404
4635
146
4380
3134
3010
1797
2235
4847
2669
4594
2771
1604
1522
2847
3612
3175
1209
2216
3068
4552
4224
4521
4563
4575
4717
1586
2561
289
1220
3108
3544
249
2572
4333
622
1855
2600
1919
3106
418
4508
2446
769
1111
325
245
195
4120
3812
1295
2870
751
3084
1090
410
4589
3853
4681
3200
4570
4210
4308
3143
1832
1261
4974
3540
643
3911
803
72
983
3194
3630
3554
3423
1296
4851
3890
169
2451
2498
3206
2783
287
4530
1033
4196
4576
686
2342
2211
892
1554
3623
393
650
4864
2486
3020
1791
1693
3794
3222
3314
3150
941
946
1150
912
2036
4513
2901
4661
3210
830
4199
2122
3195
3321
3388
1966
2632
1628
4714
455
3694
3610
1170
51
3008
1256
3542
1552
137
1116
3728
1579
3400
4227
4699
400
889
4591
1343
2754
1754
3051
1088
3638
1644
3381
4458
4753
2667
4317
2874
3445
3337
1996
2174
1824
1582
3236
36
1158
1998
4482
4360
442
4363
2531
4599
3737
884
652
3998
3424
815
4645
1747
4620
1247
515
3486
221
1214
2380
1441
3953
3572
1018
4496
1098
74
2958
4439
701
4588
1070
4676
758
496
2121
4522
1045
763
1665
975
3265
1706
1810
1634
1744
838
109
1711
530
3643
2610
4688
1494
2784
321
2017
3386
3495
2163
1607
2059
4121
1689
1984
4910
3069
479
3839
1346
140
1346
3839
479
3069
4910
1984
1689
4121
2059
1607
2163
3495
3386
2017
321
2784
1494
4688
2610
3643
530
1711
109
838
1744
1634
1810
1706
3265
975
1665
763
1045
4522
2121
496
758
4676
1070
4588
701
4439
2958
74
1098
4496
1018
3572
3953
1441
2380
1214
221
3486
515
1247
4620
1747
4645
815
3424
3998
652
884
3737
4599
2531
4363
442
4360
4482
1998
1158
36
3236
1582
1824
2174
1996
3337
3445
2874
4317
2667
4753
4458
3381
1644
3638
1088
3051
1754
2754
1343
4591
889
400
4699
4227
3400
1579
3728
1116
137
1552
3542
1256
3008
51
1170
3610
3694
455
4714
1628
2632
1966
3388
3321
3195
2122
4199
830
3210
4661
2901
4513
2036
912
1150
946
941
3150
3314
3222
3794
1693
1791
3020
2486
4864
650
393
3623
1554
892
2211
2342
686
4576
4196
1033
4530
287
2783
3206
2498
2451
169
3890
4851
1296
3423
3554
3630
3194
983
72
803
3911
643
3540
4974
1261
1832
3143
4308
4210
4570
3200
4681
3853
4589
410
1090
3084
751
2870
1295
3812
4120
195
245
325
1111
769
2446
4508
418
3106
1919
2600
1855
622
4333
2572
249
3544
3108
1220
289
2561
1586
4717
4575
4563
4521
4224
4552
3068
2216
1209
3175
3612
2847
1522
1604
2771
4594
2669
4847
2235
1797
3010
3134
4380
146
4635
1404
188
910
2327
3211
3105
2301
3842
1208
2459
1
1771
4959
3167
581
1584
4531
4658
543
2225
1268
2578
2534
1223
4934
4032
1440
2700
3253
2421
1156
632
58
4824
2422
3261
2145
3070
2956
2073
2408
4487
4795
1142
337
732
956
3937
2905
469
1746
2513
1782
3585
3539
4048
2229
2998
4403
1313
4480
1650
1051
4462
4313
1327
1707
1115
220
4103
92
3971
4041
159
2336
4649
1836
2170
229
24
1471
1519
2222
1193
2974
1648
1049
1457
2657
613
772
2844
4866
3274
894
3570
534
2696
3031
854
471
4664
2722
764
4766
278
4452
933
2185
1391
876
2226
4869
4148
467
3628
1129
1133
4266
4154
363
4296
1920
4872
1663
3770
1768
118
662
475
2007
2764
2410
3235
1165
4730
4114
3267
1926
3065
205
1301
789
3193
4102
2615
1422
634
4437
4477
3744
547
4031
3464
1198
3590
1725
1008
3158
167
327
571
1222
4612
2800
2423
2893
4887
255
272
2705
2763
1306
4388
3484
434
1363
761
542
679
4029
2909
1941
2865
2026
2792
586
4069
572
3320
1642
4556
4904
4397
4134
1024
4123
2605
3569
4158
3943
57
1731
4074
3091
4935
3909
2187
1264
3726
2190
1160
4010
2418
2391
2736
4064
3793
4726
3719
1255
3791
2851
4807
2388
4710
482
1849
1695
1732
4410
883
2192
524
2147
2150
1140
2496
4678
4914
2351
2807
2010
32
3866
1524
1973
507
2646
1328
3378
4226
2443
1014
3345
1988
2065
2053
537
4321
537
2053
2065
1988
3345
1014
2443
4226
3378
1328
2646
507
1973
1524
3866
32
2010
2807
2351
4914
4678
2496
1140
2150
2147
524
2192
883
4410
1732
1695
1849
482
4710
2388
4807
2851
3791
1255
3719
4726
3793
4064
2736
2391
2418
4010
1160
2190
3726
1264
2187
3909
4935
3091
4074
1731
57
3943
4158
3569
2605
4123
1024
4134
4397
4904
4556
1642
3320
572
4069
586
2792
2026
2865
1941
2909
4029
679
542
761
1363
434
3484
4388
1306
2763
2705
272
255
4887
2893
2423
2800
4612
1222
571
327
167
3158
1008
1725
3590
1198
3464
4031
547
3744
4477
4437
634
1422
2615
4102
3193
789
1301
205
3065
1926
3267
4114
4730
1165
3235
2410
2764
2007
475
662
118
1768
3770
1663
4872
1920
4296
363
4154
4266
1133
1129
3628
467
4148
4869
2226
876
1391
2185
933
4452
278
4766
764
2722
4664
471
854
3031
2696
534
3570
894
3274
4866
2844
772
613
2657
1457
1049
1648
2974
1193
2222
1519
1471
24
229
2170
1836
4649
2336
159
4041
3971
92
4103
220
1115
1707
1327
4313
4462
1051
1650
4480
1313
4403
2998
2229
4048
3539
3585
1782
2513
1746
469
2905
3937
956
732
337
1142
4795
4487
2408
2073
2956
3070
2145
3261
2422
4824
58
632
1156
2421
3253
2700
1440
4032
4934
1223
2534
2578
1268
2225
543
4658
4531
1584
581
3167
4959
1771
1
731
3734
3969
3919
3600
2896
4743
4169
3496
1738
626
3055
730
2770
710
2268
1676
2758
2767
2826
4732
2919
473
4579
4665
2588
987
1798
3565
3740
266
1286
916
4395
2230
2814
972
4345
1241
3778
1355
3119
431
45
4400
4061
4409
1681
3511
4875
3816
2062
4100
1248
786
2200
829
2364
4759
3313
4628
3151
687
1089
3748
2676
4271
822
228
3520
4318
4447
4945
2811
274
3328
2242
3938
1515
4381
4708
3491
3282
2202
273
2203
2875
4374
3602
798
3003
3655
4281
2377
3172
26
2979
4813
2439
4506
2064
1881
3956
4741
4213
4351
17
1831
851
2691
2869
465
1667
3173
4034
4924
2460
1615
1159
4809
2306
618
1004
3338
1464
424
2019
3492
1025
804
18
225
4002
2879
3385
84
126
4059
3451
3461
1959
80
1987
2355
3109
3130
3593
2675
4349
3463
15
3015
948
960
2808
604
1447
2058
501
108
487
4614
499
129
4137
4243
4625
3488
4867
123
1979
396
262
40
3309
709
2022
1185
976
4683
194
3653
4112
3220
2358
2108
2817
3422
1643
4463
426
4006
678
3507
4404
3204
901
2173
348
4139
457
2465
1591
4339
721
4619
3250
1274
380
4376
3334
1486
2454
1531
3830
4013
3974
2031
2105
2911
3991
4267
1191
4164
4600
4392
974
2620
2243
3562
2165
3157
378
549
717
3256
1550
1197
2005
3355
73
122
2030
256
3706
1726
3027
1621
1861
1621
3027
1726
3706
256
2030
122
73
3355
2005
1197
1550
3256
717
549
378
3157
2165
3562
2243
2620
974
4392
4600
4164
1191
4267
3991
2911
2105
2031
3974
4013
3830
1531
2454
1486
3334
4376
380
1274
3250
4619
721
4339
1591
2465
457
4139
348
2173
901
3204
4404
3507
678
4006
426
4463
1643
3422
2817
2108
2358
3220
4112
3653
194
4683
976
1185
2022
709
3309
40
262
396
1979
123
4867
3488
4625
4243
4137
129
499
4614
487
108
501
2058
1447
604
2808
960
948
3015
15
3463
4349
2675
3593
3130
3109
2355
1987
80
1959
3461
3451
4059
126
84
3385
2879
4002
225
18
804
1025
3492
2019
424
1464
3338
1004
618
2306
4809
1159
1615
2460
4924
4034
3173
1667
465
2869
2691
851
1831
17
4351
4213
4741
3956
1881
2064
4506
2439
4813
2979
26
3172
2377
4281
3655
3003
798
3602
4374
2875
2203
273
2202
3282
3491
4708
4381
1515
3938
2242
3328
274
2811
4945
4447
4318
3520
228
822
4271
2676
3748
1089
687
3151
4628
3313
4759
2364
829
2200
786
1248
4100
2062
3816
4875
3511
1681
4409
4061
4400
45
431
3119
1355
3778
1241
4345
972
2814
2230
4395
916
1286
266
3740
3565
1798
987
2588
4665
4579
473
2919
4732
2826
2767
2758
1676
2268
710
2770
730
3055
626
1738
3496
4169
4743
2896
3600
3919
3969
3734
731
1
1356
95
2544
567
2315
3762
2964
1352
698
1135
1613
1682
4170
2922
2747
4050
2887
3973
3005
620
1176
1430
2310
757
420
2337
932
310
4771
4636
3440
1092
3838
2186
4347
2411
422
529
211
2504
2749
2525
4233
4537
447
3666
4219
949
3092
828
2050
837
587
2195
438
607
2114
3179
3083
505
4125
4485
3584
4558
2515
2910
4565
260
2679
67
4958
1876
3563
3417
2930
2539
1163
3257
185
1684
1287
690
4916
4338
2232
4921
270
3624
4859
2491
461
4250
3571
3509
3524
4419
1299
1936
2457
3254
1199
4711
2988
286
1511
1860
353
1949
150
2141
4906
1130
2353
600
154
2215
288
811
2799
1113
4071
4161
3397
4274
3644
749
861
3774
177
1253
4605
922
616
4040
3598
3364
4106
3318
4086
4736
2863
330
2238
3968
3303
3409
4445
2409
1622
4276
999
4949
2088
3595
4894
3490
243
3273
4053
1245
1883
4516
2641
2568
1373
1228
2479
1345
3413
1200
2079
712
1551
131
2455
1633
4876
3359
2746
1058
1826
3300
4631
1865
1780
1284
1438
1322
737
963
3529
2663
3014
1630
2832
96
1400
2161
2359
1805
1137
560
3967
2474
1120
3894
4737
4371
4425
1896
4765
483
1678
3102
2246
53
1334
1518
365
308
2172
1813
2286
1047
1547
1823
1183
4212
56
1190
2403
1212
4078
3976
3819
4300
1105
1867
1581
2947
3588
675
1806
136
2139
2481
544
973
476
973
544
2481
2139
136
1806
675
3588
2947
1581
1867
1105
4300
3819
3976
4078
1212
2403
1190
56
4212
1183
1823
1547
1047
2286
1813
2172
308
365
1518
1334
53
2246
3102
1678
483
4765
1896
4425
4371
4737
3894
1120
2474
3967
560
1137
1805
2359
2161
1400
96
2832
1630
3014
2663
3529
963
737
1322
1438
1284
1780
1865
4631
3300
1826
1058
2746
3359
4876
1633
2455
131
1551
712
2079
1200
3413
1345
2479
1228
1373
2568
2641
4516
1883
1245
4053
3273
243
3490
4894
3595
2088
4949
999
4276
1622
2409
4445
3409
3303
3968
2238
330
2863
4736
4086
3318
4106
3364
3598
4040
616
922
4605
1253
177
3774
861
749
3644
4274
3397
4161
4071
1113
2799
811
288
2215
154
600
2353
1130
4906
2141
150
1949
353
1860
1511
286
2988
4711
1199
3254
2457
1936
1299
4419
3524
3509
3571
4250
461
2491
4859
3624
270
4921
2232
4338
4916
690
1287
1684
185
3257
1163
2539
2930
3417
3563
1876
4958
67
2679
260
4565
2910
2515
4558
3584
4485
4125
505
3083
3179
2114
607
438
2195
587
837
2050
828
3092
949
4219
3666
447
4537
4233
2525
2749
2504
211
529
422
2411
4347
2186
3838
1092
3440
4636
4771
310
932
2337
420
757
2310
1430
1176
620
3005
3973
2887
4050
2747
2922
4170
1682
1613
1135
698
1352
2964
3762
2315
567
2544
95
1356
1
2492
2312
3411
3112
2104
2599
4364
2027
2099
1773
1715
3800
3468
1719
1895
2413
4922
1722
1657
3205
1870
1153
4925
2374
2854
3742
3373
4082
4044
1542
3755
312
1397
649
2813
682
1666
1811
3530
2350
1766
2750
1332
843
160
1138
3550
2962
1439
1154
1181
4132
4952
2136
1527
1589
2634
2267
2184
2251
1705
3489
3869
2003
834
2601
4394
594
4037
2069
1337
4613
3970
4335
4464
2091
2772
1186
4942
3340
2012
2511
358
1809
3028
2291
4262
802
4135
582
644
4568
4797
2888
2028
4598
4430
1452
3676
2895
743
935
4187
577
685
2107
2776
1149
3827
3687
1751
4098
4725
4629
1267
2540
3039
885
3641
3478
593
3304
1528
3860
1651
3168
3277
3125
1769
1080
1210
4149
2890
3622
3349
4953
852
1908
3094
556
1083
349
2444
48
2512
4359
4918
4493
3725
4426
3647
1442
2470
1786
2885
3183
4979
1513
4582
3817
3115
132
2385
2843
3652
216
3873
1735
823
536
235
3123
4179
3874
4659
4269
1818
945
740
451
2056
2375
2046
4018
1451
85
3769
746
4017
3541
4639
3948
1013
4008
3897
4193
1432
2613
4448
2415
1741
1968
71
521
623
680
768
718
1283
896
1491
4981
3376
2766
4273
2389
2329
1989
726
1219
1472
300
666
4326
3480
1428
4497
2706
977
2093
835
3043
1145
2345
2508
2146
4891
2533
2361
4434
4662
4909
2266
552
4548
1913
3180
681
793
681
3180
1913
4548
552
2266
4909
4662
4434
2361
2533
4891
2146
2508
2345
1145
3043
835
2093
977
2706
4497
1428
3480
4326
666
300
1472
1219
726
1989
2329
2389
4273
2766
3376
4981
1491
896
1283
718
768
680
623
521
71
1968
1741
2415
4448
2613
1432
4193
3897
4008
1013
3948
4639
3541
4017
746
3769
85
1451
4018
2046
2375
2056
451
740
945
1818
4269
4659
3874
4179
3123
235
536
823
1735
3873
216
3652
2843
2385
132
3115
3817
4582
1513
4979
3183
2885
1786
2470
1442
3647
4426
3725
4493
4918
4359
2512
48
2444
349
1083
556
3094
1908
852
4953
3349
3622
2890
4149
1210
1080
1769
3125
3277
3168
1651
3860
1528
3304
593
3478
3641
885
3039
2540
1267
4629
4725
4098
1751
3687
3827
1149
2776
2107
685
577
4187
935
743
2895
3676
1452
4430
4598
2028
2888
4797
4568
644
582
4135
802
4262
2291
3028
1809
358
2511
2012
3340
4942
1186
2772
2091
4464
4335
3970
4613
1337
2069
4037
594
4394
2601
834
2003
3869
3489
1705
2251
2184
2267
2634
1589
1527
2136
4952
4132
1181
1154
1439
2962
3550
1138
160
843
1332
2750
1766
2350
3530
1811
1666
682
2813
649
1397
312
3755
1542
4044
4082
3373
3742
2854
2374
4925
1153
1870
3205
1657
1722
4922
2413
1895
1719
3468
3800
1715
1773
2099
2027
4364
2599
2104
3112
3411
2312
2492
1
1229
2449
4263
2194
4478
98
1853
1767
3469
2054
1427
2932
4028
665
1298
3142
4264
1902
3442
4194
3910
4900
3609
2471
4390
4084
1062
4336
3567
2981
723
4817
4259
134
2477
4282
463
756
4416
4650
1573
3431
386
4182
603
2726
1371
294
2178
439
3030
2983
1385
3982
4907
2149
3088
3306
858
4557
3001
2986
2755
4361
4138
4151
2681
561
2650
3878
2013
2522
1172
3472
3103
3153
2198
629
1541
2966
942
1421
2207
2250
1879
4146
2197
2878
1297
1655
3406
2259
4960
2857
729
3460
3319
3315
3952
3667
4602
2376
1086
2965
1829
1068
1456
3439
4432
498
20
926
133
2241
1921
1947
2398
2000
1880
3895
1963
1525
2798
3238
2574
3260
646
3292
3668
860
1374
1052
2902
3975
1242
4977
778
1623
4046
4706
2839
2024
704
947
1512
399
4886
268
2272
3619
1143
4973
702
4592
3958
1692
4275
413
251
4819
2786
1413
1834
3713
444
4236
908
2872
808
3217
4796
2866
4826
1118
1912
3512
1606
3242
4684
576
334
2892
329
2253
3669
4940
3964
2741
511
4694
553
1758
4486
2850
1192
891
158
550
4779
2160
4234
4063
3965
4133
1333
800
196
3007
401
3773
4009
2846
3266
3984
1266
4248
3617
2562
2051
4936
1076
3575
313
209
619
2094
3627
488
2790
2907
1670
1122
3960
1572
4877
1656
114
2236
1567
4292
3339
970
2111
863
5
724
1933
328
3875
328
1933
724
5
863
2111
970
3339
4292
1567
2236
114
1656
4877
1572
3960
1122
1670
2907
2790
488
3627
2094
619
209
313
3575
1076
4936
2051
2562
3617
4248
1266
3984
3266
2846
4009
3773
401
3007
196
800
1333
4133
3965
4063
4234
2160
4779
550
158
891
1192
2850
4486
1758
553
4694
511
2741
3964
4940
3669
2253
329
2892
334
576
4684
3242
1606
3512
1912
1118
4826
2866
4796
3217
808
2872
908
4236
444
3713
1834
1413
2786
4819
251
413
4275
1692
3958
4592
702
4973
1143
3619
2272
268
4886
399
1512
947
704
2024
2839
4706
4046
1623
778
4977
1242
3975
2902
1052
1374
860
3668
3292
646
3260
2574
3238
2798
1525
1963
3895
1880
2000
2398
1947
1921
2241
133
926
20
498
4432
3439
1456
1068
1829
2965
1086
2376
4602
3667
3952
3315
3319
3460
729
2857
4960
2259
3406
1655
1297
2878
2197
4146
1879
2250
2207
1421
942
2966
1541
629
2198
3153
3103
3472
1172
2522
2013
3878
2650
561
2681
4151
4138
4361
2755
2986
3001
4557
858
3306
3088
2149
4907
3982
1385
2983
3030
439
2178
294
1371
2726
603
4182
386
3431
1573
4650
4416
756
463
4282
2477
134
4259
4817
723
2981
3567
4336
1062
4084
4390
2471
3609
4900
3910
4194
3442
1902
4264
3142
1298
665
4028
2932
1427
2054
3469
1767
1853
98
4478
2194
4263
2449
1229
1
4849
1898
4858
1777
2438
4470
4204
2584
1481
199
4209
2290
1916
1320
3437
359
2626
4143
174
368
4051
423
2420
4978
2714
3016
2687
2076
790
100
3632
4460
2437
1110
4035
3516
4449
367
1845
887
500
3278
2466
1671
155
2699
2018
1764
4022
3387
1924
4131
3933
149
755
2396
2167
3419
1948
2552
2447
1234
4373
2789
4067
247
2500
602
3000
1473
3402
89
3362
1252
446
1027
2483
4471
2234
1478
3745
777
1978
4633
4343
1399
2037
3671
2701
969
3954
4025
4166
3275
3918
738
412
2360
1167
2952
1074
2119
990
227
477
82
3053
4241
4580
4892
128
2501
3829
700
485
246
2493
2384
1906
2993
3370
2011
4773
1549
1548
170
2635
303
1500
3259
994
4666
4020
1461
1632
2796
1417
222
4803
2442
1856
3915
787
373
1067
319
1975
3080
659
595
230
4003
2506
4145
105
4802
4256
2812
3372
2904
3354
3393
419
281
827
1136
2729
1380
2855
4781
1558
775
4192
3144
3185
1238
4129
3368
403
630
4405
3865
3887
3044
181
1006
4920
3775
4085
3679
2734
1132
865
1819
2487
573
2287
4167
3927
1672
1800
1107
3924
454
4489
394
3458
1820
4524
4483
2347
3692
1662
2864
1891
4693
1060
2576
1263
2899
1360
3523
3634
2164
1308
4951
3877
347
4888
2969
964
2182
3099
1038
1479
3677
4495
747
427
2703
3940
3013
512
3807
3722
2432
1691
2618
4036
2618
1691
2432
3722
3807
512
3013
3940
2703
427
747
4495
3677
1479
1038
3099
2182
964
2969
4888
347
3877
4951
1308
2164
3634
3523
1360
2899
1263
2576
1060
4693
1891
2864
1662
3692
2347
4483
4524
1820
3458
394
4489
454
3924
1107
1800
1672
3927
4167
2287
573
2487
1819
865
1132
2734
3679
4085
3775
4920
1006
181
3044
3887
3865
4405
630
403
3368
4129
1238
3185
3144
4192
775
1558
4781
2855
1380
2729
1136
827
281
419
3393
3354
2904
3372
2812
4256
4802
105
4145
2506
4003
230
595
659
3080
1975
319
1067
373
787
3915
1856
2442
4803
222
1417
2796
1632
1461
4020
4666
994
3259
1500
303
2635
170
1548
1549
4773
2011
3370
2993
1906
2384
2493
246
485
700
3829
2501
128
4892
4580
4241
3053
82
477
227
990
2119
1074
2952
1167
2360
412
738
3918
3275
4166
4025
3954
969
2701
3671
2037
1399
4343
4633
1978
777
3745
1478
2234
4471
2483
1027
446
1252
3362
89
3402
1473
3000
602
2500
247
4067
2789
4373
1234
2447
2552
1948
3419
2167
2396
755
149
3933
4131
1924
3387
4022
1764
2018
2699
155
1671
2466
3278
500
887
1845
367
4449
3516
4035
1110
2437
4460
3632
100
790
2076
2687
3016
2714
4978
2420
423
4051
368
174
4143
2626
359
3437
1320
1916
2290
4209
199
1481
2584
4204
4470
2438
1777
4858
1898
4849
1
2425
3305
1750
548
3695
3184
4128
2994
2665
2112
3700
3438
4021
833
2656
3979
4707
2891
4646
1962
2416
4770
1828
3881
106
4502
4188
2070
3861
2596
3586
4337
495
259
346
3532
2883
2322
3522
4000
1161
1433
2581
784
925
52
533
226
927
2780
2281
4643
392
2802
1048
4583
466
3358
4315
1635
3709
880
1674
2219
3475
1275
2920
3227
231
3604
2346
1084
484
3283
3002
4459
1304
1246
88
640
3645
3876
3201
1402
4917
4577
97
4396
1654
4303
2563
1496
4976
1783
1112
4835
2427
4372
3298
2913
1394
1900
4971
2781
4369
1504
2233
4821
509
1785
3656
2617
3336
1859
569
2628
78
4540
3837
1669
2407
3111
2153
3470
1094
3701
1977
425
882
1716
3240
2213
2557
3538
3164
1609
3660
3796
2664
4427
4468
3766
1282
4603
63
3574
3057
3578
2080
1134
655
915
895
1953
1448
592
1799
3753
2397
3899
2597
4183
4294
4457
116
4280
3428
1570
351
290
4692
3152
2090
4147
1330
3908
2840
959
2860
952
1288
776
813
532
3521
3017
1431
1378
4490
1179
1382
4289
2934
1347
421
4674
1903
4512
3280
2467
3705
4948
75
1598
409
3545
4424
853
2255
1477
4302
4191
516
4038
4933
4472
3289
1202
2976
1532
3916
4764
3576
4562
253
4790
2769
1991
4141
3473
3301
1375
197
1102
3703
4634
914
4546
3149
1647
2244
3990
1141
1173
1574
2546
2298
3399
3324
3399
2298
2546
1574
1173
1141
3990
2244
1647
3149
4546
914
4634
3703
1102
197
1375
3301
3473
4141
1991
2769
4790
253
4562
3576
4764
3916
1532
2976
1202
3289
4472
4933
4038
516
4191
4302
1477
2255
853
4424
3545
409
1598
75
4948
3705
2467
3280
4512
1903
4674
421
1347
2934
4289
1382
1179
4490
1378
1431
3017
3521
532
813
776
1288
952
2860
959
2840
3908
1330
4147
2090
3152
4692
290
351
1570
3428
4280
116
4457
4294
4183
2597
3899
2397
3753
1799
592
1448
1953
895
915
655
1134
2080
3578
3057
3574
63
4603
1282
3766
4468
4427
2664
3796
3660
1609
3164
3538
2557
2213
3240
1716
882
425
1977
3701
1094
3470
2153
3111
2407
1669
3837
4540
78
2628
569
1859
3336
2617
3656
1785
509
4821
2233
1504
4369
2781
4971
1900
1394
2913
3298
4372
2427
4835
1112
1783
4976
1496
2563
4303
1654
4396
97
4577
4917
1402
3201
3876
3645
640
88
1246
1304
4459
3002
3283
484
1084
2346
3604
231
3227
2920
1275
3475
2219
1674
880
3709
1635
4315
3358
466
4583
1048
2802
392
4643
2281
2780
927
226
533
52
925
784
2581
1433
1161
4000
3522
2322
2883
3532
346
259
495
4337
3586
2596
3861
2070
4188
4502
106
3881
1828
4770
2416
1962
4646
2891
4707
3979
2656
833
4021
3438
3700
2112
2665
2994
4128
3184
3695
548
1750
3305
2425
1
4761
1349
3218
2805
3513
919
2984
3788
1139
1821
2462
1079
1566
3699
2463
66
821
2518
3371
692
1649
2001
3771
1368
4435
531
4808
2862
2140
3139
4567
2332
3992
625
954
4116
3648
628
3050
3510
4529
3060
2586
3045
4559
2752
2598
436
101
657
331
4334
3075
318
841
4713
677
4543
1231
4092
564
1075
1204
508
4820
322
1315
4238
1817
1277
1974
4428
3446
2673
1495
3785
3857
984
2269
3405
2569
1605
4087
1612
208
2084
2970
3351
728
2208
3100
1026
2695
2029
2924
2608
4825
1221
2282
689
2116
967
4413
4957
565
996
1526
264
4964
3907
1353
3526
250
156
3901
3375
4278
1053
2085
3799
3041
2593
1188
299
3090
263
443
4526
4354
4822
1066
1376
3985
1218
1536
1563
1585
1215
2972
2043
1762
151
4670
2412
1592
1254
2188
4283
2014
2020
1543
1036
3559
3122
2394
2177
374
3906
4800
3710
2587
291
2622
918
1002
4042
684
1257
893
503
113
4734
4782
2583
1077
965
239
4941
3515
1480
119
2793
1841
4870
1405
2063
4748
1925
1314
1983
3814
388
3903
2142
2835
2072
1931
2819
2950
2247
856
3114
25
4690
147
2882
4823
1611
2688
1641
535
1175
3825
4481
2294
3356
1969
1262
2820
2633
664
4254
3453
3980
3366
3823
142
868
1699
3369
1838
3891
1990
4762
3024
1720
4117
2096
3557
881
1005
2916
1624
2134
1174
1184
2842
212
3640
212
2842
1184
1174
2134
1624
2916
1005
881
3557
2096
4117
1720
3024
4762
1990
3891
1838
3369
1699
868
142
3823
3366
3980
3453
4254
664
2633
2820
1262
1969
3356
2294
4481
3825
1175
535
1641
2688
1611
4823
2882
147
4690
25
3114
856
2247
2950
2819
1931
2072
2835
2142
3903
388
3814
1983
1314
1925
4748
2063
1405
4870
1841
2793
119
1480
3515
4941
239
965
1077
2583
4782
4734
113
503
893
1257
684
4042
1002
918
2622
291
2587
3710
4800
3906
374
2177
2394
3122
3559
1036
1543
2020
2014
4283
2188
1254
1592
2412
4670
151
1762
2043
2972
1215
1585
1563
1536
1218
3985
1376
1066
4822
4354
4526
443
263
3090
299
1188
2593
3041
3799
2085
1053
4278
3375
3901
156
250
3526
1353
3907
4964
264
1526
996
565
4957
4413
967
2116
689
2282
1221
4825
2608
2924
2029
2695
1026
3100
2208
728
3351
2970
2084
208
1612
4087
1605
2569
3405
2269
984
3857
3785
1495
2673
3446
4428
1974
1277
1817
4238
1315
322
4820
508
1204
1075
564
4092
1231
4543
677
4713
841
318
3075
4334
331
657
101
436
2598
2752
4559
3045
2586
3060
4529
3510
3050
628
3648
4116
954
625
3992
2332
4567
3139
2140
2862
4808
531
4435
1368
3771
2001
1649
692
3371
2518
821
66
2463
3699
1566
1079
2462
1821
1139
3788
2984
919
3513
2805
3218
1349
4761
1
4066
4655
4855
3408
3649
554
4617
411
4749
2659
4181
3412
7
121
4311
4615
4532
3849
762
1935
658
1350
217
4903
1419
3864
4733
1577
4436
2603
2445
2299
4541
3633
1882
21
494
2495
283
369
4967
4237
2002
168
3581
637
70
3735
2853
1096
4853
1839
2580
4545
2690
1994
4551
551
4767
2849
4043
558
2021
1012
1600
4578
3803
23
1364
633
523
3534
4168
3946
4554
152
3988
2218
4955
4846
4624
4076
489
4004
91
2570
2092
1396
1784
3995
4885
3141
402
2356
3739
269
2404
3124
3344
4299
1389
4001
3481
184
1757
4465
792
141
1426
2033
3564
1945
2162
3871
2693
2556
50
2751
3215
1187
2824
3568
3138
11
2886
2666
1603
1381
4534
3294
3503
135
504
2081
4893
3056
2387
3696
3117
3191
1917
1029
2277
1240
583
2049
3186
1539
2708
2548
1466
4572
2472
3642
4223
3786
3502
3756
1392
909
3501
1194
435
3449
1835
890
1617
180
2636
3997
3884
4476
3295
911
4208
1508
555
1121
1021
1842
173
94
1685
4150
4852
2803
1403
3804
265
1944
4058
3760
4806
2716
4604
2728
1708
598
3291
1659
2836
1778
3834
293
3792
4912
2078
64
1087
1206
3107
3297
3621
988
4758
254
406
1517
3493
102
3768
4731
3029
1736
2370
2595
3972
3674
648
1608
4073
4290
1661
1072
1597
1804
2838
2264
165
3888
4171
4593
3474
588
1745
202
4461
610
2316
610
4461
202
1745
588
3474
4593
4171
3888
165
2264
2838
1804
1597
1072
1661
4290
4073
1608
648
3674
3972
2595
2370
1736
3029
4731
3768
102
3493
1517
406
254
4758
988
3621
3297
3107
1206
1087
64
2078
4912
3792
293
3834
1778
2836
1659
3291
598
1708
2728
4604
2716
4806
3760
4058
1944
265
3804
1403
2803
4852
4150
1685
94
173
1842
1021
1121
555
1508
4208
911
3295
4476
3884
3997
2636
180
1617
890
1835
3449
435
1194
3501
909
1392
3756
3502
3786
4223
3642
2472
4572
1466
2548
2708
1539
3186
2049
583
1240
2277
1029
1917
3191
3117
3696
2387
3056
4893
2081
504
135
3503
3294
4534
1381
1603
2666
2886
11
3138
3568
2824
1187
3215
2751
50
2556
2693
3871
2162
1945
3564
2033
1426
141
792
4465
1757
184
3481
4001
1389
4299
3344
3124
2404
269
3739
2356
402
3141
4885
3995
1784
1396
2092
2570
91
4004
489
4076
4624
4846
4955
2218
3988
152
4554
3946
4168
3534
523
633
1364
23
3803
4578
1600
1012
2021
558
4043
2849
4767
551
4551
1994
2690
4545
2580
1839
4853
1096
2853
3735
70
637
3581
168
2002
4237
4967
369
283
2495
494
21
1882
3633
4541
2299
2445
2603
4436
1577
4733
3864
1419
4903
217
1350
658
1935
762
3849
4532
4615
4311
121
7
3412
4181
2659
4749
411
4617
554
3649
3408
4855
4655
4066
1
3159
112
744
1533
3606
1946
4097
3076
62
4756
3614
2340
2579
4647
1833
661
3917
3561
2199
3818
2168
4718
59
4094
4747
2727
3290
2889
826
4679
1412
391
2426
2378
1019
4671
3042
2221
1418
3239
3931
902
4402
3095
3343
4947
4538
635
4709
840
2756
3531
3307
4626
612
2629
4956
3331
3444
2788
445
3686
10
450
4519
1099
2041
4344
4850
2997
3637
767
2999
1854
4721
1789
4406
670
739
2779
2809
1843
1031
982
765
3034
4305
859
3247
3188
4440
4837
653
2987
1514
3249
3811
4682
3904
2338
4919
4389
2066
2124
2745
3498
3691
2707
179
3675
2152
621
2651
4190
198
1324
3782
1914
1696
968
2566
2276
1534
4954
398
1982
2989
705
110
1420
1801
886
783
2288
2837
2671
441
1216
1436
3071
4861
2637
3243
2680
4517
4926
2553
1930
1273
2323
3939
2818
1100
3930
888
2228
1878
847
3086
2884
2045
1078
3689
1729
519
818
4691
4880
4316
4571
1358
4838
1483
1812
4500
794
836
301
176
1727
1664
1106
995
1795
2485
645
1501
4980
506
311
282
1414
1178
2921
1702
4329
3639
1814
2903
4616
2536
3441
2658
2668
3912
3216
3987
2035
540
1640
4104
4475
2144
4244
3613
77
1040
1455
2283
3815
4287
1309
2823
157
4068
2990
1251
4005
1311
2067
3401
1379
3322
671
1450
61
1952
1739
144
4663
219
782
4160
3360
1230
4573
1437
2025
1393
4982
