1
1677
4436
156
1076
1832
4607
2295
904
761
2048
3807
3522
3107
1561
2186
1824
811
1539
4517
3321
3145
1819
2285
1185
2025
3984
2114
1614
4462
2298
2907
1827
2563
433
3297
675
1908
2485
3298
4466
786
4284
2208
1889
1547
4646
3701
3420
2919
4878
113
3203
3547
3365
217
3572
2766
698
3467
468
4856
937
4588
814
482
4196
2482
4894
4804
1879
1284
1786
1745
2
3587
3443
889
1313
3599
778
4062
2613
4158
3021
195
882
3023
2328
2923
2729
1846
2823
4392
3028
2209
2608
3980
2451
2156
4979
2224
4448
137
1499
3182
577
1717
3908
2361
2557
2920
3553
3435
4688
3554
4733
4696
4347
3719
2484
3913
3986
4886
1164
845
4792
3868
4327
1864
1253
2503
1823
2368
3307
4509
64
3823
2312
3082
1595
1598
4208
2601
1304
1613
689
1282
1015
3048
1942
3749
4346
3846
2662
687
3858
3462
2231
171
3812
2280
4092
4363
2957
1237
84
347
4328
864
3132
774
376
1445
1812
3327
1100
95
2458
181
168
1470
2988
214
1979
4264
1734
3771
1388
1088
2164
1207
4398
3578
4384
3263
4892
2665
541
3961
140
487
3506
1071
2969
1456
4190
3646
3856
4095
147
493
2098
1277
236
4974
2998
3534
235
35
1929
4428
868
4426
3830
1815
4748
4967
4564
1035
1000
2188
4038
4612
2617
1286
2798
4317
2288
114
1442
186
4571
4645
3826
4225
4402
1069
3127
2695
3127
1069
4402
4225
3826
4645
4571
186
1442
114
2288
4317
2798
1286
2617
4612
4038
2188
1000
1035
4564
4967
4748
1815
3830
4426
868
4428
1929
35
235
3534
2998
4974
236
1277
2098
493
147
4095
3856
3646
4190
1456
2969
1071
3506
487
140
3961
541
2665
4892
3263
4384
3578
4398
1207
2164
1088
1388
3771
1734
4264
1979
214
2988
1470
168
181
2458
95
1100
3327
1812
1445
376
774
3132
864
4328
347
84
1237
2957
4363
4092
2280
3812
171
2231
3462
3858
687
2662
3846
4346
3749
1942
3048
1015
1282
689
1613
1304
2601
4208
1598
1595
3082
2312
3823
64
4509
3307
2368
1823
2503
1253
1864
4327
3868
4792
845
1164
4886
3986
3913
2484
3719
4347
4696
4733
3554
4688
3435
3553
2920
2557
2361
3908
1717
577
3182
1499
137
4448
2224
4979
2156
2451
3980
2608
2209
3028
4392
2823
1846
2729
2923
2328
3023
882
195
3021
4158
2613
4062
778
3599
1313
889
3443
3587
2
1745
1786
1284
1879
4804
4894
2482
4196
482
814
4588
937
4856
468
3467
698
2766
3572
217
3365
3547
3203
113
4878
2919
3420
3701
4646
1547
1889
2208
4284
786
4466
3298
2485
1908
675
3297
433
2563
1827
2907
2298
4462
1614
2114
3984
2025
1185
2285
1819
3145
3321
4517
1539
811
1824
2186
1561
3107
3522
3807
2048
761
904
2295
4607
1832
1076
156
4436
1677
1
3545
1809
2270
3433
3045
1357
2386
2292
4783
1328
1893
1947
1804
1764
1604
3272
2565
4621
3527
240
4017
4654
3227
4060
1047
4928
641
3188
970
2899
1784
4110
496
682
4344
3240
409
1877
2669
470
540
1332
2106
909
3963
4161
3334
3198
3904
392
2129
4123
1871
265
4083
4102
1943
4280
1345
337
1555
1624
4667
158
4458
2824
1119
4752
3442
2153
2820
2021
3471
4674
4934
403
1362
3848
2467
662
182
2628
2700
575
3839
4948
890
4706
3656
3202
4375
1242
3965
4476
4329
1501
401
2179
228
2401
4066
2005
3236
61
4438
2637
2590
4705
4086
3200
3215
3706
484
1120
3440
905
1423
791
656
3468
1702
903
1938
2373
2834
2976
319
2293
2764
1416
1271
1422
1432
686
3178
2574
3628
4314
714
2177
3108
4874
1749
1281
1890
1993
4730
4469
3531
4975
1098
2688
4532
1860
2488
2414
2311
4400
3735
2191
2649
1935
3906
4492
1576
2240
3580
4218
1425
4690
1458
3584
1507
4924
3022
3521
4056
3714
288
2382
3559
2807
2728
3278
1441
2459
3035
253
4797
3979
4567
2043
3089
1003
2716
2245
3918
357
3421
610
2472
2155
3243
4745
2408
2950
2083
1192
3647
4563
221
1968
1333
846
400
495
3729
1377
4925
4180
4664
2802
2949
4413
2598
4553
2234
4349
2784
4173
1625
1636
4617
4767
1974
382
1533
549
4277
1996
1278
3419
1167
4179
1801
2736
3352
2758
1354
2758
3352
2736
1801
4179
1167
3419
1278
1996
4277
549
1533
382
1974
4767
4617
1636
1625
4173
2784
4349
2234
4553
2598
4413
2949
2802
4664
4180
4925
1377
3729
495
400
846
1333
1968
221
4563
3647
1192
2083
2950
2408
4745
3243
2155
2472
610
3421
357
3918
2245
2716
1003
3089
2043
4567
3979
4797
253
3035
2459
1441
3278
2728
2807
3559
2382
288
3714
4056
3521
3022
4924
1507
3584
1458
4690
1425
4218
3580
2240
1576
4492
3906
1935
2649
2191
3735
4400
2311
2414
2488
1860
4532
2688
1098
4975
3531
4469
4730
1993
1890
1281
1749
4874
3108
2177
714
4314
3628
2574
3178
686
1432
1422
1271
1416
2764
2293
319
2976
2834
2373
1938
903
1702
3468
656
791
1423
905
3440
1120
484
3706
3215
3200
4086
4705
2590
2637
4438
61
3236
2005
4066
2401
228
2179
401
1501
4329
4476
3965
1242
4375
3202
3656
4706
890
4948
3839
575
2700
2628
182
662
2467
3848
1362
403
4934
4674
3471
2021
2820
2153
3442
4752
1119
2824
4458
158
4667
1624
1555
337
1345
4280
1943
4102
4083
265
1871
4123
2129
392
3904
3198
3334
4161
3963
909
2106
1332
540
470
2669
1877
409
3240
4344
682
496
4110
1784
2899
970
3188
641
4928
1047
4060
3227
4654
4017
240
3527
4621
2565
3272
1604
1764
1804
1947
1893
1328
4783
2292
2386
1357
3045
3433
2270
1809
3545
1
812
820
2751
4027
4757
4305
1663
946
2220
1982
298
1005
1554
2867
406
3446
685
627
3748
3608
4482
3306
4626
2468
10
80
179
3926
1973
2879
2910
764
602
1036
2376
4034
2296
123
3387
1054
1148
2526
3069
3136
3338
1150
772
1172
1863
863
1794
3289
2538
3610
4431
3969
2715
3546
1319
4834
4935
3208
1306
700
4744
4663
2225
2882
4187
4312
3033
334
1994
578
3286
1848
4919
4015
2032
4397
4093
478
4727
3677
4294
752
1970
4619
2591
1321
3951
1340
4253
4343
3244
4303
4885
369
4023
3699
3763
2427
466
2023
2122
461
2717
2763
906
385
4677
4051
2341
393
986
1796
825
277
2780
2174
2342
4937
1295
1958
616
4835
60
4683
4287
143
1517
3100
3060
4565
1769
1830
4107
1709
557
4717
828
2473
3277
151
539
4416
4595
4950
2309
456
2410
2065
3179
3860
563
233
3068
3333
4205
3516
1674
555
1603
1329
1334
2508
4143
422
4755
614
726
2911
1503
3816
4335
2596
1563
4406
4513
2986
4618
2012
2315
1516
3010
3401
3929
1171
4217
339
1368
2932
3354
2187
2254
2786
2013
3139
3819
1687
1828
1995
1600
1211
2394
1836
4020
1467
141
2107
3294
945
2929
278
612
3404
4427
4511
4048
3954
4270
3982
4371
2839
2305
2480
1043
255
4405
2326
3734
4237
4922
2009
1567
3117
4292
3411
2771
1448
98
163
1146
4192
1689
3573
1868
4845
1670
4845
1868
3573
1689
4192
1146
163
98
1448
2771
3411
4292
3117
1567
2009
4922
4237
3734
2326
4405
255
1043
2480
2305
2839
4371
3982
4270
3954
4048
4511
4427
3404
612
278
2929
945
3294
2107
141
1467
4020
1836
2394
1211
1600
1995
1828
1687
3819
3139
2013
2786
2254
2187
3354
2932
1368
339
4217
1171
3929
3401
3010
1516
2315
2012
4618
2986
4513
4406
1563
2596
4335
3816
1503
2911
726
614
4755
422
4143
2508
1334
1329
1603
555
1674
3516
4205
3333
3068
233
563
3860
3179
2065
2410
456
2309
4950
4595
4416
539
151
3277
2473
828
4717
557
1709
4107
1830
1769
4565
3060
3100
1517
143
4287
4683
60
4835
616
1958
1295
4937
2342
2174
2780
277
825
1796
986
393
2341
4051
4677
385
906
2763
2717
461
2122
2023
466
2427
3763
3699
4023
369
4885
4303
3244
4343
4253
1340
3951
1321
2591
4619
1970
752
4294
3677
4727
478
4093
4397
2032
4015
4919
1848
3286
578
1994
334
3033
4312
4187
2882
2225
4663
4744
700
1306
3208
4935
4834
1319
3546
2715
3969
4431
3610
2538
3289
1794
863
1863
1172
772
1150
3338
3136
3069
2526
1148
1054
3387
123
2296
4034
2376
1036
602
764
2910
2879
1973
3926
179
80
10
2468
4626
3306
4482
3608
3748
627
685
3446
406
2867
1554
1005
298
1982
2220
946
1663
4305
4757
4027
2751
820
812
1
4782
1217
3784
3953
3137
701
3248
332
2275
4655
4463
3330
121
4177
4425
4372
3118
441
1619
2663
3304
4313
2738
453
2304
1382
1725
4296
3916
3083
2471
4246
3967
1865
2964
1553
2822
1888
2483
4732
284
2857
4870
1855
3131
989
1765
4713
1056
4445
3219
935
1873
1142
1961
3775
562
3640
1740
1612
2136
756
2799
1013
3305
2435
553
960
964
2029
4119
2936
3743
2425
3800
203
4474
4108
1755
2365
1215
2983
1173
1194
1978
1616
4396
2087
213
722
2040
2250
4753
2066
1896
4877
2845
2358
2160
4911
605
663
1288
4382
301
480
3508
41
2274
2416
2413
1698
900
363
1058
2397
2685
3086
1536
4694
4976
3406
651
1572
2523
4779
360
3454
2123
3247
4061
831
1756
2555
547
3319
4223
78
4039
3494
3549
1566
3525
590
3130
4536
817
4358
3255
2222
3300
1790
4818
4758
3466
4518
2286
1016
4673
4498
3625
719
3027
450
2650
4100
2437
1798
501
643
8
2595
3994
2989
1971
4915
4653
4971
2239
3679
3894
3158
1497
1710
1180
4236
3057
4174
82
4228
4059
3586
538
661
4914
2175
1711
3030
464
3774
527
1605
744
1059
4435
749
4599
2132
1662
4281
3251
3006
724
3999
449
3639
2614
503
4558
1130
2934
6
1618
4724
18
1727
1578
3423
4140
3418
76
1053
2796
3245
1647
1188
62
3650
1885
713
3754
160
2165
2442
4889
1916
142
3995
48
3995
142
1916
4889
2442
2165
160
3754
713
1885
3650
62
1188
1647
3245
2796
1053
76
3418
4140
3423
1578
1727
18
4724
1618
6
2934
1130
4558
503
2614
3639
449
3999
724
3006
3251
4281
1662
2132
4599
749
4435
1059
744
1605
527
3774
464
3030
1711
2175
4914
661
538
3586
4059
4228
82
4174
3057
4236
1180
1710
1497
3158
3894
3679
2239
4971
4653
4915
1971
2989
3994
2595
8
643
501
1798
2437
4100
2650
450
3027
719
3625
4498
4673
1016
2286
4518
3466
4758
4818
1790
3300
2222
3255
4358
817
4536
3130
590
3525
1566
3549
3494
4039
78
4223
3319
547
2555
1756
831
4061
3247
2123
3454
360
4779
2523
1572
651
3406
4976
4694
1536
3086
2685
2397
1058
363
900
1698
2413
2416
2274
41
3508
480
301
4382
1288
663
605
4911
2160
2358
2845
4877
1896
2066
4753
2250
2040
722
213
2087
4396
1616
1978
1194
1173
2983
1215
2365
1755
4108
4474
203
3800
2425
3743
2936
4119
2029
964
960
553
2435
3305
1013
2799
756
2136
1612
1740
3640
562
3775
1961
1142
1873
935
3219
4445
1056
4713
1765
989
3131
1855
4870
2857
284
4732
2483
1888
2822
1553
2964
1865
3967
4246
2471
3083
3916
4296
1725
1382
2304
453
2738
4313
3304
2663
1619
441
3118
4372
4425
4177
121
3330
4463
4655
2275
332
3248
701
3137
3953
3784
1217
4782
1
4548
1483
4330
1609
1133
3368
3684
2470
3154
1853
1265
3436
3156
2162
1371
4011
1729
3505
4485
1808
3346
1704
2449
2372
2631
2251
3959
57
4898
4941
2811
3193
3431
3496
1990
483
4887
1950
1471
895
4534
3539
1107
4634
2817
2016
870
1397
3122
445
922
3567
3043
3191
3564
1474
3267
1783
799
1802
55
4890
3177
4088
1414
274
1246
2680
4900
572
1122
1176
4370
4825
2313
1757
3673
3161
3634
3341
1509
2094
2050
4657
536
3910
3360
2935
3767
4068
930
3036
3039
3238
4812
4165
4562
2561
3576
4340
4747
690
2670
3315
3220
4959
1716
4257
911
1460
4899
2396
3671
1042
941
1505
770
305
2808
1238
2580
2091
2037
3038
423
2635
4166
3997
2772
3617
2111
4403
4574
3766
159
3802
230
234
3489
1376
4090
4080
1275
4121
1491
4084
3674
3053
248
3723
4156
1417
2452
2080
2444
3366
4245
2541
4568
4538
2230
1039
2682
521
3670
2195
509
4905
2247
3648
4471
1346
486
561
30
2117
3829
763
1646
1447
350
3739
2947
31
4712
910
3962
3116
3049
965
1502
1089
4373
959
120
4385
4765
1564
4214
3709
4489
1907
4487
103
4451
1597
2793
4951
4669
1419
725
1050
3630
3194
3324
3981
2198
4802
1948
3933
2252
4247
2978
2672
2417
2659
2265
3110
4981
28
4896
1949
244
2874
353
3453
1270
854
3638
1023
2363
518
516
335
343
3840
1810
2026
1615
2026
1810
3840
343
335
516
518
2363
1023
3638
854
1270
3453
353
2874
244
1949
4896
28
4981
3110
2265
2659
2417
2672
2978
4247
2252
3933
1948
4802
2198
3981
3324
3194
3630
1050
725
1419
4669
4951
2793
1597
4451
103
4487
1907
4489
3709
4214
1564
4765
4385
120
959
4373
1089
1502
965
3049
3116
3962
910
4712
31
2947
3739
350
1447
1646
763
3829
2117
30
561
486
1346
4471
3648
2247
4905
509
2195
3670
521
2682
1039
2230
4538
4568
2541
4245
3366
2444
2080
2452
1417
4156
3723
248
3053
3674
4084
1491
4121
1275
4080
4090
1376
3489
234
230
3802
159
3766
4574
4403
2111
3617
2772
3997
4166
2635
423
3038
2037
2091
2580
1238
2808
305
770
1505
941
1042
3671
2396
4899
1460
911
4257
1716
4959
3220
3315
2670
690
4747
4340
3576
2561
4562
4165
4812
3238
3039
3036
930
4068
3767
2935
3360
3910
536
4657
2050
2094
1509
3341
3634
3161
3673
1757
2313
4825
4370
1176
1122
572
4900
2680
1246
274
1414
4088
3177
4890
55
1802
799
1783
3267
1474
3564
3191
3043
3567
922
445
3122
1397
870
2016
2817
4634
1107
3539
4534
895
1471
1950
4887
483
1990
3496
3431
3193
2811
4941
4898
57
3959
2251
2631
2372
2449
1704
3346
1808
4485
3505
1729
4011
1371
2162
3156
3436
1265
1853
3154
2470
3684
3368
1133
1609
4330
1483
4548
1
4057
3457
3386
2660
2830
3758
2926
1158
1407
3429
2031
4749
193
4539
706
1781
4938
955
1617
4695
2216
916
4507
750
1743
1484
2138
968
3683
4544
4523
4071
912
1213
1675
4556
3695
4620
2211
2354
4710
652
2619
4201
346
2908
294
1986
1867
514
1736
3096
4596
2405
2723
784
4176
815
275
63
1671
3460
1390
2172
4289
3170
1488
3791
4555
2770
4459
2974
1776
3590
2698
2351
3511
2057
1811
4160
1951
2727
1232
4774
3393
99
3196
2706
2829
85
130
4514
362
873
2760
4978
1459
70
4323
2927
4552
4390
3461
3164
4613
1410
3470
1672
282
3293
1310
2491
3589
50
3001
1020
646
660
3282
4698
4833
3241
3498
4091
3751
4000
2314
4819
3797
4871
554
4790
765
2641
636
1294
2562
1969
3658
2283
4547
4591
2140
2045
1511
3680
2913
36
1875
2748
2917
558
2371
2439
1292
2548
4684
3808
1131
3064
3260
1349
1375
4625
1361
2898
3657
1680
185
924
734
3325
3728
2648
375
4185
4573
4073
1287
2944
1006
4036
3730
3318
973
2575
1878
1398
3055
2594
1299
25
3492
313
4740
3566
2258
531
2336
1065
2406
4516
1067
2510
4587
4453
1267
1739
1833
4600
751
4109
4506
1847
981
4647
124
4353
4773
3870
1585
1318
1434
4660
2226
2321
782
2325
1912
3254
475
4623
594
2237
4207
3789
949
1894
3183
3972
1984
4418
4085
4970
2423
1239
1028
4855
4298
4855
1028
1239
2423
4970
4085
4418
1984
3972
3183
1894
949
3789
4207
2237
594
4623
475
3254
1912
2325
782
2321
2226
4660
1434
1318
1585
3870
4773
4353
124
4647
981
1847
4506
4109
751
4600
1833
1739
1267
4453
4587
2510
1067
4516
2406
1065
2336
531
2258
3566
4740
313
3492
25
1299
2594
3055
1398
1878
2575
973
3318
3730
4036
1006
2944
1287
4073
4573
4185
375
2648
3728
3325
734
924
185
1680
3657
2898
1361
4625
1375
1349
3260
3064
1131
3808
4684
2548
1292
2439
2371
558
2917
2748
1875
36
2913
3680
1511
2045
2140
4591
4547
2283
3658
1969
2562
1294
636
2641
765
4790
554
4871
3797
4819
2314
4000
3751
4091
3498
3241
4833
4698
3282
660
646
1020
3001
50
3589
2491
1310
3293
282
1672
3470
1410
4613
3164
3461
4390
4552
2927
4323
70
1459
4978
2760
873
362
4514
130
85
2829
2706
3196
99
3393
4774
1232
2727
1951
4160
1811
2057
3511
2351
2698
3590
1776
2974
4459
2770
4555
3791
1488
3170
4289
2172
1390
3460
1671
63
275
815
4176
784
2723
2405
4596
3096
1736
514
1867
1986
294
2908
346
4201
2619
652
4710
2354
2211
4620
3695
4556
1675
1213
912
4071
4523
4544
3683
968
2138
1484
1743
750
4507
916
2216
4695
1617
955
4938
1781
706
4539
193
4749
2031
3429
1407
1158
2926
3758
2830
2660
3386
3457
4057
1
2303
574
1465
2630
2512
849
4882
4293
4114
623
2126
3237
3855
2409
1298
1320
769
2443
467
4678
1431
4533
1895
239
162
1449
867
435
3579
4475
3696
2513
3616
1989
2448
3015
3125
4543
4881
218
4551
74
2546
1230
4221
2434
1084
3992
595
4715
3887
3167
485
1141
2128
4863
3541
1791
852
2241
2674
4147
2281
2127
4399
2777
1522
3813
476
4675
2924
513
1220
3147
161
1380
936
2168
950
2130
512
3859
371
4593
2432
58
2089
913
3565
2124
4452
270
67
4895
2640
1166
2655
2528
4130
1937
3135
3602
1040
3018
1967
1780
115
4149
2450
1645
3637
679
3270
703
3229
4741
479
4650
427
2163
1579
1159
3889
3820
297
164
1291
4932
979
997
1195
729
1113
897
4969
1898
566
3113
3660
1620
425
3456
818
1359
2182
2100
2937
606
2954
534
3938
2914
1479
983
3787
3945
1500
1703
2632
311
631
2577
832
2792
2343
630
2400
1010
2735
1475
497
1289
1551
4488
2720
596
4030
1081
4099
4873
1124
3159
4817
3058
3837
3480
4869
3149
489
3205
1820
3853
958
2861
2866
4589
3698
853
4535
3437
3811
3943
3115
2684
3805
4720
1660
3620
4152
1746
1606
1591
3864
2242
4960
821
551
4641
2652
3600
4913
2455
3668
1738
971
3896
552
4848
2249
1538
4636
2272
4345
4479
2744
3809
1350
4077
2887
972
2994
3529
2227
4047
3172
2159
281
2499
1523
2499
281
2159
3172
4047
2227
3529
2994
972
2887
4077
1350
3809
2744
4479
4345
2272
4636
1538
2249
4848
552
3896
971
1738
3668
2455
4913
3600
2652
4641
551
821
4960
2242
3864
1591
1606
1746
4152
3620
1660
4720
3805
2684
3115
3943
3811
3437
4535
853
3698
4589
2866
2861
958
3853
1820
3205
489
3149
4869
3480
3837
3058
4817
3159
1124
4873
4099
1081
4030
596
2720
4488
1551
1289
497
1475
2735
1010
2400
630
2343
2792
832
2577
631
311
2632
1703
1500
3945
3787
983
1479
2914
3938
534
2954
606
2937
2100
2182
1359
818
3456
425
1620
3660
3113
566
1898
4969
897
1113
729
1195
997
979
4932
1291
164
297
3820
3889
1159
1579
2163
427
4650
479
4741
3229
703
3270
679
3637
1645
2450
4149
115
1780
1967
3018
1040
3602
3135
1937
4130
2528
2655
1166
2640
4895
67
270
4452
2124
3565
913
2089
58
2432
4593
371
3859
512
2130
950
2168
936
1380
161
3147
1220
513
2924
4675
476
3813
1522
2777
4399
2127
2281
4147
2674
2241
852
1791
3541
4863
2128
1141
485
3167
3887
4715
595
3992
1084
2434
4221
1230
2546
74
4551
218
4881
4543
3125
3015
2448
1989
3616
2513
3696
4475
3579
435
867
1449
162
239
1895
4533
1431
4678
467
2443
769
1320
1298
2409
3855
3237
2126
623
4114
4293
4882
849
2512
2630
1465
574
2303
1
4369
2671
3770
754
3099
408
762
2334
1199
3259
3168
219
1174
2374
4439
438
1022
3970
414
266
3500
231
2558
571
1940
1526
2316
3226
471
4082
3477
1381
3153
1343
2184
2556
2238
2616
2364
4224
4437
208
2990
613
3195
4777
3308
229
2877
460
3693
2842
2041
3101
4760
1112
3686
2390
3217
2645
3592
4012
2567
560
1266
3098
2525
715
1182
4151
3528
4058
258
2421
199
2578
592
2166
2803
4805
3375
2788
3103
2761
1726
2739
1552
4273
4120
3510
352
1024
1055
4504
4364
3574
4814
1691
3798
3563
3817
3874
3206
2109
1204
2831
1226
3515
3061
3940
1792
1919
1012
694
1126
3756
3794
207
1641
1480
2068
327
1976
3214
498
264
1123
1622
47
1400
4799
1531
956
4268
3458
198
4191
3741
397
2297
3588
212
86
322
1927
878
1316
3557
2071
650
4702
1510
1843
3664
2054
2453
1464
2331
2223
4368
2289
2000
2721
499
4321
3947
1252
2852
4295
4627
872
1676
692
2767
4241
3759
3232
4865
2604
3073
323
2646
2707
1418
2643
2320
1921
871
3288
3922
3844
4486
688
432
2389
249
296
4499
302
1031
2972
609
2885
2034
4542
3138
2001
2959
1991
2299
2809
4150
1627
2654
735
3044
150
4139
940
3474
4692
4105
3598
4908
3224
418
3434
4472
477
197
1767
2584
4461
1633
1548
4271
1886
4661
3804
917
718
3384
3898
2900
2253
3105
2620
180
2379
180
2620
3105
2253
2900
3898
3384
718
917
3804
4661
1886
4271
1548
1633
4461
2584
1767
197
477
4472
3434
418
3224
4908
3598
4105
4692
3474
940
4139
150
3044
735
2654
1627
4150
2809
2299
1991
2959
2001
3138
4542
2034
2885
609
2972
1031
302
4499
296
249
2389
432
688
4486
3844
3922
3288
871
1921
2320
2643
1418
2707
2646
323
3073
2604
4865
3232
3759
4241
2767
692
1676
872
4627
4295
2852
1252
3947
4321
499
2721
2000
2289
4368
2223
2331
1464
2453
2054
3664
1843
1510
4702
650
2071
3557
1316
878
1927
322
86
212
3588
2297
397
3741
4191
198
3458
4268
956
1531
4799
1400
47
1622
1123
264
498
3214
1976
327
2068
1480
1641
207
3794
3756
1126
694
1012
1919
1792
3940
3061
3515
1226
2831
1204
2109
3206
3874
3817
3563
3798
1691
4814
3574
4364
4504
1055
1024
352
3510
4120
4273
1552
2739
1726
2761
3103
2788
3375
4805
2803
2166
592
2578
199
2421
258
4058
3528
4151
1182
715
2525
3098
1266
560
2567
4012
3592
2645
3217
2390
3686
1112
4760
3101
2041
2842
3693
460
2877
229
3308
4777
3195
613
2990
208
4437
4224
2364
2616
2238
2556
2184
1343
3153
1381
3477
4082
471
3226
2316
1526
1940
571
2558
231
3500
266
414
3970
1022
438
4439
2374
1174
219
3168
3259
1199
2334
762
408
3099
754
3770
2671
4369
1
1184
4263
2003
3716
37
3810
939
526
3008
1156
3376
1599
2271
3872
510
2014
100
447
2832
1741
3403
268
201
4407
398
3228
390
3866
2600
3459
1694
1590
978
1305
3339
2489
1601
3828
3447
3755
2814
2398
2773
1283
4831
290
4417
2015
458
2232
1925
2731
4157
3329
2412
324
4272
3523
2049
1311
1034
1918
1137
4003
2582
1279
4411
1719
2979
4787
247
2804
2077
2847
886
2347
3336
4348
1592
2381
3781
607
1722
3750
2447
2131
4640
1060
2207
224
2460
2027
434
3475
3472
2734
3907
4851
4642
1444
3356
1571
4872
3956
4227
881
2730
3635
1543
372
1401
1064
1411
4198
704
1733
2571
3768
455
1152
645
33
3885
2850
377
2047
4759
4127
1623
3174
1094
1391
1463
202
4897
2776
1079
4716
3162
3204
3438
4258
992
3555
283
4679
4583
567
2404
3112
505
2797
4359
1635
1787
1224
1116
440
2939
1486
1129
1637
1542
3268
426
4054
3029
2858
776
1735
2618
4738
53
3369
1077
3843
2097
4952
157
2307
2732
1640
2200
1701
1314
2967
1518
2966
4847
1393
128
4808
869
2841
2602
2827
2079
209
1902
3355
2273
3317
1367
4352
3903
2687
2774
1679
1897
1858
3012
2073
1223
1175
2961
1831
2991
491
1473
291
1337
3731
2493
3535
3914
3081
1363
1264
2779
419
2318
1652
1061
315
2656
1785
126
4781
4784
1639
3618
1083
2183
2542
2263
2644
4134
1063
3681
1063
4134
2644
2263
2542
2183
1083
3618
1639
4784
4781
126
1785
2656
315
1061
1652
2318
419
2779
1264
1363
3081
3914
3535
2493
3731
1337
291
1473
491
2991
1831
2961
1175
1223
2073
3012
1858
1897
1679
2774
2687
3903
4352
1367
3317
2273
3355
1902
209
2079
2827
2602
2841
869
4808
128
1393
4847
2966
1518
2967
1314
1701
2200
1640
2732
2307
157
4952
2097
3843
1077
3369
53
4738
2618
1735
776
2858
3029
4054
426
3268
1542
1637
1129
1486
2939
440
1116
1224
1787
1635
4359
2797
505
3112
2404
567
4583
4679
283
3555
992
4258
3438
3204
3162
4716
1079
2776
4897
202
1463
1391
1094
3174
1623
4127
4759
2047
377
2850
3885
33
645
1152
455
3768
2571
1733
704
4198
1411
1064
1401
372
1543
3635
2730
881
4227
3956
4872
1571
3356
1444
4642
4851
3907
2734
3472
3475
434
2027
2460
224
2207
1060
4640
2131
2447
3750
1722
607
3781
2381
1592
4348
3336
2347
886
2847
2077
2804
247
4787
2979
1719
4411
1279
2582
4003
1137
1918
1034
1311
2049
3523
4272
324
2412
3329
4157
2731
1925
2232
458
2015
4417
290
4831
1283
2773
2398
2814
3755
3447
3828
1601
2489
3339
1305
978
1590
1694
3459
2600
3866
390
3228
398
4407
201
268
3403
1741
2832
447
100
2014
510
3872
2271
1599
3376
1156
3008
526
939
3810
37
3716
2003
4263
1184
1
2393
1589
2886
875
3005
1653
3721
3669
4853
1761
1435
1157
842
3133
2915
4630
2446
933
2769
1559
4044
789
548
237
90
564
1629
1454
443
515
2970
4930
603
4410
961
3958
1799
215
2317
4440
2108
1508
3892
523
2038
3835
4477
3042
708
2150
2333
2085
39
1530
3736
4931
3155
1335
4809
303
851
827
4429
4377
4827
2255
368
2105
1073
3392
1395
2332
1330
1144
3239
843
132
2902
304
1844
4341
2217
2199
3879
1574
1659
211
3814
4124
3350
4550
2355
1686
944
1742
2559
4395
4025
4579
4309
348
2466
2268
3422
3939
4836
2909
2996
2072
2284
3901
4840
3583
3163
4850
2956
2078
3488
4219
1386
4830
4089
991
222
4497
3303
3769
380
4580
1803
4081
3556
3320
325
3427
1155
1257
2683
3065
1385
2137
3141
3690
891
3482
4956
4419
3905
1682
3078
125
3090
1545
3659
1080
4199
4763
3165
3432
4146
4515
3661
1753
1399
1485
3793
4972
4467
4276
365
1247
1570
3513
4117
1887
1959
2171
394
2880
2022
2144
4464
1528
2615
1582
1317
4408
4275
858
2762
1315
3211
4658
2607
4206
4519
4942
2592
4424
2461
3747
1336
2999
925
3722
644
3880
336
1699
1638
3230
1857
1556
2666
437
2519
405
1872
4750
3973
676
4813
4393
3119
2579
4721
1953
2697
1568
3337
896
3955
1181
428
4019
2474
522
1179
2338
1290
1861
4968
587
1534
330
988
2228
3761
3151
3761
2228
988
330
1534
587
4968
1861
1290
2338
1179
522
2474
4019
428
1181
3955
896
3337
1568
2697
1953
4721
2579
3119
4393
4813
676
3973
4750
1872
405
2519
437
2666
1556
1857
3230
1638
1699
336
3880
644
3722
925
2999
1336
3747
2461
4424
2592
4942
4519
4206
2607
4658
3211
1315
2762
858
4275
4408
1317
1582
2615
1528
4464
2144
2022
2880
394
2171
1959
1887
4117
3513
1570
1247
365
4276
4467
4972
3793
1485
1399
1753
3661
4515
4146
3432
3165
4763
4199
1080
3659
1545
3090
125
3078
1682
3905
4419
4956
3482
891
3690
3141
2137
1385
3065
2683
1257
1155
3427
325
3320
3556
4081
1803
4580
380
3769
3303
4497
222
991
4089
4830
1386
4219
3488
2078
2956
4850
3163
3583
4840
3901
2284
2072
2996
2909
4836
3939
3422
2268
2466
348
4309
4579
4025
4395
2559
1742
944
1686
2355
4550
3350
4124
3814
211
1659
1574
3879
2199
2217
4341
1844
304
2902
132
843
3239
1144
1330
2332
1395
3392
1073
2105
368
2255
4827
4377
4429
827
851
303
4809
1335
3155
4931
3736
1530
39
2085
2333
2150
708
3042
4477
3835
2038
523
3892
1508
2108
4440
2317
215
1799
3958
961
4410
603
4930
2970
515
443
1454
1629
564
90
237
548
789
4044
1559
2769
933
2446
4630
2915
3133
842
1157
1435
1761
4853
3669
3721
1653
3005
875
2886
1589
2393
1
1109
4791
4331
3184
2367
632
4042
2419
166
2059
4035
840
3295
2504
2610
3974
4815
1577
3678
3342
2664
4500
3707
3569
4128
4751
1216
2696
4764
2517
3927
2800
2740
2540
848
4215
89
1468
2622
954
824
2210
54
3347
3985
2783
2202
3672
1403
4616
990
1956
1153
1426
4682
88
1256
3032
4884
4837
2387
880
2985
2864
3499
543
3187
4184
4006
1427
1214
3364
4285
2152
3106
600
4756
3697
246
588
112
3621
926
4816
4846
341
4101
2709
2147
431
3424
2576
4430
2536
374
4116
4172
1462
622
1759
3989
836
3051
3850
4582
877
4367
1262
3537
1160
760
242
134
3452
2681
2418
727
1936
4576
2033
3301
1014
1821
3031
40
4126
79
3746
3084
4175
19
1197
2533
3649
2737
4304
2865
696
3987
68
3273
3088
1841
2611
3799
105
1026
2642
3645
3715
3867
4154
511
4803
810
1011
3772
2197
404
2676
4602
705
4785
3653
1342
4699
370
4662
1260
2214
1326
1977
4182
4318
4676
4605
3486
383
755
839
1852
4980
216
808
4021
4958
1168
1655
2982
2810
1584
3079
4334
167
3349
2984
4549
3886
3624
1074
2113
2883
4704
2749
1044
52
2362
188
4279
2757
3181
2962
797
4450
615
4909
4183
2636
801
1874
2445
2101
1428
2464
14
691
559
287
3732
3988
3517
2335
4212
3264
4484
2840
1537
2754
2046
4222
1018
2702
1669
2532
1440
24
3020
316
1193
316
3020
24
1440
2532
1669
2702
1018
4222
2046
2754
1537
2840
4484
3264
4212
2335
3517
3988
3732
287
559
691
14
2464
1428
2101
2445
1874
801
2636
4183
4909
615
4450
797
2962
3181
2757
4279
188
2362
52
1044
2749
4704
2883
2113
1074
3624
3886
4549
2984
3349
167
4334
3079
1584
2810
2982
1655
1168
4958
4021
808
216
4980
1852
839
755
383
3486
4605
4676
4318
4182
1977
1326
2214
1260
4662
370
4699
1342
3653
4785
705
4602
2676
404
2197
3772
1011
810
4803
511
4154
3867
3715
3645
2642
1026
105
3799
2611
1841
3088
3273
68
3987
696
2865
4304
2737
3649
2533
1197
19
4175
3084
3746
79
4126
40
3031
1821
1014
3301
2033
4576
1936
727
2418
2681
3452
134
242
760
1160
3537
1262
4367
877
4582
3850
3051
836
3989
1759
622
1462
4172
4116
374
2536
4430
2576
3424
431
2147
2709
4101
341
4846
4816
926
3621
112
588
246
3697
4756
600
3106
2152
4285
3364
1214
1427
4006
4184
3187
543
3499
2864
2985
880
2387
4837
4884
3032
1256
88
4682
1426
1153
1956
990
4616
1403
3672
2202
2783
3985
3347
54
2210
824
954
2622
1468
89
4215
848
2540
2740
2800
3927
2517
4764
2696
1216
4751
4128
3569
3707
4500
2664
3342
3678
1577
4815
3974
2610
2504
3295
840
4035
2059
166
2419
4042
632
2367
3184
4331
4791
1109
1
42
2044
2993
1562
1222
3003
2634
3361
2995
3070
3909
1532
3400
2478
2755
1678
635
4010
1546
4639
4014
411
1254
3059
2878
3102
4628
1096
2547
2719
3413
4046
1477
4651
3915
4473
1700
1965
1132
3257
4526
4041
4921
4420
2599
4711
279
3150
860
1450
2795
4389
3186
127
3495
1891
3173
3948
293
4322
4178
3395
3930
1274
2625
3893
4860
4262
640
27
2477
388
2612
2028
12
4491
4266
4839
3266
3700
3281
1451
1760
1788
2871
4235
1439
457
3009
1651
601
4939
4026
920
4356
273
781
387
3932
504
2359
1233
135
3538
276
4242
2095
1461
3144
2042
4643
803
2585
2256
71
1091
29
177
1963
923
131
2912
2673
4243
4350
2433
3092
850
768
800
1455
4251
4707
3897
3343
1854
639
2248
1770
730
3265
1198
580
3651
723
4876
1093
4742
1730
2742
746
3481
2370
2678
3465
1913
2943
2895
226
952
220
4087
621
1492
4144
1513
3694
2204
1030
2276
2475
731
4274
389
4496
742
4665
3514
737
4442
4820
1560
3560
1297
174
4495
3450
1901
4238
1580
373
2543
3487
4963
4494
3520
3725
3252
3613
899
3689
4422
3370
665
2837
4611
732
545
3390
4610
1143
1972
3717
344
4013
3609
451
43
3711
2481
1366
4388
1078
2545
1909
3622
1705
1243
4811
1353
4858
4581
3380
1750
3225
3274
1817
3332
3950
2856
49
4319
4259
4635
2872
4761
4920
1856
1581
1856
4920
4761
2872
4635
4259
4319
49
2856
3950
3332
1817
3274
3225
1750
3380
4581
4858
1353
4811
1243
1705
3622
1909
2545
1078
4388
1366
2481
3711
43
451
3609
4013
344
3717
1972
1143
4610
3390
545
732
4611
2837
665
3370
4422
3689
899
3613
3252
3725
3520
4494
4963
3487
2543
373
1580
4238
1901
3450
4495
174
1297
3560
1560
4820
4442
737
3514
4665
742
4496
389
4274
731
2475
2276
1030
2204
3694
1513
4144
1492
621
4087
220
952
226
2895
2943
1913
3465
2678
2370
3481
746
2742
1730
4742
1093
4876
723
3651
580
1198
3265
730
1770
2248
639
1854
3343
3897
4707
4251
1455
800
768
850
3092
2433
4350
4243
2673
2912
131
923
1963
177
29
1091
71
2256
2585
803
4643
2042
3144
1461
2095
4242
276
3538
135
1233
2359
504
3932
387
781
273
4356
920
4026
4939
601
1651
3009
457
1439
4235
2871
1788
1760
1451
3281
3700
3266
4839
4266
4491
12
2028
2612
388
2477
27
640
4262
4860
3893
2625
1274
3930
3395
4178
4322
293
3948
3173
1891
3495
127
3186
4389
2795
1450
860
3150
279
4711
2599
4420
4921
4041
4526
3257
1132
1965
1700
4473
3915
4651
1477
4046
3413
2719
2547
1096
4628
3102
2878
3059
1254
411
4014
4639
1546
4010
635
1678
2755
2478
3400
1532
3909
3070
2995
3361
2634
3003
1222
1562
2993
2044
42
1
2891
2019
626
3148
4901
3399
4421
1244
3935
1001
4701
312
865
2818
2492
1102
2746
87
4904
3152
1481
4155
3080
1452
833
11
4649
1163
2121
3491
647
951
3000
1365
4252
2638
524
366
2514
396
2572
1323
3899
106
2587
2521
1744
1322
2308
1250
4936
4953
4302
3666
1723
3776
205
4018
2402
2813
109
2104
280
785
252
4339
597
3455
3773
1837
4342
3760
2692
3157
65
4016
669
3542
4614
4719
2011
358
805
3991
3824
3503
2869
2375
2436
697
4788
4193
4032
4168
2701
2963
3331
822
1110
2063
4867
3964
3931
678
3094
4153
4306
2058
3344
3612
887
261
417
4530
3978
4659
2778
2074
4735
976
1926
1276
1506
3302
1370
2955
259
4067
573
4465
345
1946
4795
532
4648
3966
739
4590
2791
2586
2753
1392
2704
2189
3025
4213
2360
1998
4194
4254
533
413
3111
2843
269
1628
883
191
2125
1085
1650
77
3046
474
1437
407
2060
798
969
1472
844
3378
1072
2180
2221
1106
4131
149
2322
145
3189
2377
15
3269
3367
683
3632
921
3831
2531
4288
3718
1421
3056
3629
4633
1906
3936
3197
3597
2930
2589
788
469
4249
859
3865
1586
1348
681
3923
3087
3878
4728
3326
2438
1231
1899
4404
2679
2456
1424
2424
914
4239
4929
3114
3785
963
1631
3726
2708
4575
3890
3663
3595
4615
3662
4577
4954
2733
4286
3512
83
4478
3593
3641
1807
3379
1807
3641
3593
4478
83
3512
4286
2733
4954
4577
3662
4615
3595
3663
3890
4575
2708
3726
1631
963
3785
3114
4929
4239
914
2424
1424
2456
2679
4404
1899
1231
2438
3326
4728
3878
3087
3923
681
1348
1586
3865
859
4249
469
788
2589
2930
3597
3197
3936
1906
4633
3629
3056
1421
3718
4288
2531
3831
921
3632
683
3367
3269
15
2377
3189
145
2322
149
4131
1106
2221
2180
1072
3378
844
1472
969
798
2060
407
1437
474
3046
77
1650
1085
2125
191
883
1628
269
2843
3111
413
533
4254
4194
1998
2360
4213
3025
2189
2704
1392
2753
2586
2791
4590
739
3966
4648
532
4795
1946
345
4465
573
4067
259
2955
1370
3302
1506
1276
1926
976
4735
2074
2778
4659
3978
4530
417
261
887
3612
3344
2058
4306
4153
3094
678
3931
3964
4867
2063
1110
822
3331
2963
2701
4168
4032
4193
4788
697
2436
2375
2869
3503
3824
3991
805
358
2011
4719
4614
3542
669
4016
65
3157
2692
3760
4342
1837
3773
3455
597
4339
252
785
280
2104
109
2813
2402
4018
205
3776
1723
3666
4302
4953
4936
1250
2308
1322
1744
2521
2587
106
3899
1323
2572
396
2514
366
524
2638
4252
1365
3000
951
647
3491
2121
1163
4649
11
833
1452
3080
4155
1481
3152
4904
87
2746
1102
2492
2818
865
312
4701
1001
3935
1244
4421
3399
4901
3148
626
2019
2891
1
2597
4754
1466
4776
4597
1438
2206
4366
1988
711
4267
1339
3652
4601
508
2500
1258
3221
1658
354
4714
520
1075
1384
3123
1922
932
3166
3085
2235
861
129
1814
2430
245
3633
175
3937
584
1654
4838
3290
2051
3397
1154
1341
2516
1621
4578
1573
3428
1296
1443
4854
3014
292
3171
2775
1360
96
183
2008
4888
4301
1090
4002
3702
1558
4307
472
2606
172
481
2035
4731
17
2573
3815
1300
452
4133
4209
194
2192
777
395
4609
3941
3071
2875
2269
4521
1626
1104
2853
381
2876
4325
4381
3075
1021
1114
1097
1529
893
2851
2551
1087
4923
3292
4164
2975
3585
4234
1892
4522
3409
2787
4739
250
107
1724
3473
4200
4005
94
3296
1917
1569
2785
3993
4163
26
3199
3026
1041
2096
4079
4927
378
1924
1169
3596
2537
677
1196
3402
3407
1966
2515
1731
3192
2067
4004
943
3705
664
2889
2549
4376
3383
3034
2870
81
3688
2112
2588
807
391
1866
617
3917
4412
1045
4524
2868
4265
4531
4910
3275
4269
4170
329
4053
1285
901
2081
3093
333
2712
3348
1489
4189
2151
530
1433
2300
4211
1826
1383
985
416
2819
876
3212
4686
4320
3847
1068
2759
4387
4520
4503
2118
4297
494
982
659
7
3441
3614
3430
1476
3345
1933
2518
740
2441
3643
4529
102
3180
2069
4326
4945
308
1121
3066
2940
1251
1515
3299
3502
847
462
2120
2215
3358
3250
3358
2215
2120
462
847
3502
3299
1515
1251
2940
3066
1121
308
4945
4326
2069
3180
102
4529
3643
2441
740
2518
1933
3345
1476
3430
3614
3441
7
659
982
494
4297
2118
4503
4520
4387
2759
1068
3847
4320
4686
3212
876
2819
416
985
1383
1826
4211
2300
1433
530
2151
4189
1489
3348
2712
333
3093
2081
901
1285
4053
329
4170
4269
3275
4910
4531
4265
2868
4524
1045
4412
3917
617
1866
391
807
2588
2112
3688
81
2870
3034
3383
4376
2549
2889
664
3705
943
4004
2067
3192
1731
2515
1966
3407
3402
1196
677
2537
3596
1169
1924
378
4927
4079
2096
1041
3026
3199
26
4163
3993
2785
1569
1917
3296
94
4005
4200
3473
1724
107
250
4739
2787
3409
4522
1892
4234
3585
2975
4164
3292
4923
1087
2551
2851
893
1529
1097
1114
1021
3075
4381
4325
2876
381
2853
1104
1626
4521
2269
2875
3071
3941
4609
395
777
2192
194
4209
4133
452
1300
3815
2573
17
4731
2035
481
172
2606
472
4307
1558
3702
4002
1090
4301
4888
2008
183
96
1360
2775
3171
292
3014
4854
1443
1296
3428
1573
4578
1621
2516
1341
1154
3397
2051
3290
4838
1654
584
3937
175
3633
245
2430
1814
129
861
2235
3085
3166
932
1922
3123
1384
1075
520
4714
354
1658
3221
1258
2500
508
4601
3652
1339
4267
711
1988
4366
2206
1438
4597
4776
1466
4754
2597
1
796
2750
3002
3687
4052
598
2941
439
2892
272
1208
4957
1255
2264
3335
2699
4136
4310
3977
1822
3210
2894
544
2552
519
5
260
2378
4256
3412
488
3261
4024
4379
2825
1816
586
823
4771
1695
3067
2726
2535
3485
1236
3971
4028
585
1149
834
3284
2694
716
2801
2290
4762
321
1575
506
3605
653
2388
3949
3654
4943
2329
1904
3928
1032
1594
1099
2992
241
196
1210
1667
1957
22
994
2918
379
1303
4786
1883
1941
66
3975
3444
3323
2893
1280
225
3685
589
349
1205
1876
771
3388
4009
3603
4652
1806
2953
2154
2539
2647
4906
454
2243
4169
1082
2812
2623
3996
1504
3626
1052
355
3786
3519
4049
3526
633
4096
4033
1980
4278
2627
1344
4129
4566
948
1945
1302
3451
2860
3524
3764
4291
2142
2505
2257
1352
802
2509
3934
3276
4746
2922
299
3405
1413
902
4072
4852
745
340
3062
1524
1356
46
4203
4338
3417
3883
4231
3095
4668
4700
2629
753
4843
3216
4414
2844
2233
3888
2884
4708
187
1900
680
204
4864
2457
741
4592
351
4457
3134
1611
4460
1954
3644
3357
4391
3607
1490
709
728
4001
3109
1369
3246
673
3176
2621
2534
1697
3097
4290
146
118
3190
4064
4074
4097
2781
2881
1066
2496
1795
1496
657
4468
2219
3234
767
1355
1057
4907
931
92
2056
993
4540
4075
2348
133
790
384
1378
3279
4300
2454
4454
1234
1364
1234
4454
2454
4300
3279
1378
384
790
133
2348
4075
4540
993
2056
92
931
4907
1057
1355
767
3234
2219
4468
657
1496
1795
2496
1066
2881
2781
4097
4074
4064
3190
118
146
4290
3097
1697
2534
2621
3176
673
3246
1369
3109
4001
728
709
1490
3607
4391
3357
3644
1954
4460
1611
3134
4457
351
4592
741
2457
4864
204
680
1900
187
4708
2884
3888
2233
2844
4414
3216
4843
753
2629
4700
4668
3095
4231
3883
3417
4338
4203
46
1356
1524
3062
340
745
4852
4072
902
1413
3405
299
2922
4746
3276
3934
2509
802
1352
2257
2505
2142
4291
3764
3524
2860
3451
1302
1945
948
4566
4129
1344
2627
4278
1980
4033
4096
633
3526
4049
3519
3786
355
1052
3626
1504
3996
2623
2812
1082
4169
2243
454
4906
2647
2539
2154
2953
1806
4652
3603
4009
3388
771
1876
1205
349
589
3685
225
1280
2893
3323
3444
3975
66
1941
1883
4786
1303
379
2918
994
22
1957
1667
1210
196
241
2992
1099
1594
1032
3928
1904
2329
4943
3654
3949
2388
653
3605
506
1575
321
4762
2290
2801
716
2694
3284
834
1149
585
4028
3971
1236
3485
2535
2726
3067
1695
4771
823
586
1816
2825
4379
4024
3261
488
3412
4256
2378
260
5
519
2552
544
2894
3210
1822
3977
4310
4136
2699
3335
2264
1255
4957
1208
272
2892
439
2941
598
4052
3687
3002
2750
796
1
2890
2395
1778
3126
4883
2301
2205
4250
1842
4447
3665
593
885
3900
2722
819
2020
3363
1934
2099
759
2103
402
1027
3507
108
4561
2346
342
3340
4832
1049
3832
2789
957
1928
2327
4729
4354
3703
702
2203
1145
1147
104
2088
1151
4386
3313
2349
3425
3882
2815
4415
1643
4622
3076
3396
2282
421
2821
2279
4868
1999
927
148
3745
4608
4362
3478
826
2092
1773
1772
2428
2790
2391
4624
3041
3862
829
271
1125
4171
2070
1845
1029
4444
3942
3803
998
3851
448
4586
2323
1587
463
3398
309
758
184
165
4065
189
4824
3497
1905
2901
1190
4689
528
866
190
748
1527
1325
4685
75
4737
666
550
4697
1273
2469
1962
1004
608
2745
1648
4691
2624
4821
4726
2161
624
3742
1692
4244
1212
2093
4336
3724
2942
3944
473
138
2407
2747
3271
4681
1758
4644
4917
1714
3448
2383
2609
2302
2194
4125
1870
4966
2146
2633
2330
3129
2007
4977
1862
2340
591
3104
974
4449
442
2053
1549
3201
4770
507
2369
1092
2090
3838
117
2039
4723
1644
2690
1070
4772
3611
1763
1696
3124
2566
717
4775
1708
928
1430
3207
326
649
1249
3911
2119
837
3464
1881
2948
136
4916
1596
122
314
2506
4434
223
4841
4441
2806
4031
2925
317
2849
4849
1751
3007
206
984
3385
399
2061
4946
91
4807
4043
1737
4455
3533
4135
4333
775
2344
1221
804
3946
874
3946
804
1221
2344
775
4333
4135
3533
4455
1737
4043
4807
91
4946
2061
399
3385
984
206
3007
1751
4849
2849
317
2925
4031
2806
4441
4841
223
4434
2506
314
122
1596
4916
136
2948
1881
3464
837
2119
3911
1249
649
326
3207
1430
928
1708
4775
717
2566
3124
1696
1763
3611
4772
1070
2690
1644
4723
2039
117
3838
2090
1092
2369
507
4770
3201
1549
2053
442
4449
974
3104
591
2340
1862
4977
2007
3129
2330
2633
2146
4966
1870
4125
2194
2302
2609
2383
3448
1714
4917
4644
1758
4681
3271
2747
2407
138
473
3944
2942
3724
4336
2093
1212
4244
1692
3742
624
2161
4726
4821
2624
4691
1648
2745
608
1004
1962
2469
1273
4697
550
666
4737
75
4685
1325
1527
748
190
866
528
4689
1190
2901
1905
3497
4824
189
4065
165
184
758
309
3398
463
1587
2323
4586
448
3851
998
3803
3942
4444
1029
1845
2070
4171
1125
271
829
3862
3041
4624
2391
2790
2428
1772
1773
2092
826
3478
4362
4608
3745
148
927
1999
4868
2279
2821
421
2282
3396
3076
4622
1643
4415
2815
3882
3425
2349
3313
4386
1151
2088
104
1147
1145
2203
702
3703
4354
4729
2327
1928
957
2789
3832
1049
4832
3340
342
2346
4561
108
3507
1027
402
2103
759
2099
1934
3363
2020
819
2722
3900
885
593
3665
4447
1842
4250
2205
2301
4883
3126
1778
2395
2890
1
1880
1850
4949
4357
3314
3185
658
4383
1436
4409
2102
45
4725
4365
4801
892
111
693
1202
4822
4823
3733
3551
1225
835
4709
919
3047
628
4545
1882
576
4743
809
3374
1632
1101
4138
4360
2345
4502
338
1665
2148
517
1557
1718
2524
1661
1338
1608
1372
285
816
3952
3849
32
4332
3231
300
2143
3655
2213
2306
3256
1673
934
3822
787
1209
546
980
2403
4308
773
4672
2756
3667
72
2667
1263
2527
2196
3501
3710
670
4844
306
2010
2873
2965
1642
3469
3017
2170
2752
502
938
3311
529
1019
1789
2212
3328
4261
169
4063
3509
3394
1494
3258
1446
238
4159
4299
139
1186
2960
888
2266
4964
3788
4510
2463
3312
4769
3410
3416
1178
2494
1754
1228
4875
1565
2201
1960
1839
3362
4233
3373
2710
2319
568
3054
3713
783
119
4195
1752
152
1105
2693
3568
1227
1911
4736
210
3222
1259
894
3863
4585
2711
430
3582
23
1779
1025
2661
3779
1944
1201
1681
1408
3449
4525
4188
1985
2581
757
286
4861
3806
4955
2846
2411
1272
4204
4722
2833
838
3795
3233
3253
4656
3562
2903
3873
4842
743
3445
4232
2018
4255
4094
3581
3998
4480
3957
2718
3836
2657
2916
4940
1245
707
3983
1930
2570
1358
1373
3631
953
4528
1046
4501
2550
2176
4780
2487
3912
2055
3050
1327
3921
3869
4324
1800
4162
2981
1964
2267
3792
3077
4798
2904
2229
173
4546
173
2229
2904
4798
3077
3792
2267
1964
2981
4162
1800
4324
3869
3921
1327
3050
2055
3912
2487
4780
2176
2550
4501
1046
4528
953
3631
1373
1358
2570
1930
3983
707
1245
4940
2916
2657
3836
2718
3957
4480
3998
3581
4094
4255
2018
4232
3445
743
4842
3873
2903
3562
4656
3253
3233
3795
838
2833
4722
4204
1272
2411
2846
4955
3806
4861
286
757
2581
1985
4188
4525
3449
1408
1681
1201
1944
3779
2661
1025
1779
23
3582
430
2711
4585
3863
894
1259
3222
210
4736
1911
1227
3568
2693
1105
152
1752
4195
119
783
3713
3054
568
2319
2710
3373
4233
3362
1839
1960
2201
1565
4875
1228
1754
2494
1178
3416
3410
4769
3312
2463
4510
3788
4964
2266
888
2960
1186
139
4299
4159
238
1446
3258
1494
3394
3509
4063
169
4261
3328
2212
1789
1019
529
3311
938
502
2752
2170
3017
3469
1642
2965
2873
2010
306
4844
670
3710
3501
2196
2527
1263
2667
72
3667
2756
4672
773
4308
2403
980
546
1209
787
3822
934
1673
3256
2306
2213
3655
2143
300
3231
4332
32
3849
3952
816
285
1372
1608
1338
1661
2524
1718
1557
517
2148
1665
338
4502
2345
4360
4138
1101
1632
3374
809
4743
576
1882
4545
628
3047
919
4709
835
1225
3551
3733
4823
4822
1202
693
111
892
4801
4365
4725
45
2102
4409
1436
4383
658
3185
3314
4357
4949
1850
1880
1
2261
1712
3530
3493
4481
4115
3175
4106
2110
712
1732
1657
3619
2931
1688
3128
1248
4632
3570
2794
4069
3291
116
2415
619
2836
879
3990
4879
1191
3877
3408
1838
855
535
1793
2006
695
2287
1138
3765
1007
638
3242
4606
2828
1002
4137
779
412
4394
3146
243
1170
565
3852
2724
4947
356
4380
3704
3518
420
1406
2399
2356
3834
331
4022
747
3960
44
3561
2805
4240
459
4248
2291
793
1493
1920
1240
655
1235
4826
4637
1720
2675
2135
4148
2593
975
3019
1766
155
9
4008
3827
2968
1774
4401
3415
1775
4671
3738
857
1261
3757
3120
4470
4210
1541
97
1487
1859
2838
3372
4862
254
668
4456
2476
2668
841
2017
2149
4902
2977
4505
4007
1939
2782
1219
1307
918
1128
1514
4113
69
4631
2529
4216
2946
3642
3968
654
1983
4361
4423
1127
4070
2958
929
34
579
795
4766
1009
967
3013
2863
942
4076
1535
490
2259
110
4796
446
4629
2076
1037
4718
2973
51
4933
257
1593
2178
21
310
2392
3783
3285
3845
1095
2530
766
1981
2190
3712
3004
1183
2997
1038
4112
2024
1051
1134
1405
3476
604
1952
1412
915
267
2353
2218
73
3463
3249
1884
582
1748
3615
1923
3692
3854
1525
1268
4903
144
4806
3801
4584
2605
569
4926
3727
4734
2052
2278
794
4594
262
4572
3484
3351
1550
3490
830
3037
2116
1495
977
2507
4132
2626
1768
2626
4132
2507
977
1495
2116
3037
830
3490
1550
3351
3484
4572
262
4594
794
2278
2052
4734
3727
4926
569
2605
4584
3801
4806
144
4903
1268
1525
3854
3692
1923
3615
1748
582
1884
3249
3463
73
2218
2353
267
915
1412
1952
604
3476
1405
1134
1051
2024
4112
1038
2997
1183
3004
3712
2190
1981
766
2530
1095
3845
3285
3783
2392
310
21
2178
1593
257
4933
51
2973
4718
1037
2076
4629
446
4796
110
2259
490
1535
4076
942
2863
3013
967
1009
4766
795
579
34
929
2958
4070
1127
4423
4361
1983
654
3968
3642
2946
4216
2529
4631
69
4113
1514
1128
918
1307
1219
2782
1939
4007
4505
2977
4902
2149
2017
841
2668
2476
4456
668
254
4862
3372
2838
1859
1487
97
1541
4210
4470
3120
3757
1261
857
3738
4671
1775
3415
4401
1774
2968
3827
4008
9
155
1766
3019
975
2593
4148
2135
2675
1720
4637
4826
1235
655
1240
1920
1493
793
2291
4248
459
4240
2805
3561
44
3960
747
4022
331
3834
2356
2399
1406
420
3518
3704
4380
356
4947
2724
3852
565
1170
243
3146
4394
412
779
4137
1002
2828
4606
3242
638
1007
3765
1138
2287
695
2006
1793
535
855
1838
3408
3877
1191
4879
3990
879
2836
619
2415
116
3291
4069
2794
3570
4632
1248
3128
1688
2931
3619
1657
1732
712
2110
4106
3175
4115
4481
3493
3530
1712
2261
1
4793
4693
4944
4891
4810
542
1229
415
3063
3601
4078
4965
1189
699
3309
1707
1706
1914
2938
4800
4045
4029
3389
1309
1008
2497
4560
2294
1469
4432
2768
2906
2859
672
2036
1771
4167
2651
4316
2244
1139
4973
256
907
1519
1374
3606
1840
2933
3213
3753
1975
2855
2544
1656
2862
4104
966
386
2490
634
4050
3575
4961
444
4141
1583
625
3708
3552
3439
2385
3218
4145
2157
4197
2084
3011
3676
4311
3627
2002
20
4283
4604
3891
671
2568
4220
1684
733
4315
1086
1165
2082
2554
2520
3280
1910
3140
2075
3842
674
3548
3577
4378
3479
1457
4598
2173
1404
2339
2987
1140
1048
4687
3818
2971
1818
2426
738
2553
424
295
4680
813
3777
3209
56
4230
4962
3532
1607
3287
4859
1825
2462
736
1331
1161
999
2928
4866
3919
3169
3895
1987
4527
684
4055
1992
1521
3591
2498
1453
1308
2905
1835
2501
4828
1293
1420
908
4226
2486
3040
4554
2324
3382
1389
2951
4603
525
4789
320
3143
720
1379
1324
2691
3540
1777
4374
3782
4118
2658
2502
328
4229
2004
2337
4103
3780
4186
1347
1218
4857
153
2246
3841
1117
2980
4122
4557
884
465
3861
3691
4569
3160
2115
3762
1396
3310
3016
3504
4490
3536
581
2765
3543
3790
3825
2835
3881
1520
3550
3483
93
1351
4446
2366
2560
4443
2816
1409
2848
4
4037
3902
1634
2169
2888
3353
721
1762
987
2479
3371
2479
987
1762
721
3353
2888
2169
1634
3902
4037
4
2848
1409
2816
4443
2560
2366
4446
1351
93
3483
3550
1520
3881
2835
3825
3790
3543
2765
581
3536
4490
3504
3016
3310
1396
3762
2115
3160
4569
3691
3861
465
884
4557
4122
2980
1117
3841
2246
153
4857
1218
1347
4186
3780
4103
2337
2004
4229
328
2502
2658
4118
3782
4374
1777
3540
2691
1324
1379
720
3143
320
4789
525
4603
2951
1389
3382
2324
4554
3040
2486
4226
908
1420
1293
4828
2501
1835
2905
1308
1453
2498
3591
1521
1992
4055
684
4527
1987
3895
3169
3919
4866
2928
999
1161
1331
736
2462
1825
4859
3287
1607
3532
4962
4230
56
3209
3777
813
4680
295
424
2553
738
2426
1818
2971
3818
4687
1048
1140
2987
2339
1404
2173
4598
1457
3479
4378
3577
3548
674
3842
2075
3140
1910
3280
2520
2554
2082
1165
1086
4315
733
1684
4220
2568
671
3891
4604
4283
20
2002
3627
4311
3676
3011
2084
4197
2157
4145
3218
2385
3439
3552
3708
625
1583
4141
444
4961
3575
4050
634
2490
386
966
4104
2862
1656
2544
2855
1975
3753
3213
2933
1840
3606
1374
1519
907
256
4973
1139
2244
4316
2651
4167
1771
2036
672
2859
2906
2768
4432
1469
2294
4560
2497
1008
1309
3389
4029
4045
4800
2938
1914
1706
1707
3309
699
1189
4965
4078
3601
3063
415
1229
542
4810
4891
4944
4693
4793
1
898
492
3544
583
1062
1111
1715
2236
4483
1693
1903
1402
3381
1997
2714
996
1115
2134
4512
1932
962
318
3
2743
3142
1498
4794
1728
361
1387
2741
1666
4181
1668
4111
1482
2357
1312
4098
2262
1797
1415
3121
3235
364
178
648
1915
2495
2569
4040
3359
2465
4282
2384
263
3737
856
101
2086
176
618
2310
3604
3636
2522
3072
3675
2133
4541
1713
3262
4355
1394
359
4768
3316
1540
4559
1685
780
4260
792
3283
2139
3976
1805
1610
2677
2705
1813
367
429
3884
3391
2639
3925
3876
1512
4351
3924
1664
3740
4508
1118
599
2064
200
2277
667
2429
3920
1649
154
1135
3752
4142
1200
3744
1869
4880
4829
2431
1829
1136
500
4493
2689
3857
2583
1162
556
2062
3377
3594
1683
3682
3871
2422
2145
637
1177
4433
3414
170
251
862
4570
2167
611
3623
1301
1206
4918
2713
806
995
2653
629
4666
2181
2603
13
2350
1269
1834
227
2380
1017
4638
4337
570
2703
2686
16
710
1849
1851
4537
2030
2897
642
2896
3778
1103
1782
2564
1187
192
1955
1690
2440
1203
3091
2158
3074
1721
4703
59
2826
3024
1033
3821
1429
3558
3052
620
38
232
4670
2352
2921
1108
1241
1478
3796
1588
3322
3875
2420
436
2260
1747
3571
410
2725
2952
307
3223
4202
2193
2511
4912
3833
3426
4893
1544
4778
1602
2141
537
947
1931
2945
2185
2854
1630
289
3720
4982
