1
3127
2299
923
679
2339
1557
508
1463
1476
1703
3663
4432
1716
918
1473
727
3523
1555
2492
1379
4383
1269
2722
3124
1319
2551
1621
270
3298
373
2774
3355
2970
3436
3780
575
1301
3875
4874
3824
650
2568
2134
1452
4047
2855
1094
1470
3592
3584
2953
1367
2039
2287
907
4706
4095
4984
3131
4308
2119
778
4429
277
411
713
335
2377
4283
1624
3657
4583
3253
967
2491
3688
1806
4417
295
3410
2126
3228
311
2412
4068
1404
3501
4144
3088
2741
1713
3106
3448
1070
1839
2188
4079
1289
2839
1766
1182
3216
4752
4029
105
964
4734
2092
1580
1901
2099
1745
4464
3113
2759
2109
43
1348
2699
1456
2556
4801
1005
567
2445
2120
1780
1598
522
2905
3206
3109
359
4289
4287
4879
1831
2217
3085
618
1227
3730
1805
4175
3989
1048
3840
4987
4486
4740
453
4254
415
4225
3111
326
3865
403
3413
4539
4256
2070
1338
1366
276
2609
1326
12
2451
2193
1776
4802
1776
2193
2451
12
1326
2609
276
1366
1338
2070
4256
4539
3413
403
3865
326
3111
4225
415
4254
453
4740
4486
4987
3840
1048
3989
4175
1805
3730
1227
618
3085
2217
1831
4879
4287
4289
359
3109
3206
2905
522
1598
1780
2120
2445
567
1005
4801
2556
1456
2699
1348
43
2109
2759
3113
4464
1745
2099
1901
1580
2092
4734
964
105
4029
4752
3216
1182
1766
2839
1289
4079
2188
1839
1070
3448
3106
1713
2741
3088
4144
3501
1404
4068
2412
311
3228
2126
3410
295
4417
1806
3688
2491
967
3253
4583
3657
1624
4283
2377
335
713
411
277
4429
778
2119
4308
3131
4984
4095
4706
907
2287
2039
1367
2953
3584
3592
1470
1094
2855
4047
1452
2134
2568
650
3824
4874
3875
1301
575
3780
3436
2970
3355
2774
373
3298
270
1621
2551
1319
3124
2722
1269
4383
1379
2492
1555
3523
727
1473
918
1716
4432
3663
1703
1476
1463
508
1557
2339
679
923
2299
3127
1
4158
2576
4649
4718
2202
3217
614
4342
205
1548
2708
4071
1202
4279
4885
165
1650
3926
3569
377
2294
4284
798
1969
3532
3624
2251
1518
1667
3357
3345
2306
1080
284
215
548
633
981
4381
4316
288
97
3202
1079
4050
3290
349
3772
3510
2645
3581
3792
3394
998
4295
4689
371
2929
3686
1522
2271
541
3895
3889
525
2689
4666
4463
4053
4005
4480
3276
1472
4719
1206
3945
4651
2830
1534
3033
95
3207
4297
4226
1670
2268
1918
863
4497
2052
4252
1232
3907
3734
1474
1433
1075
2971
3472
1728
799
2639
590
4318
2938
832
701
4800
3240
1938
304
1267
1346
2088
3484
3486
1278
4631
2106
2474
2437
3458
2309
1919
126
186
2524
2086
4176
297
3307
3628
3769
3047
4442
3219
2837
4775
2036
2719
823
1661
1502
2392
444
3351
1591
4744
1441
2352
300
1748
814
947
208
4738
1055
4787
3368
1014
2667
3862
4173
836
2429
3913
1648
790
4645
2301
579
3246
579
2301
4645
790
1648
3913
2429
836
4173
3862
2667
1014
3368
4787
1055
4738
208
947
814
1748
300
2352
1441
4744
1591
3351
444
2392
1502
1661
823
2719
2036
4775
2837
3219
4442
3047
3769
3628
3307
297
4176
2086
2524
186
126
1919
2309
3458
2437
2474
2106
4631
1278
3486
3484
2088
1346
1267
304
1938
3240
4800
701
832
2938
4318
590
2639
799
1728
3472
2971
1075
1433
1474
3734
3907
1232
4252
2052
4497
863
1918
2268
1670
4226
4297
3207
95
3033
1534
2830
4651
3945
1206
4719
1472
3276
4480
4005
4053
4463
4666
2689
525
3889
3895
541
2271
1522
3686
2929
371
4689
4295
998
3394
3792
3581
2645
3510
3772
349
3290
4050
1079
3202
97
288
4316
4381
981
633
548
215
284
1080
2306
3345
3357
1667
1518
2251
3624
3532
1969
798
4284
2294
377
3569
3926
1650
165
4885
4279
1202
4071
2708
1548
205
4342
614
3217
2202
4718
4649
2576
4158
1
827
2058
3829
1097
3012
365
2934
3577
3
137
2789
3637
4562
4217
490
4192
3098
4890
4948
4384
3115
4039
1905
539
1913
433
3441
4174
2499
3964
3395
1178
3144
1336
1091
3796
4195
4263
141
4526
3215
4501
2076
4237
983
2292
4260
992
2010
3518
1246
2887
4489
2770
1164
3026
1706
4445
4798
4332
1104
3574
3717
4586
4376
2218
1016
3231
4042
2366
3914
2215
2031
2725
1012
4323
3704
2521
2559
183
755
58
526
519
309
1215
1756
4780
829
1685
1386
85
1071
3905
2567
3196
3508
2054
251
2149
4340
2206
3589
2067
1652
4450
4587
2467
4451
4108
3853
4078
1196
3203
2688
780
4827
2738
3105
1739
376
1398
1525
1331
2402
3234
4196
4685
3070
2762
1363
1146
2530
203
987
2139
3702
4590
4919
4048
3064
396
4453
1282
3836
2804
2881
2102
2408
446
4393
795
3718
2300
4241
2515
1870
3899
1001
1425
3500
847
1138
4655
3199
187
3997
3857
3365
285
2930
42
2930
285
3365
3857
3997
187
3199
4655
1138
847
3500
1425
1001
3899
1870
2515
4241
2300
3718
795
4393
446
2408
2102
2881
2804
3836
1282
4453
396
3064
4048
4919
4590
3702
2139
987
203
2530
1146
1363
2762
3070
4685
4196
3234
2402
1331
1525
1398
376
1739
3105
2738
4827
780
2688
3203
1196
4078
3853
4108
4451
2467
4587
4450
1652
2067
3589
2206
4340
2149
251
2054
3508
3196
2567
3905
1071
85
1386
1685
829
4780
1756
1215
309
519
526
58
755
183
2559
2521
3704
4323
1012
2725
2031
2215
3914
2366
4042
3231
1016
2218
4376
4586
3717
3574
1104
4332
4798
4445
1706
3026
1164
2770
4489
2887
1246
3518
2010
992
4260
2292
983
4237
2076
4501
3215
4526
141
4263
4195
3796
1091
1336
3144
1178
3395
3964
2499
4174
3441
433
1913
539
1905
4039
3115
4384
4948
4890
3098
4192
490
4217
4562
3637
2789
137
3
3577
2934
365
3012
1097
3829
2058
827
1
2982
3313
4857
4010
1077
447
2483
4409
2440
4408
2634
4681
942
2360
80
649
9
2631
1607
1010
1240
1317
3812
617
4535
1469
1796
606
2913
4211
1573
3530
2580
2138
4915
3195
5
877
1314
1509
3522
3776
4368
1099
4981
1909
623
3030
1862
773
2593
4523
2435
1385
401
3536
1419
4275
3078
3634
113
3793
4411
656
1287
4058
545
4810
2226
449
3450
2219
436
4246
419
4725
3474
1550
1924
4509
3694
2964
4754
4712
4391
66
3650
1853
2696
1334
3834
2591
178
1536
2085
4975
1176
2898
1147
2948
4942
4231
3744
2182
1723
1471
3509
2729
4665
2196
1594
4377
4543
920
2391
4129
1499
13
2016
733
888
3557
2159
336
4478
1068
1692
3260
775
3320
2373
4906
514
3385
2658
944
2303
3330
1802
663
1795
1631
2743
2781
2700
4902
4110
4927
390
4482
1859
1086
2748
698
4070
4770
4963
2636
4900
462
4125
746
4913
4703
3902
2240
3421
51
4772
1083
2183
8
2183
1083
4772
51
3421
2240
3902
4703
4913
746
4125
462
4900
2636
4963
4770
4070
698
2748
1086
1859
4482
390
4927
4110
4902
2700
2781
2743
1631
1795
663
1802
3330
2303
944
2658
3385
514
4906
2373
3320
775
3260
1692
1068
4478
336
2159
3557
888
733
2016
13
1499
4129
2391
920
4543
4377
1594
2196
4665
2729
3509
1471
1723
2182
3744
4231
4942
2948
1147
2898
1176
4975
2085
1536
178
2591
3834
1334
2696
1853
3650
66
4391
4712
4754
2964
3694
4509
1924
1550
3474
4725
419
4246
436
2219
3450
449
2226
4810
545
4058
1287
656
4411
3793
113
3634
3078
4275
1419
3536
401
1385
2435
4523
2593
773
1862
3030
623
1909
4981
1099
4368
3776
3522
1509
1314
877
5
3195
4915
2138
2580
3530
1573
4211
2913
606
1796
1469
4535
617
3812
1317
1240
1010
1607
2631
9
649
80
2360
942
4681
2634
4408
2440
4409
2483
447
1077
4010
4857
3313
2982
1
2328
1672
4330
3527
2375
2477
4273
1931
820
1992
833
1446
463
4932
563
1528
2736
4293
2341
2338
1231
4063
2993
2917
2520
830
1238
282
1545
4245
4965
3655
1332
3074
328
1970
1406
191
2697
498
578
3335
4556
1137
4641
3118
4141
3171
4367
52
3114
909
2626
1865
4364
2261
4167
3642
1736
1303
3725
941
2335
3844
1241
4428
3072
4856
3440
1725
1990
149
2263
2706
2181
3273
3773
2561
516
953
2237
939
3896
1629
114
3457
4916
2025
1219
3933
1633
2914
3606
1665
3556
2478
3303
3511
2630
3008
2166
4366
2465
195
4208
4646
3235
3620
1567
3437
3302
917
3292
400
3416
993
529
4302
1857
3325
1140
1134
4668
3778
140
4299
3716
2253
791
2618
4251
646
3312
3390
1191
2449
1159
1922
3056
2369
880
1129
2324
2717
3146
4410
169
731
2977
4930
2053
4469
2756
4484
3807
4080
3063
2537
151
1718
3928
3715
29
622
1907
3600
4711
4460
4277
4348
4690
4232
4690
4348
4277
4460
4711
3600
1907
622
29
3715
3928
1718
151
2537
3063
4080
3807
4484
2756
4469
2053
4930
2977
731
169
4410
3146
2717
2324
1129
880
2369
3056
1922
1159
2449
1191
3390
3312
646
4251
2618
791
2253
3716
4299
140
3778
4668
1134
1140
3325
1857
4302
529
993
3416
400
3292
917
3302
3437
1567
3620
3235
4646
4208
195
2465
4366
2166
3008
2630
3511
3303
2478
3556
1665
3606
2914
1633
3933
1219
2025
4916
3457
114
1629
3896
939
2237
953
516
2561
3773
3273
2181
2706
2263
149
1990
1725
3440
4856
3072
4428
1241
3844
2335
941
3725
1303
1736
3642
4167
2261
4364
1865
2626
909
3114
52
4367
3171
4141
3118
4641
1137
4556
3335
578
498
2697
191
1406
1970
328
3074
1332
3655
4965
4245
1545
282
1238
830
2520
2917
2993
4063
1231
2338
2341
4293
2736
1528
563
4932
463
1446
833
1992
820
1931
4273
2477
2375
3527
4330
1672
2328
1
2011
4082
1767
1759
3038
564
4506
1254
1049
2487
338
1405
367
580
3050
4828
329
886
430
4439
1999
2941
3636
4522
4043
808
1941
3648
776
729
2925
4495
961
852
172
2613
856
988
21
2867
83
1027
4457
569
3742
3353
2701
2851
4363
4637
2044
4322
1644
3475
641
3903
3947
1678
2272
2285
4336
533
383
561
928
2048
424
609
4805
236
4314
4813
643
825
4459
1755
687
3096
4836
2884
2869
762
2648
4671
2733
2156
182
4727
3294
3447
4794
2702
1612
4863
3617
2767
4546
101
3525
688
65
1271
627
3432
3737
660
1844
822
1163
1943
2398
3243
2489
4947
2652
595
4635
2290
3358
2673
4180
2250
3065
4250
333
2143
2536
4553
2776
189
3990
1554
459
1197
4285
3514
4055
3052
3194
2547
2020
319
3533
3842
1838
4570
1340
1699
631
3208
4776
1732
1427
2003
1263
937
3549
4352
3985
2432
1903
2410
4634
3787
1410
980
3099
583
3068
161
4723
1978
4723
161
3068
583
3099
980
1410
3787
4634
2410
1903
2432
3985
4352
3549
937
1263
2003
1427
1732
4776
3208
631
1699
1340
4570
1838
3842
3533
319
2020
2547
3194
3052
4055
3514
4285
1197
459
1554
3990
189
2776
4553
2536
2143
333
4250
3065
2250
4180
2673
3358
2290
4635
595
2652
4947
2489
3243
2398
1943
1163
822
1844
660
3737
3432
627
1271
65
688
3525
101
4546
2767
3617
4863
1612
2702
4794
3447
3294
4727
182
2156
2733
4671
2648
762
2869
2884
4836
3096
687
1755
4459
825
643
4813
4314
236
4805
609
424
2048
928
561
383
533
4336
2285
2272
1678
3947
3903
641
3475
1644
4322
2044
4637
4363
2851
2701
3353
3742
569
4457
1027
83
2867
21
988
856
2613
172
852
961
4495
2925
729
776
3648
1941
808
4043
4522
3636
2941
1999
4439
430
886
329
4828
3050
580
367
1405
338
2487
1049
1254
4506
564
3038
1759
1767
4082
2011
1
3212
2819
858
2194
3946
117
2962
4839
394
2714
3373
2443
3032
859
1488
2505
196
2245
3898
2976
1539
1747
3765
4201
3916
2754
4249
1754
143
2529
1660
1824
2761
2210
3211
4181
125
3738
1953
2780
1209
308
4684
1407
4558
1279
2078
2975
4795
3018
3318
1626
903
728
1606
3795
3275
3645
4550
4154
4307
957
2262
167
3411
2779
240
1688
1657
4023
3602
711
3897
4150
1199
3641
1462
3752
3444
3140
2002
2512
1089
3142
2678
324
3786
1177
1436
4832
2628
1639
655
1798
2361
1815
48
1265
3153
3141
1835
2382
3502
4026
487
638
3130
1687
2785
1829
3315
1181
174
637
4458
2679
2845
2028
4949
2175
2107
3847
3969
306
3503
3381
4575
1693
4729
398
1000
3281
1711
4545
1740
4877
591
932
625
4269
2791
3838
990
984
4620
476
410
1355
369
4415
1878
2047
38
2659
3708
897
448
2
835
3739
3479
2420
4957
952
3958
3487
862
3419
1194
1110
3347
2795
3347
1110
1194
3419
862
3487
3958
952
4957
2420
3479
3739
835
2
448
897
3708
2659
38
2047
1878
4415
369
1355
410
476
4620
984
990
3838
2791
4269
625
932
591
4877
1740
4545
1711
3281
1000
398
4729
1693
4575
3381
3503
306
3969
3847
2107
2175
4949
2028
2845
2679
4458
637
174
1181
3315
1829
2785
1687
3130
638
487
4026
3502
2382
1835
3141
3153
1265
48
1815
2361
1798
655
1639
2628
4832
1436
1177
3786
324
2678
3142
1089
2512
2002
3140
3444
3752
1462
3641
1199
4150
3897
711
3602
4023
1657
1688
240
2779
3411
167
2262
957
4307
4154
4550
3645
3275
3795
1606
728
903
1626
3318
3018
4795
2975
2078
1279
4558
1407
4684
308
1209
2780
1953
3738
125
4181
3211
2210
2761
1824
1660
2529
143
1754
4249
2754
3916
4201
3765
1747
1539
2976
3898
2245
196
2505
1488
859
3032
2443
3373
2714
394
4839
2962
117
3946
2194
858
2819
3212
1
3975
4609
783
3337
4622
2588
4172
3856
422
3938
120
3892
1154
4959
3420
2760
2049
1825
2462
4334
1920
4033
2516
2592
34
1519
4171
2664
4219
4056
2553
3278
3582
3724
4760
3863
3550
2629
4230
4120
1489
2888
2395
133
1792
86
4513
4359
4320
108
4421
1233
3406
3408
1636
1819
3867
316
757
739
4052
3388
3647
223
2534
4343
3446
906
4184
1435
4615
908
2764
4104
1623
4884
3110
4966
102
751
2308
1051
1008
2362
2233
1803
3858
3044
2564
1402
3254
1393
521
1595
1538
603
4209
4386
239
1239
4309
629
501
2115
2931
4075
4835
2385
1735
1438
2677
4520
3869
3843
1276
2897
4647
4761
4765
996
691
538
940
2230
1777
4200
719
517
4860
2623
845
3319
1952
4187
1917
3481
582
3759
1788
785
3707
2448
2514
1746
4660
2331
3284
3462
2038
3962
1288
1726
4899
898
279
2421
2750
4944
4006
2510
1297
3619
3554
1322
4849
4897
1681
2749
2703
1775
4594
3714
4594
1775
2703
2749
1681
4897
4849
1322
3554
3619
1297
2510
4006
4944
2750
2421
279
898
4899
1726
1288
3962
2038
3462
3284
2331
4660
1746
2514
2448
3707
785
1788
3759
582
3481
1917
4187
1952
3319
845
2623
4860
517
719
4200
1777
2230
940
538
691
996
4765
4761
4647
2897
1276
3843
3869
4520
2677
1438
1735
2385
4835
4075
2931
2115
501
629
4309
1239
239
4386
4209
603
1538
1595
521
1393
3254
1402
2564
3044
3858
1803
2233
2362
1008
1051
2308
751
102
4966
3110
4884
1623
4104
2764
908
4615
1435
4184
906
3446
4343
2534
223
3647
3388
4052
739
757
316
3867
1819
1636
3408
3406
1233
4421
108
4320
4359
4513
86
1792
133
2395
2888
1489
4120
4230
2629
3550
3863
4760
3724
3582
3278
2553
4056
4219
2664
4171
1519
34
2592
2516
4033
1920
4334
2462
1825
2049
2760
3420
4959
1154
3892
120
3938
422
3856
4172
2588
4622
3337
783
4609
3975
1
750
263
4602
4148
3021
3120
2543
2481
1007
3175
3904
3963
1571
1210
2654
2243
4688
307
2985
2114
4477
598
4925
592
4169
4465
15
2768
1174
3743
3646
3981
4472
3729
2849
3611
2542
94
2944
294
4400
245
3563
1729
2066
248
4347
4790
1497
3763
1152
1647
106
4496
3053
1428
3596
363
1836
741
1284
342
3948
3334
2998
1128
1313
3079
3539
354
2026
134
3931
2878
2167
3158
3757
758
3051
4228
4650
1520
278
4503
3226
1880
3094
3649
3827
3470
4552
2672
3400
3670
1457
4153
3880
2599
3214
4361
1222
3157
2608
3151
1987
1429
3950
3181
3943
1782
2133
3949
4301
3910
547
1088
3537
1395
3011
4514
452
955
1507
1668
1998
3013
2910
1491
3036
861
2570
4625
3263
703
1570
2323
2959
931
4831
2506
2433
4488
4379
347
1347
2482
612
2356
2899
4119
4825
1422
2716
1255
3262
82
1296
4136
1948
2793
2843
1955
1779
2027
414
119
484
3823
4102
4508
3613
2523
3613
4508
4102
3823
484
119
414
2027
1779
1955
2843
2793
1948
4136
1296
82
3262
1255
2716
1422
4825
4119
2899
2356
612
2482
1347
347
4379
4488
2433
2506
4831
931
2959
2323
1570
703
3263
4625
2570
861
3036
1491
2910
3013
1998
1668
1507
955
452
4514
3011
1395
3537
1088
547
3910
4301
3949
2133
1782
3943
3181
3950
1429
1987
3151
2608
3157
1222
4361
3214
2599
3880
4153
1457
3670
3400
2672
4552
3470
3827
3649
3094
1880
3226
4503
278
1520
4650
4228
3051
758
3757
3158
2167
2878
3931
134
2026
354
3539
3079
1313
1128
2998
3334
3948
342
1284
741
1836
363
3596
1428
3053
4496
106
1647
1152
3763
1497
4790
4347
248
2066
1729
3563
245
4400
294
2944
94
2542
3611
2849
3729
4472
3981
3646
3743
1174
2768
15
4465
4169
592
4925
598
4477
2114
2985
307
4688
2243
2654
1210
1571
3963
3904
3175
1007
2481
2543
3120
3021
4148
4602
263
750
1
3713
2110
4248
4792
221
3583
104
632
3354
4778
2911
2364
1009
4978
2241
3709
4531
246
4875
4066
59
483
2777
3291
1328
1737
1324
2747
2680
1041
4841
1751
2735
3970
3639
3923
3128
3255
4621
3414
4397
4077
345
1036
1221
4007
1646
2879
644
2080
3921
1826
2060
3671
971
2075
4696
1715
3669
3274
4613
2397
3576
2161
3635
2234
3575
1353
312
3992
3045
4223
2124
2497
4306
4747
2132
4757
1468
4796
4143
4612
2136
4542
1061
1183
1563
2157
206
3544
915
869
1155
1311
2624
4560
1602
3287
2816
2698
581
2103
4909
4205
3200
2792
3418
1562
4212
4155
3159
1040
4349
552
4083
421
162
511
3925
204
3014
4534
2470
4652
4867
2967
1764
1731
2974
4319
924
2995
3149
350
2909
4001
2740
2254
864
2670
2908
1143
110
2302
1942
1213
397
3566
3119
3802
813
695
2127
4749
1420
3350
4292
257
4262
2836
4680
841
2544
1253
2347
756
399
4338
17
1349
1184
1963
1184
1349
17
4338
399
756
2347
1253
2544
841
4680
2836
4262
257
4292
3350
1420
4749
2127
695
813
3802
3119
3566
397
1213
1942
2302
110
1143
2908
2670
864
2254
2740
4001
2909
350
3149
2995
924
4319
2974
1731
1764
2967
4867
4652
2470
4534
3014
204
3925
511
162
421
4083
552
4349
1040
3159
4155
4212
1562
3418
2792
3200
4205
4909
2103
581
2698
2816
3287
1602
4560
2624
1311
1155
869
915
3544
206
2157
1563
1183
1061
4542
2136
4612
4143
4796
1468
4757
2132
4747
4306
2497
2124
4223
3045
3992
312
1353
3575
2234
3635
2161
3576
2397
4613
3274
3669
1715
4696
2075
971
3671
2060
1826
3921
2080
644
2879
1646
4007
1221
1036
345
4077
4397
3414
4621
3255
3128
3923
3639
3970
2735
1751
4841
1041
2680
2747
1324
1737
1328
3291
2777
483
59
4066
4875
246
4531
3709
2241
4978
1009
2364
2911
4778
3354
632
104
3583
221
4792
4248
2110
3713
1
4168
228
3720
4099
3524
1458
3701
4492
572
3488
234
3049
2573
378
3310
368
2833
1526
2563
4597
2173
3610
1038
2447
1601
743
3528
1090
3850
406
3029
3622
2647
491
675
4009
4536
772
23
3489
1342
1510
3197
3004
1891
4412
2197
2337
4532
1498
4745
3265
1503
3460
817
4579
2633
457
2682
3538
3428
842
2601
19
2801
3995
115
3361
1610
3906
3248
1298
1300
1965
4339
64
2627
1881
1141
2607
77
848
4811
4311
2279
2428
3705
4699
1786
4461
1847
407
4791
4076
1855
1753
4818
2511
3616
4977
2205
2834
1691
4193
2212
4714
2401
1127
1045
1696
1939
1003
2937
1542
3204
4057
2113
4929
177
2340
4179
1546
1361
384
3750
978
4344
2444
2055
3459
3806
2168
2343
1757
1537
958
815
4686
2865
965
3915
966
2907
3668
3322
1587
787
1727
2348
1323
1560
1912
1387
4388
4128
417
4905
3031
4581
2786
4390
2165
1701
1940
3593
1081
1308
4907
4002
3654
2820
4567
2820
3654
4002
4907
1308
1081
3593
1940
1701
2165
4390
2786
4581
3031
4905
417
4128
4388
1387
1912
1560
1323
2348
1727
787
1587
3322
3668
2907
966
3915
965
2865
4686
815
958
1537
1757
2343
2168
3806
3459
2055
2444
4344
978
3750
384
1361
1546
4179
2340
177
4929
2113
4057
3204
1542
2937
1003
1939
1696
1045
1127
2401
4714
2212
4193
1691
2834
2205
4977
3616
2511
4818
1753
1855
4076
4791
407
1847
4461
1786
4699
3705
2428
2279
4311
4811
848
77
2607
1141
1881
2627
64
4339
1965
1300
1298
3248
3906
1610
3361
115
3995
2801
19
2601
842
3428
3538
2682
457
2633
4579
817
3460
1503
3265
4745
1498
4532
2337
2197
4412
1891
3004
3197
1510
1342
3489
23
772
4536
4009
675
491
2647
3622
3029
406
3850
1090
3528
743
1601
2447
1038
3610
2173
4597
2563
1526
2833
368
3310
378
2573
3049
234
3488
572
4492
3701
1458
3524
4099
3720
228
4168
1
2545
725
3586
2950
3848
674
3815
1549
1364
510
706
3984
2901
229
2990
1597
3193
3169
4950
1042
2108
1105
4870
1132
2097
2198
870
3851
2600
4146
816
4873
610
260
1320
3878
1698
1654
3587
1590
2430
3091
3080
2642
2862
1082
3453
3396
1108
2095
3911
3680
2077
3607
4327
4979
2704
1577
2871
4934
802
784
3101
3384
3679
1892
1551
1151
872
3184
4305
4724
90
4715
70
3885
3768
635
4207
761
4544
2358
2411
4962
2922
4967
2824
3007
3629
412
4548
901
3542
4951
1866
805
3366
2772
3455
1540
2840
2378
916
3833
2232
4788
3006
708
892
4234
943
3170
3055
84
3625
3547
1424
3966
3399
2643
4074
554
1201
3854
2799
4604
502
1971
2847
1200
1530
4750
3356
4837
2603
1344
408
3438
3623
2527
4591
2332
3676
2367
3644
4563
910
834
3268
2061
951
3343
2744
2807
3272
267
7
4695
1145
542
1144
1671
2204
1069
4419
4569
1312
2818
3498
252
268
4547
268
252
3498
2818
1312
4569
4419
1069
2204
1671
1144
542
1145
4695
7
267
3272
2807
2744
3343
951
2061
3268
834
910
4563
3644
2367
3676
2332
4591
2527
3623
3438
408
1344
2603
4837
3356
4750
1530
1200
2847
1971
502
4604
2799
3854
1201
554
4074
2643
3399
3966
1424
3547
3625
84
3055
3170
943
4234
892
708
3006
4788
2232
3833
916
2378
2840
1540
3455
2772
3366
805
1866
4951
3542
901
4548
412
3629
3007
2824
4967
2922
4962
2411
2358
4544
761
4207
635
3768
3885
70
4715
90
4724
4305
3184
872
1151
1551
1892
3679
3384
3101
784
802
4934
2871
1577
2704
4979
4327
3607
2077
3680
3911
2095
1108
3396
3453
1082
2862
2642
3080
3091
2430
1590
3587
1654
1698
3878
1320
260
610
4873
816
4146
2600
3851
870
2198
2097
1132
4870
1105
2108
1042
4950
3169
3193
1597
2990
229
2901
3984
706
510
1364
1549
3815
674
3848
2950
3586
725
2545
1
601
1283
3621
4862
824
3783
156
1098
2273
1832
111
1291
1980
1500
4437
1719
1034
1622
1834
2471
1193
3174
3917
3861
1888
4769
3770
1054
4157
4351
1680
3332
2390
4593
2857
4943
1050
3423
1321
1465
2357
3126
123
793
696
4946
3561
3466
3403
1020
4094
3239
1330
809
4571
968
2041
2018
2532
2289
3797
2008
72
4288
4642
3979
1558
1761
2277
3937
1908
179
2438
217
3182
1095
1112
960
1511
4118
4582
2842
2257
781
628
3370
4365
2926
3755
1561
1415
1914
4456
2091
3480
1357
1879
1730
1641
4375
3112
4123
4244
2808
3327
1976
1695
3225
467
1523
1752
1114
881
1772
2586
1039
4644
142
4191
3311
2933
4051
2668
3595
3767
4498
1169
2117
507
3891
2320
3241
3081
1849
4511
431
1822
465
1774
1927
3372
357
238
4865
3461
1559
2330
2145
4840
148
214
1608
2815
3456
1515
1994
2177
3562
1106
2486
166
4132
1102
3188
2004
49
2920
3232
4090
4444
770
3229
770
4444
4090
3232
2920
49
2004
3188
1102
4132
166
2486
1106
3562
2177
1994
1515
3456
2815
1608
214
148
4840
2145
2330
1559
3461
4865
238
357
3372
1927
1774
465
1822
431
4511
1849
3081
3241
2320
3891
507
2117
1169
4498
3767
3595
2668
4051
2933
3311
4191
142
4644
1039
2586
1772
881
1114
1752
1523
467
3225
1695
1976
3327
2808
4244
4123
3112
4375
1641
1730
1879
1357
3480
2091
4456
1914
1415
1561
3755
2926
4365
3370
628
781
2257
2842
4582
4118
1511
960
1112
1095
3182
217
2438
179
1908
3937
2277
1761
1558
3979
4642
4288
72
2008
3797
2289
2532
2018
2041
968
4571
809
1330
3239
4094
1020
3403
3466
3561
4946
696
793
123
3126
2357
1465
1321
3423
1050
4943
2857
4593
2390
3332
1680
4351
4157
1054
3770
4769
1888
3861
3917
3174
1193
2471
1834
1622
1034
1719
4437
1500
1980
1291
111
1832
2273
1098
156
3783
824
4862
3621
1283
601
1
1781
3512
4312
537
1480
782
2947
3160
685
89
3919
2439
4247
3799
39
620
3540
4426
894
668
3784
523
1121
3439
3572
1135
4350
4710
4038
4861
3108
2596
2583
3152
4540
4923
1236
16
2248
3499
3756
4430
4358
1310
4816
1533
2581
299
2423
55
2585
4952
560
1625
4178
4468
3519
2380
3083
2566
797
443
1984
3614
2074
3918
3929
2619
1843
2284
3746
176
1810
1637
1683
4371
1437
4806
2615
3888
4438
3352
3383
3682
75
3097
4239
4914
1044
4369
219
4137
1947
1911
61
4988
2023
2548
4921
3959
4032
2810
1874
4183
3699
1797
2893
4313
1709
1771
1932
1372
2363
3604
1130
2546
2848
2229
160
1026
2311
4789
769
3955
3841
726
1669
4000
4
1376
3221
3000
1002
482
1813
930
4926
3932
3689
1708
619
659
116
2560
489
4425
3588
382
3876
3558
4097
2540
4986
1096
2125
2562
3733
3003
2955
3251
1916
4362
3242
1556
1763
3363
3753
2042
35
4973
4028
4533
4028
4973
35
2042
3753
3363
1763
1556
3242
4362
1916
3251
2955
3003
3733
2562
2125
1096
4986
2540
4097
3558
3876
382
3588
4425
489
2560
116
659
619
1708
3689
3932
4926
930
1813
482
1002
3000
3221
1376
4
4000
1669
726
3841
3955
769
4789
2311
1026
160
2229
2848
2546
1130
3604
2363
1372
1932
1771
1709
4313
2893
1797
3699
4183
1874
2810
4032
3959
4921
2548
2023
4988
61
1911
1947
4137
219
4369
1044
4914
4239
3097
75
3682
3383
3352
4438
3888
2615
4806
1437
4371
1683
1637
1810
176
3746
2284
1843
2619
3929
3918
2074
3614
1984
443
797
2566
3083
2380
3519
4468
4178
1625
560
4952
2585
55
2423
299
2581
1533
4816
1310
4358
4430
3756
3499
2248
16
1236
4923
4540
3152
2583
2596
3108
4861
4038
4710
4350
1135
3572
3439
1121
523
3784
668
894
4426
3540
620
39
3799
4247
2439
3919
89
685
3160
2947
782
1480
537
4312
3512
1781
1
1883
2084
4274
1487
1773
4021
3238
3360
153
4834
737
3551
469
1198
4423
2846
4372
2317
109
71
2541
2711
3775
1483
1868
62
4888
4525
3790
2495
4614
3150
3143
2983
3808
1421
1975
2531
669
811
4086
2216
4395
3748
2442
2980
3407
2812
2734
1599
4152
2811
3434
232
1281
1218
536
4924
1845
3534
296
3075
4238
3934
1024
2090
574
970
3082
2621
1109
3710
3771
4022
4452
4891
4676
1968
3665
1214
213
1123
3762
3777
3809
4474
2572
4098
4970
2651
185
1381
879
291
4422
481
991
1161
3803
4821
4653
2394
3180
4746
2889
4507
4278
2417
2265
3627
767
2473
2906
4822
3977
912
375
4315
3598
982
2695
4515
1827
2675
2180
230
1482
1065
1793
2000
753
2826
2407
1078
3473
2569
950
2797
867
2814
4387
152
890
1417
454
2891
45
853
244
4707
321
2854
2522
3882
2883
2370
1578
3608
144
4466
2493
4280
2266
3873
135
534
4040
290
1211
2690
4904
2227
4904
2690
1211
290
4040
534
135
3873
2266
4280
2493
4466
144
3608
1578
2370
2883
3882
2522
2854
321
4707
244
853
45
2891
454
1417
890
152
4387
2814
867
2797
950
2569
3473
1078
2407
2826
753
2000
1793
1065
1482
230
2180
2675
1827
4515
2695
982
3598
4315
375
912
3977
4822
2906
2473
767
3627
2265
2417
4278
4507
2889
4746
3180
2394
4653
4821
3803
1161
991
481
4422
291
879
1381
185
2651
4970
4098
2572
4474
3809
3777
3762
1123
213
1214
3665
1968
4676
4891
4452
4022
3771
3710
1109
2621
3082
970
574
2090
1024
3934
4238
3075
296
3534
1845
4924
536
1218
1281
232
3434
2811
4152
1599
2734
2812
3407
2980
2442
3748
4395
2216
4086
811
669
2531
1975
1421
3808
2983
3143
3150
4614
2495
3790
4525
4888
62
1868
1483
3775
2711
2541
71
109
2317
4372
2846
4423
1198
469
3551
737
4834
153
3360
3238
4021
1773
1487
4274
2084
1883
1
281
3831
855
2952
4188
2773
158
200
1812
786
100
1784
2170
423
2179
1018
599
3736
1490
4938
2304
1461
3868
4658
3782
2939
2419
2712
353
3571
3095
1915
485
2346
3391
4122
826
3871
170
3429
4896
4061
3465
437
3590
3779
3813
2163
4910
4584
274
812
3283
4961
3940
3758
1616
665
3168
2896
4140
4893
4065
3342
2089
3107
2083
2235
3424
2783
954
3163
1224
3145
843
4300
470
661
2314
1749
2153
2164
4657
1125
2326
2071
3664
956
667
3751
2452
2246
2612
1175
4871
3397
1575
1329
4512
839
1923
504
4121
121
1262
1189
2275
4485
788
1799
3986
2861
2022
2882
765
2017
2584
4203
3244
3041
1867
535
723
81
2961
298
865
2684
4815
2796
4878
428
2280
4969
3974
1093
1689
1876
4015
3643
2745
3295
4678
1115
3791
2006
3552
4069
145
2890
3104
1783
3954
334
1205
3987
543
3069
2500
4527
3137
1237
1982
1122
1506
327
1058
2480
4398
1640
1266
2973
1266
1640
4398
2480
1058
327
1506
1122
1982
1237
3137
4527
2500
3069
543
3987
1205
334
3954
1783
3104
2890
145
4069
3552
2006
3791
1115
4678
3295
2745
3643
4015
1876
1689
1093
3974
4969
2280
428
4878
2796
4815
2684
865
298
2961
81
723
535
1867
3041
3244
4203
2584
2017
765
2882
2022
2861
3986
1799
788
4485
2275
1189
1262
121
4121
504
1923
839
4512
1329
1575
3397
4871
1175
2612
2246
2452
3751
667
956
3664
2071
2326
1125
4657
2164
2153
1749
2314
661
470
4300
843
3145
1224
3163
954
2783
3424
2235
2083
3107
2089
3342
4065
4893
4140
2896
3168
665
1616
3758
3940
4961
3283
812
274
4584
4910
2163
3813
3779
3590
437
3465
4061
4896
3429
170
3871
826
4122
3391
2346
485
1915
3095
3571
353
2712
2419
2939
3782
4658
3868
1461
2304
4938
1490
3736
599
1018
2179
423
2170
1784
100
786
1812
200
158
2773
4188
2952
855
3831
281
1
2456
1860
2460
1854
4270
440
79
571
3678
2662
683
2872
3256
3760
2594
4702
4717
1900
1411
2928
3749
1877
4814
3393
1333
551
4643
1124
2396
2282
4918
2146
3443
1084
2176
4449
2214
370
3618
3855
3378
4758
3972
4659
4324
2988
4848
2794
884
4917
3233
3220
3535
1531
3864
1247
3025
2310
3944
4783
1426
3785
1951
4956
3001
2476
962
2625
948
4559
2994
927
4487
4983
216
2037
2932
4694
1067
3449
2404
3998
1046
1158
2809
3496
2687
749
874
3230
1962
1743
2575
4109
3478
3389
3422
40
586
3941
1584
460
4479
3976
280
520
3348
2637
1052
2242
2649
2201
2399
3982
1409
4674
3564
4204
748
1663
2379
1383
1074
4564
241
3227
3852
1651
3433
27
4958
577
3482
732
1902
1609
2870
2863
3698
4908
388
1596
2681
2063
1704
3067
4697
1514
159
2683
3247
1760
2963
3754
3492
4493
4303
2915
1673
860
3103
341
1566
2436
3201
1374
914
518
4732
4003
1180
455
1180
4003
4732
518
914
1374
3201
2436
1566
341
3103
860
1673
2915
4303
4493
3492
3754
2963
1760
3247
2683
159
1514
4697
3067
1704
2063
2681
1596
388
4908
3698
2863
2870
1609
1902
732
3482
577
4958
27
3433
1651
3852
3227
241
4564
1074
1383
2379
1663
748
4204
3564
4674
1409
3982
2399
2201
2649
2242
1052
2637
3348
520
280
3976
4479
460
1584
3941
586
40
3422
3389
3478
4109
2575
1743
1962
3230
874
749
2687
3496
2809
1158
1046
3998
2404
3449
1067
4694
2932
2037
216
4983
4487
927
2994
4559
948
2625
962
2476
3001
4956
1951
3785
1426
4783
3944
2310
3025
1247
3864
1531
3535
3220
3233
4917
884
2794
4848
2988
4324
4659
3972
4758
3378
3855
3618
370
2214
4449
2176
1084
3443
2146
4918
2282
2396
1124
4643
551
1333
3393
4814
1877
3749
2928
1411
1900
4717
4702
2594
3760
3256
2872
683
2662
3678
571
79
440
4270
1854
2460
1860
2456
1
4117
2923
2224
164
3826
486
4954
2247
4585
662
4190
2936
1983
2831
1244
3177
2972
4159
4031
2013
2073
4974
3259
472
4427
2122
1664
147
1252
4541
1635
1936
3866
2660
1171
1011
2528
1101
1136
3967
3887
1453
495
4494
2069
1388
1513
2424
654
2757
4633
4215
3801
1817
33
2297
2009
2656
4889
231
4447
4130
3996
4854
803
2087
2895
1167
2278
4045
1787
2574
4931
3560
986
505
2211
173
2579
2718
445
4017
1820
3087
1013
4524
576
3005
2496
3988
352
2686
573
1339
2856
4399
4435
3695
1996
199
2519
503
2503
3839
4471
130
735
4762
1107
3696
4768
1605
4085
1261
2184
4894
3505
356
658
2671
2509
1928
1092
1268
3286
2504
3264
4705
4446
2873
4355
4855
844
736
1929
4980
807
3516
3691
4592
379
752
602
4636
2676
3333
1950
1153
4373
1277
1894
461
2549
3814
2912
1327
2035
3971
2457
3632
3089
3328
544
2589
22
3060
1292
2992
4852
1662
197
3210
197
1662
4852
2992
1292
3060
22
2589
544
3328
3089
3632
2457
3971
2035
1327
2912
3814
2549
461
1894
1277
4373
1153
1950
3333
2676
4636
602
752
379
4592
3691
3516
807
4980
1929
736
844
4855
4355
2873
4446
4705
3264
2504
3286
1268
1092
1928
2509
2671
658
356
3505
4894
2184
1261
4085
1605
4768
3696
1107
4762
735
130
4471
3839
2503
503
2519
199
1996
3695
4435
4399
2856
1339
573
2686
352
3988
2496
3005
576
4524
1013
3087
1820
4017
445
2718
2579
173
2211
505
986
3560
4931
2574
1787
4045
2278
1167
2895
2087
803
4854
3996
4130
4447
231
4889
2656
2009
2297
33
1817
3801
4215
4633
2757
654
2424
1513
1388
2069
4494
495
1453
3887
3967
1136
1101
2528
1011
1171
2660
3866
1936
1635
4541
1252
147
1664
2122
4427
472
3259
4974
2073
2013
4031
4159
2972
3177
1244
2831
1983
2936
4190
662
4585
2247
4954
486
3826
164
2224
2923
4117
1
621
2513
1933
821
938
93
1524
50
2788
3828
4845
4529
4255
936
1350
2852
2274
1628
1293
1768
4617
3155
1414
738
385
3886
4385
745
1744
4663
4898
1944
4955
499
2169
1031
3983
4797
3991
3077
921
3662
4708
562
4872
4935
1172
493
3338
478
4413
4698
2790
989
1025
1228
2669
1722
4197
2431
3042
146
318
1642
124
1245
3652
2533
3672
194
4551
3037
4731
2137
2081
3367
3464
1675
1850
2312
4414
2590
4014
4982
2653
1958
2880
2782
2978
1890
1170
3559
2479
3387
3028
1935
759
4759
878
4537
1733
4222
171
1354
67
4467
611
3404
2418
53
418
2577
1401
2344
4853
2050
2611
1686
266
1565
4405
4611
2154
273
1216
435
253
1431
332
3431
4490
1212
1390
3071
1964
3402
4596
1225
946
3138
2720
3893
3615
4236
1828
1131
702
28
18
1897
2821
78
2105
1658
1724
3346
1579
4608
3093
1028
4116
3266
550
1821
3860
1785
2315
2468
54
3379
570
1056
570
3379
54
2468
2315
1785
3860
1821
550
3266
4116
1028
3093
4608
1579
3346
1724
1658
2105
78
2821
1897
18
28
702
1131
1828
4236
3615
3893
2720
3138
946
1225
4596
3402
1964
3071
1390
1212
4490
3431
332
1431
253
435
1216
273
2154
4611
4405
1565
266
1686
2611
2050
4853
2344
1401
2577
418
53
2418
3404
611
4467
67
1354
171
4222
1733
4537
878
4759
759
1935
3028
3387
2479
3559
1170
1890
2978
2782
2880
1958
2653
4982
4014
2590
4414
2312
1850
1675
3464
3367
2081
2137
4731
3037
4551
194
3672
2533
3652
1245
124
1642
318
146
3042
2431
4197
1722
2669
1228
1025
989
2790
4698
4413
478
3338
493
1172
4935
4872
562
4708
3662
921
3077
3991
4797
3983
1031
2169
499
4955
1944
4898
4663
1744
745
4385
3886
385
738
1414
3155
4617
1768
1293
1628
2274
2852
1350
936
4255
4529
4845
3828
2788
50
1524
93
938
821
1933
2513
621
1
2597
4133
4538
4883
4147
4282
2135
1904
1187
500
4677
4616
2935
220
640
1378
4626
2129
4267
3442
1156
237
1335
885
2329
2450
624
1794
904
1535
2904
566
712
1396
3156
1466
2043
777
3603
4380
1408
2484
532
2800
355
2638
155
4968
584
3471
1307
4808
680
1258
4623
1403
2507
2685
2655
4189
2838
3162
3476
4866
4736
597
4115
2045
4903
1053
4989
2996
4756
4574
3435
3659
3810
2461
689
2101
2130
840
3463
2490
1818
1478
2731
2259
3288
3507
1412
112
4049
2723
4100
2900
2264
1841
47
1896
3173
2288
2221
1800
651
1720
3183
56
512
4868
3299
1973
4838
2945
3591
2827
1037
2525
4687
4199
1188
451
2518
1017
4294
3165
2554
3568
1516
849
4034
527
3341
1762
506
1116
2065
41
3468
3874
985
3415
1256
325
2019
4454
4880
3706
3700
4742
4326
2730
3316
714
292
740
913
3541
4333
60
2203
3236
3245
3747
4766
2968
3359
2406
128
642
3901
4972
3901
642
128
2406
3359
2968
4766
3747
3245
3236
2203
60
4333
3541
913
740
292
714
3316
2730
4326
4742
3700
3706
4880
4454
2019
325
1256
3415
985
3874
3468
41
2065
1116
506
1762
3341
527
4034
849
1516
3568
2554
3165
4294
1017
2518
451
1188
4199
4687
2525
1037
2827
3591
2945
4838
1973
3299
4868
512
56
3183
1720
651
1800
2221
2288
3173
1896
47
1841
2264
2900
4100
2723
4049
112
1412
3507
3288
2259
2731
1478
1818
2490
3463
840
2130
2101
689
2461
3810
3659
3435
4574
4756
2996
4989
1053
4903
2045
4115
597
4736
4866
3476
3162
2838
4189
2655
2685
2507
1403
4623
1258
680
4808
1307
3471
584
4968
155
2638
355
2800
532
2484
1408
4380
3603
777
2043
1466
3156
1396
712
566
2904
1535
904
1794
624
2450
2329
885
1335
237
1156
3442
4267
2129
4626
1378
640
220
2935
4616
4677
500
1187
1904
2135
4282
4147
4883
4538
4133
2597
1
1714
4304
343
3427
473
3317
893
2954
37
600
589
887
4823
1586
3727
4310
380
2587
330
4940
1937
247
850
1168
721
3788
792
3191
766
3039
1707
3728
1676
4218
4240
875
1391
4004
2371
3340
3024
2526
2162
3493
2040
2498
4920
2354
1235
678
4964
1006
922
4605
184
3059
2616
4337
2956
3084
1615
2319
1060
4500
2453
2765
1790
4114
468
615
4753
899
1593
4259
3526
3811
1059
3271
3344
4105
2100
1856
2691
475
747
4672
360
1816
3222
4185
2327
1702
429
107
1306
4434
3504
4024
1778
362
2024
3766
323
2427
3086
3326
193
2927
1921
3631
3002
3166
14
1508
3731
2384
3454
1280
2713
1368
3517
3721
2416
3066
4265
4131
3412
4882
3666
250
3176
3116
4892
557
2705
1517
1444
4654
1492
88
3900
666
515
4345
3061
3022
2892
3282
1961
1643
2969
2174
1325
2949
1066
2552
471
4392
1981
1833
3257
553
2158
2960
404
1512
4518
168
1581
724
1945
3417
1945
724
1581
168
4518
1512
404
2960
2158
553
3257
1833
1981
4392
471
2552
1066
2949
1325
2174
2969
1643
1961
3282
2892
3022
3061
4345
515
666
3900
88
1492
4654
1444
1517
2705
557
4892
3116
3176
250
3666
4882
3412
4131
4265
3066
2416
3721
3517
1368
2713
1280
3454
2384
3731
1508
14
3166
3002
3631
1921
2927
193
3326
3086
2427
323
3766
2024
362
1778
4024
3504
4434
1306
107
429
1702
2327
4185
3222
1816
360
4672
747
475
2691
1856
2100
4105
3344
3271
1059
3811
3526
4259
1593
899
4753
615
468
4114
1790
2765
2453
4500
1060
2319
1615
3084
2956
4337
2616
3059
184
4605
922
1006
4964
678
1235
2354
4920
2498
2040
3493
2162
2526
3024
3340
2371
4004
1391
875
4240
4218
1676
3728
1707
3039
766
3191
792
3788
721
1168
850
247
1937
4940
330
2587
380
4310
3727
1586
4823
887
589
600
37
2954
893
3317
473
3427
343
4304
1714
1
392
1910
4402
3521
2072
1150
4936
1585
3132
2823
4483
4321
4675
4062
4589
2349
1694
2383
3336
4298
4601
3426
74
3136
4224
4771
4721
1448
1103
1286
2903
4764
3321
565
4781
389
2918
760
2602
2707
3057
2605
2128
1373
2709
3690
3640
3543
3697
4664
2752
2142
2225
3296
2763
4803
3121
3531
3285
3633
212
673
2860
3376
2694
3594
4149
3205
4389
1830
1022
1223
3703
4035
4648
1655
873
645
264
1638
1418
3774
2644
742
846
4700
366
3965
2281
3009
657
3043
4165
1440
4243
98
4785
1750
3545
4084
3711
3879
4817
2802
1432
2238
1304
3186
513
3409
2403
2874
2116
4242
3830
1204
4598
122
92
796
4044
4103
3673
450
3252
3723
488
2062
305
4743
639
1873
4568
3667
4704
1957
2853
432
1380
3968
3978
801
2322
409
1157
1047
1807
3883
1251
4214
4353
4722
69
2595
1160
2014
3735
2663
672
2940
192
3924
4264
3761
132
4272
4111
730
4619
4443
4578
4407
4578
4443
4619
730
4111
4272
132
3761
4264
3924
192
2940
672
2663
3735
2014
1160
2595
69
4722
4353
4214
1251
3883
1807
1047
1157
409
2322
801
3978
3968
1380
432
2853
1957
4704
3667
4568
1873
639
4743
305
2062
488
3723
3252
450
3673
4103
4044
796
92
122
4598
1204
3830
4242
2116
2874
2403
3409
513
3186
1304
2238
1432
2802
4817
3879
3711
4084
3545
1750
4785
98
4243
1440
4165
3043
657
3009
2281
3965
366
4700
846
742
2644
3774
1418
1638
264
645
873
1655
4648
4035
3703
1223
1022
1830
4389
3205
4149
3594
2694
3376
2860
673
212
3633
3285
3531
3121
4803
2763
3296
2225
2142
2752
4664
3697
3543
3640
3690
2709
1373
2128
2605
3057
2707
2602
760
2918
389
4781
565
3321
4764
2903
1286
1103
1448
4721
4771
4224
3136
74
3426
4601
4298
3336
2383
1694
2349
4589
4062
4675
4321
4483
2823
3132
1585
4936
1150
2072
3521
4402
1910
392
1
935
3909
4296
4019
1848
4911
3612
876
364
2469
3877
497
4739
1564
1899
2318
1275
4670
2191
549
283
2724
682
681
3794
4281
1443
1930
4595
1064
269
2919
4142
188
1063
1967
1274
2825
4433
1377
1656
3660
4737
466
4276
1840
3601
4521
127
4846
3167
837
3398
4037
3555
218
636
4012
3324
180
1299
2766
868
1460
1057
4793
705
3027
1495
2475
4786
4087
2096
4588
1504
3908
340
4555
1496
556
1190
718
2787
320
2727
2422
289
2674
1677
3818
4807
1863
3495
2209
1345
2640
4673
3258
1603
4901
929
96
2459
2517
1532
710
91
1734
919
3123
1864
1423
509
2111
4356
3804
3249
771
1399
4576
4072
1416
2207
4233
1572
1315
4629
1898
871
3377
2606
4985
1455
4858
1439
2005
1285
3956
3382
224
3822
2987
1547
997
4431
1653
1997
4812
3683
26
2986
1119
4011
4656
593
1684
3289
3218
3712
4716
4618
994
4517
255
163
1305
3870
2372
2276
2464
1370
4036
1370
2464
2276
2372
3870
1305
163
255
4517
994
4618
4716
3712
3218
3289
1684
593
4656
4011
1119
2986
26
3683
4812
1997
1653
4431
997
1547
2987
3822
224
3382
3956
1285
2005
1439
4858
1455
4985
2606
3377
871
1898
4629
1315
1572
4233
2207
1416
4072
4576
1399
771
3249
3804
4356
2111
509
1423
1864
3123
919
1734
91
710
1532
2517
2459
96
929
4901
1603
3258
4673
2640
1345
2209
3495
1863
4807
3818
1677
2674
289
2422
2727
320
2787
718
1190
556
1496
4555
340
3908
1504
4588
2096
4087
4786
2475
1495
3027
705
4793
1057
1460
868
2766
1299
180
3324
4012
636
218
3555
4037
3398
837
3167
4846
127
4521
3601
1840
4276
466
4737
3660
1656
1377
4433
2825
1274
1967
1063
188
4142
2919
269
1064
4595
1930
1443
4281
3794
681
682
2724
283
549
2191
4670
1275
2318
1899
1564
4739
497
3877
2469
364
876
3612
4911
1848
4019
4296
3909
935
1
2094
4720
1505
1133
405
1494
4773
2381
3821
4220
2029
2365
2405
1126
4632
4691
2692
3133
709
4382
1384
201
4271
361
4317
810
103
4206
4013
652
4331
3125
4922
1592
1358
57
4504
4709
3661
2902
210
1249
1582
1397
2189
3040
959
2958
693
3270
3100
1659
4859
4481
1769
794
2034
494
4528
3048
754
1371
3935
3579
3580
3308
2400
4210
3102
2539
3305
2875
1360
11
3546
2555
4096
1851
3129
3781
1142
2604
129
1690
866
1682
4151
416
3520
1895
2064
4145
1569
3800
1230
374
2632
3585
1467
4669
2291
1389
32
4826
242
3798
1804
1960
2160
2578
4661
933
613
4064
3192
1250
2829
322
4767
3161
2850
4030
2813
3386
1208
857
4027
2425
949
3849
1568
1447
1634
902
1959
1956
313
4693
302
1343
630
2832
1966
492
4041
1738
2657
1290
4067
4266
249
1588
4491
2295
945
2803
934
3297
2305
1600
2822
2894
608
4799
2620
2001
1185
1710
3452
3741
3261
139
3261
3741
3452
1710
1185
2001
2620
4799
608
2894
2822
1600
2305
3297
934
2803
945
2295
4491
1588
249
4266
4067
1290
2657
1738
4041
492
1966
2832
630
1343
302
4693
313
1956
1959
902
1634
1447
1568
3849
949
2425
4027
857
1208
3386
2813
4030
2850
3161
4767
322
2829
1250
3192
4064
613
933
4661
2578
2160
1960
1804
3798
242
4826
32
1389
2291
4669
1467
3585
2632
374
1230
3800
1569
4145
2064
1895
3520
416
4151
1682
866
1690
129
2604
1142
3781
3129
1851
4096
2555
3546
11
1360
2875
3305
2539
3102
4210
2400
3308
3580
3579
3935
1371
754
3048
4528
494
2034
794
1769
4481
4859
1659
3100
3270
693
2958
959
3040
2189
1397
1582
1249
210
2902
3661
4709
4504
57
1358
1592
4922
3125
4331
652
4013
4206
103
810
4317
361
4271
201
1384
4382
709
3133
2692
4691
4632
1126
2405
2365
2029
4220
3821
2381
4773
1494
405
1133
1505
4720
2094
1
3630
1073
2434
4751
3485
202
1029
4163
1302
4779
3684
4325
1481
1111
339
4912
3209
2841
3920
3349
1113
1375
568
3172
426
118
1454
262
1484
3490
2463
3371
211
4730
3881
4763
477
3726
3653
3046
2032
1742
3597
1886
254
235
1072
4577
157
2946
2256
464
3952
596
1977
4401
4502
4804
1394
2252
2693
4328
2989
2112
2171
4394
559
1604
4093
3293
4202
4933
2753
963
2924
4227
1257
3638
286
1618
4235
4603
2104
1033
1837
2200
2721
2858
1165
1885
227
3745
2866
4683
4440
2666
925
3872
3198
3015
2598
1527
1861
4424
6
4161
715
1485
2213
1226
1814
4599
1413
1087
1434
4726
2313
3323
720
744
442
4476
4628
3054
1758
1162
671
358
3374
3035
4156
1272
3993
2190
4473
2508
2152
344
2769
2293
337
348
3134
882
2665
838
2151
474
438
4692
4088
1035
3506
2222
3816
480
1229
4679
975
4286
2859
4441
3927
4516
3058
1430
3090
136
4089
225
275
441
275
225
4089
136
3090
1430
3058
4516
3927
4441
2859
4286
975
4679
1229
480
3816
2222
3506
1035
4088
4692
438
474
2151
838
2665
882
3134
348
337
2293
2769
344
2152
2508
4473
2190
3993
1272
4156
3035
3374
358
671
1162
1758
3054
4628
4476
442
744
720
3323
2313
4726
1434
1087
1413
4599
1814
1226
2213
1485
715
4161
6
4424
1861
1527
2598
3015
3198
3872
925
2666
4440
4683
2866
3745
227
1885
1165
2858
2721
2200
1837
1033
2104
4603
4235
1618
286
3638
1257
4227
2924
963
2753
4933
4202
3293
4093
1604
559
4394
2171
2112
2989
4328
2693
2252
1394
4804
4502
4401
1977
596
3952
464
2256
2946
157
4577
1072
235
254
1886
3597
1742
2032
3046
3653
3726
477
4763
3881
4730
211
3371
2463
3490
1484
262
1454
118
426
3172
568
1375
1113
3349
3920
2841
3209
4912
339
1111
1481
4325
3684
4779
1302
4163
1029
202
3485
4751
2434
1073
3630
1
2144
2739
3922
150
4081
2557
2270
528
4107
2751
1869
2758
2351
3017
4139
4406
976
226
2755
4573
684
395
1450
2728
1203
2538
604
854
265
634
4475
2571
3187
1475
2942
2454
3674
1459
1808
31
4557
3178
317
4638
2355
4448
4182
3469
926
4630
1627
900
3451
3280
1770
616
4728
1809
1359
2805
4213
4945
4198
3375
4713
2098
3301
3494
386
4164
2140
30
138
4580
1674
2228
387
1019
4748
2283
1445
734
558
1589
3401
331
4624
1021
2984
4455
2059
3189
4941
789
1617
4160
3483
2979
3719
1369
1295
1464
851
4510
372
2565
4370
4549
626
1351
2864
4134
722
2342
587
4138
1529
2646
2742
4566
4046
3732
4416
4221
4774
969
1260
1934
439
530
4953
3237
2635
1220
3845
3567
3832
670
1259
3148
4627
1620
4937
4565
3392
4346
3034
1986
896
2966
2307
2965
3605
2885
3953
1186
1823
3658
2916
2051
2269
828
2876
2458
4886
1871
3942
3656
2446
3930
1721
1118
1721
3930
2446
3656
3942
1871
4886
2458
2876
828
2269
2051
2916
3658
1823
1186
3953
2885
3605
2965
2307
2966
896
1986
3034
4346
3392
4565
4937
1620
4627
3148
1259
670
3832
3567
3845
1220
2635
3237
4953
530
439
1934
1260
969
4774
4221
4416
3732
4046
4566
2742
2646
1529
4138
587
2342
722
4134
2864
1351
626
4549
4370
2565
372
4510
851
1464
1295
1369
3719
2979
3483
4160
1617
789
4941
3189
2059
4455
2984
1021
4624
331
3401
1589
558
734
1445
2283
4748
1019
387
2228
1674
4580
138
30
2140
4164
386
3494
3301
2098
4713
3375
4198
4945
4213
2805
1359
1809
4728
616
1770
3280
3451
900
1627
4630
926
3469
4182
4448
2355
4638
317
3178
4557
31
1808
1459
3674
2454
2942
1475
3187
2571
4475
634
265
854
604
2538
1203
2728
1450
395
684
4573
2755
226
976
4406
4139
3017
2351
2758
1869
2751
4107
528
2270
2557
4081
150
3922
2739
2144
1
4060
3973
4253
2886
3626
1583
3135
1234
3076
3309
4166
4833
3957
3548
4607
1148
4073
4229
3300
2359
1946
2715
4851
2485
2614
3331
4124
4843
4101
1842
3687
3609
4054
346
1858
3224
3513
3010
3306
2220
4830
2494
1207
3380
190
2015
2007
3651
911
261
891
258
764
1989
2393
36
351
3019
4844
4396
3213
207
1043
2255
1270
3250
676
2192
2186
3185
2012
3820
3837
3515
818
1501
905
3339
4404
3939
1925
4329
4113
2828
2376
3951
1552
1479
1789
1392
768
1076
3859
3936
4869
4733
402
3092
2868
3553
4186
68
524
3789
2806
420
2472
2737
2817
1679
2455
181
4112
2185
4290
2223
1614
2231
2389
889
4436
694
2535
648
1352
1166
3994
2641
87
381
1697
4505
2258
800
1949
1993
63
2374
4809
4261
3279
2345
717
496
1613
3675
3599
4829
2844
391
458
2336
1632
1442
4268
4960
2771
3073
1889
607
1100
1179
2877
3062
831
1741
4864
804
1273
1242
3430
4354
3430
1242
1273
804
4864
1741
831
3062
2877
1179
1100
607
1889
3073
2771
4960
4268
1442
1632
2336
458
391
2844
4829
3599
3675
1613
496
717
2345
3279
4261
4809
2374
63
1993
1949
800
2258
4505
1697
381
87
2641
3994
1166
1352
648
2535
694
4436
889
2389
2231
1614
2223
4290
2185
4112
181
2455
1679
2817
2737
2472
420
2806
3789
524
68
4186
3553
2868
3092
402
4733
4869
3936
3859
1076
768
1392
1789
1479
1552
3951
2376
2828
4113
4329
1925
3939
4404
3339
905
1501
818
3515
3837
3820
2012
3185
2186
2192
676
3250
1270
2255
1043
207
3213
4396
4844
3019
351
36
2393
1989
764
258
891
261
911
3651
2007
2015
190
3380
1207
2494
4830
2220
3306
3010
3513
3224
1858
346
4054
3609
3687
1842
4101
4843
4124
3331
2614
2485
4851
2715
1946
2359
3300
4229
4073
1148
4607
3548
3957
4833
4166
3309
3076
1234
3135
1583
3626
2886
4253
3973
4060
1
1893
716
4462
1451
4470
2057
2617
806
4020
2388
1791
3805
1995
3573
1988
1974
4876
4194
1576
209
25
1619
3960
692
1954
1294
393
2178
1173
2046
4008
3491
4639
3362
1852
2267
2239
977
2981
413
774
2409
2030
2325
3529
4170
44
1700
1062
1195
4572
2368
2079
3425
2414
1645
972
1979
4059
2798
3179
2943
4291
2415
2582
4499
3884
4606
10
3825
4530
2123
1477
3999
4819
4162
4360
4341
4018
2386
272
3190
315
1365
973
4600
1541
3722
1362
4216
2991
4847
1872
1543
531
4403
686
434
2921
2999
2333
293
1264
4418
24
4928
3267
677
3405
585
2286
1846
3477
1717
653
4784
2236
4374
4850
2249
4701
4939
1341
3894
4357
1666
3020
779
2466
73
1926
4257
3817
1553
2488
2260
243
2141
303
2350
1630
287
4777
2784
1032
3980
1801
690
1004
1023
2353
3912
2387
1117
1309
3277
2316
1574
4091
3304
1906
2244
1449
1985
2187
3740
1649
4025
3685
4420
647
1887
647
4420
3685
4025
1649
3740
2187
1985
1449
2244
1906
3304
4091
1574
2316
3277
1309
1117
2387
3912
2353
1023
1004
690
1801
3980
1032
2784
4777
287
1630
2350
303
2141
243
2260
2488
1553
3817
4257
1926
73
2466
779
3020
1666
4357
3894
1341
4939
4701
2249
4850
4374
2236
4784
653
1717
3477
1846
2286
585
3405
677
3267
4928
24
4418
1264
293
2333
2999
2921
434
686
4403
531
1543
1872
4847
2991
4216
1362
3722
1541
4600
973
1365
315
3190
272
2386
4018
4341
4360
4162
4819
3999
1477
2123
4530
3825
10
4606
3884
4499
2582
2415
4291
2943
3179
2798
4059
1979
972
1645
2414
3425
2079
2368
4572
1195
1062
1700
44
4170
3529
2325
2030
2409
774
413
2981
977
2239
2267
1852
3362
4639
3491
4008
2046
1173
2178
393
1294
1954
692
3960
1619
25
209
1576
4194
4876
1974
1988
3573
1995
3805
1791
2388
4020
806
2617
2057
4470
1451
4462
716
1893
1
222
1139
2441
4092
3016
4895
2778
1316
4126
2957
3570
3693
2334
1337
2199
1991
594
979
456
4378
175
4662
1400
4782
895
1765
2296
1882
1611
2148
3578
3835
1120
2150
4971
819
3819
4842
4554
3497
2502
1705
605
704
4682
233
1015
1544
1486
2835
198
699
3223
1382
3139
1030
4258
4127
2147
3329
2056
3445
1493
256
4741
4177
3314
707
2298
2558
2093
999
4335
2550
2732
1884
2622
427
425
4824
1243
1192
1356
2746
3677
131
2650
76
3023
301
3364
3961
1521
1972
3122
2610
2021
588
3890
540
3467
1712
46
4519
3764
1318
1217
2710
479
310
2426
4976
2661
154
3681
664
1085
2172
4887
763
3269
2501
974
700
3692
697
2155
3846
3147
259
4881
2082
4135
314
2195
4561
271
3369
3154
4610
3117
4667
2726
2951
4016
2121
4106
2131
4820
1875
99
546
555
3565
883
4755
2775
4640
2321
2413
2208
995
1248
1149
2118
2033
20
2068
2997
4735
1811
3164
4990
