1
2118
2435
4507
1984
1372
2122
3782
3538
3366
1870
889
3758
2050
1083
2274
2993
4908
1491
3527
1971
765
1952
1752
1305
125
2549
1016
3148
3275
1173
2721
1045
4742
1412
3891
786
179
3771
306
3204
2790
3311
4313
1361
3539
2673
802
615
2730
3642
1863
772
3610
3332
1010
2817
4221
2656
2105
3759
4394
830
1555
437
3938
3018
1912
1717
3875
1246
1564
1056
1921
2506
1151
473
3709
1669
1280
256
430
1021
998
967
3286
65
4156
3139
4745
360
2994
2948
3160
4860
2441
3491
3461
3278
4089
17
4900
3017
2604
1170
1647
2753
1375
2414
3434
1707
4971
383
1722
3444
4149
229
1182
4015
3727
1988
2599
376
1626
4124
2655
4217
451
816
3260
2940
81
203
3164
778
4422
3841
4859
2509
1867
2954
2751
439
4500
4727
345
1141
2608
2945
2364
167
4017
1916
4345
3032
82
3983
2260
362
1411
1985
2119
1920
2125
2563
1682
2092
2785
956
2485
2879
4376
4267
1563
3654
2690
4791
652
969
4207
1168
4740
1670
3933
592
508
3180
1998
3469
436
1813
3915
4547
4445
1108
3067
2814
2616
4358
4377
4482
4100
898
1373
4965
677
4435
551
105
3233
2187
38
3167
3303
3327
3795
244
136
1687
758
695
2522
2052
3344
3428
1701
1278
2742
1347
270
4082
4104
2762
4138
4838
2208
4581
4356
2109
4258
1058
304
4933
3009
4189
1757
1267
1112
3140
3462
3140
1112
1267
1757
4189
3009
4933
304
1058
4258
2109
4356
4581
2208
4838
4138
2762
4104
4082
270
1347
2742
1278
1701
3428
3344
2052
2522
695
758
1687
136
244
3795
3327
3303
3167
38
2187
3233
105
551
4435
677
4965
1373
898
4100
4482
4377
4358
2616
2814
3067
1108
4445
4547
3915
1813
436
3469
1998
3180
508
592
3933
1670
4740
1168
4207
969
652
4791
2690
3654
1563
4267
4376
2879
2485
956
2785
2092
1682
2563
2125
1920
2119
1985
1411
362
2260
3983
82
3032
4345
1916
4017
167
2364
2945
2608
1141
345
4727
4500
439
2751
2954
1867
2509
4859
3841
4422
778
3164
203
81
2940
3260
816
451
4217
2655
4124
1626
376
2599
1988
3727
4015
1182
229
4149
3444
1722
383
4971
1707
3434
2414
1375
2753
1647
1170
2604
3017
4900
17
4089
3278
3461
3491
2441
4860
3160
2948
2994
360
4745
3139
4156
65
3286
967
998
1021
430
256
1280
1669
3709
473
1151
2506
1921
1056
1564
1246
3875
1717
1912
3018
3938
437
1555
830
4394
3759
2105
2656
4221
2817
1010
3332
3610
772
1863
3642
2730
615
802
2673
3539
1361
4313
3311
2790
3204
306
3771
179
786
3891
1412
4742
1045
2721
1173
3275
3148
1016
2549
125
1305
1752
1952
765
1971
3527
1491
4908
2993
2274
1083
2050
3758
889
1870
3366
3538
3782
2122
1372
1984
4507
2435
2118
1
3231
3145
2228
2559
1094
457
428
1922
3606
2733
2428
1033
340
599
148
2467
4025
41
4536
3463
1224
3513
373
386
2166
3873
2433
3408
4526
4142
1990
839
1332
4295
3031
1635
757
3523
2995
3657
3700
626
2099
833
2333
3138
4715
4638
791
4135
515
1824
1979
2042
4228
2348
4263
4325
3268
1960
1961
2770
2041
1236
1009
2127
1908
3603
2459
4451
1217
4234
2368
3589
4687
4637
4704
4437
4310
1704
1900
709
1183
74
3836
1433
2570
3518
1449
2356
1123
4210
2764
727
4410
4019
1430
3308
4729
2030
2965
2943
1025
3999
2085
176
2788
747
2178
391
3966
4767
716
1748
902
3494
792
1181
465
946
40
1389
1055
2909
4055
3796
1946
573
91
1589
2887
4950
392
880
3387
2701
4501
4556
3493
1029
478
3928
489
4936
2266
64
3608
28
3144
2568
4139
1416
3117
3440
4448
857
59
4023
1371
4904
1642
855
4116
2980
1774
3347
1856
4411
4905
668
2149
4315
311
3486
930
1310
4432
2037
1898
1326
3876
2841
1846
1780
1053
2170
3091
1925
4557
4374
3338
240
2831
4725
2829
3719
890
1625
2590
756
1660
4182
4098
1118
1219
1905
56
2224
39
556
873
2413
4365
1995
1249
1301
2519
4246
2058
4786
3499
4472
1775
3283
4471
1291
3036
1591
3641
4828
3047
1815
4232
4530
2780
4751
3653
1117
3725
1629
3188
115
4582
3447
4899
4964
2924
1341
2699
1341
2924
4964
4899
3447
4582
115
3188
1629
3725
1117
3653
4751
2780
4530
4232
1815
3047
4828
3641
1591
3036
1291
4471
3283
1775
4472
3499
4786
2058
4246
2519
1301
1249
1995
4365
2413
873
556
39
2224
56
1905
1219
1118
4098
4182
1660
756
2590
1625
890
3719
2829
4725
2831
240
3338
4374
4557
1925
3091
2170
1053
1780
1846
2841
3876
1326
1898
2037
4432
1310
930
3486
311
4315
2149
668
4905
4411
1856
3347
1774
2980
4116
855
1642
4904
1371
4023
59
857
4448
3440
3117
1416
4139
2568
3144
28
3608
64
2266
4936
489
3928
478
1029
3493
4556
4501
2701
3387
880
392
4950
2887
1589
91
573
1946
3796
4055
2909
1055
1389
40
946
465
1181
792
3494
902
1748
716
4767
3966
391
2178
747
2788
176
2085
3999
1025
2943
2965
2030
4729
3308
1430
4019
4410
727
2764
4210
1123
2356
1449
3518
2570
1433
3836
74
1183
709
1900
1704
4310
4437
4704
4637
4687
3589
2368
4234
1217
4451
2459
3603
1908
2127
1009
1236
2041
2770
1961
1960
3268
4325
4263
2348
4228
2042
1979
1824
515
4135
791
4638
4715
3138
2333
833
2099
626
3700
3657
2995
3523
757
1635
3031
4295
1332
839
1990
4142
4526
3408
2433
3873
2166
386
373
3513
1224
3463
4536
41
4025
2467
148
599
340
1033
2428
2733
3606
1922
428
457
1094
2559
2228
3145
3231
1
493
4662
1057
3853
2580
3363
2355
910
3149
1119
2942
3114
1353
3665
2452
4856
2048
208
4544
1579
4560
2774
2209
3805
4973
2402
26
420
1973
4634
1827
1829
3111
1014
4369
145
19
2668
3506
2396
3466
1210
163
4896
4211
2538
847
2815
4463
4010
3599
1285
3945
4681
3089
2897
2694
405
3037
1263
553
874
313
2966
3573
2225
3594
4906
1391
3084
1875
276
2325
3890
3865
3102
1363
1778
1334
3016
425
929
3972
331
3703
4668
2957
3766
1048
1467
3520
1258
4518
202
3372
251
3974
2723
522
2163
4563
4773
2551
166
336
295
4523
21
4657
4140
4691
1324
1288
380
210
4236
3984
1548
1456
4633
2505
4785
1538
423
4599
1143
4328
4939
1638
807
3253
3371
1962
4782
3807
775
4528
2204
3720
4776
1876
206
3019
1604
2761
2603
3141
4893
3978
441
541
1830
587
1771
2306
676
2035
3885
2868
3568
1256
4084
2244
2379
4527
2289
2391
4976
1668
1507
2574
1561
2341
4873
2351
1678
884
621
2651
4069
4692
2862
401
3783
611
3949
743
4615
349
2211
4062
2311
555
3505
2000
3682
2374
2892
4426
2975
1407
2019
3351
2405
3646
2716
2622
3220
4460
1648
4737
4110
2546
1972
1370
4694
4947
3913
2731
3070
3863
3060
614
3557
358
332
3526
2895
350
1228
3378
1090
1948
3381
4708
2487
2674
2695
3576
3941
4834
4068
740
700
1400
1983
4383
3334
1194
3334
4383
1983
1400
700
740
4068
4834
3941
3576
2695
2674
2487
4708
3381
1948
1090
3378
1228
350
2895
3526
332
358
3557
614
3060
3863
3070
2731
3913
4947
4694
1370
1972
2546
4110
4737
1648
4460
3220
2622
2716
3646
2405
3351
2019
1407
2975
4426
2892
2374
3682
2000
3505
555
2311
4062
2211
349
4615
743
3949
611
3783
401
2862
4692
4069
2651
621
884
1678
2351
4873
2341
1561
2574
1507
1668
4976
2391
2289
4527
2379
2244
4084
1256
3568
2868
3885
2035
676
2306
1771
587
1830
541
441
3978
4893
3141
2603
2761
1604
3019
206
1876
4776
3720
2204
4528
775
3807
4782
1962
3371
3253
807
1638
4939
4328
1143
4599
423
1538
4785
2505
4633
1456
1548
3984
4236
210
380
1288
1324
4691
4140
4657
21
4523
295
336
166
2551
4773
4563
2163
522
2723
3974
251
3372
202
4518
1258
3520
1467
1048
3766
2957
4668
3703
331
3972
929
425
3016
1334
1778
1363
3102
3865
3890
2325
276
1875
3084
1391
4906
3594
2225
3573
2966
313
874
553
1263
3037
405
2694
2897
3089
4681
3945
1285
3599
4010
4463
2815
847
2538
4211
4896
163
1210
3466
2396
3506
2668
19
145
4369
1014
3111
1829
1827
4634
1973
420
26
2402
4973
3805
2209
2774
4560
1579
4544
208
2048
4856
2452
3665
1353
3114
2942
1119
3149
910
2355
3363
2580
3853
1057
4662
493
1
2446
4455
878
432
2502
4288
191
1890
4169
2671
3872
2586
1719
4712
2873
1137
3808
4538
204
1488
87
2096
2902
821
1683
2073
2004
1069
3049
3205
3508
1360
3190
3597
1273
761
3804
3191
4351
2394
1789
2111
3621
2136
646
1337
2495
3416
3309
2601
4287
2486
3755
4825
3607
3779
3006
4730
3099
769
796
3953
1281
3515
800
2594
140
487
4153
4393
4352
3154
3013
1096
4841
1227
4409
3081
4870
1809
856
1515
3228
2912
4172
1342
381
4206
193
3388
62
194
2126
1807
4618
737
1503
2926
2282
3800
2426
4891
1958
4213
4747
3405
390
1544
2194
3078
1397
2090
3615
403
1127
2222
893
4276
4398
3287
1150
289
8
3893
2545
474
170
1641
1130
3065
951
1496
3020
2952
3765
2389
2197
2011
1459
3831
2304
3376
4304
990
3335
650
1135
2539
2012
4502
3352
4728
268
1594
1440
1532
919
3926
3861
4059
86
3443
1943
4509
3258
722
1026
4932
84
2979
4710
3673
3439
629
3074
1238
1161
724
789
3820
3794
4927
744
2395
1784
3584
523
4748
2547
2309
933
1093
4565
3516
1745
4548
4920
2946
1721
3555
4160
957
4201
2148
4181
2153
3034
908
703
4816
3319
2462
1465
2357
1172
476
4907
1274
1733
1476
4053
370
2071
2955
4925
3530
3537
3429
2736
4152
319
3930
1364
3617
3195
117
4085
3726
4784
4183
1164
3904
4805
3289
4914
207
1073
2064
2717
2064
1073
207
4914
3289
4805
3904
1164
4183
4784
3726
4085
117
3195
3617
1364
3930
319
4152
2736
3429
3537
3530
4925
2955
2071
370
4053
1476
1733
1274
4907
476
1172
2357
1465
2462
3319
4816
703
908
3034
2153
4181
2148
4201
957
4160
3555
1721
2946
4920
4548
1745
3516
4565
1093
933
2309
2547
4748
523
3584
1784
2395
744
4927
3794
3820
789
724
1161
1238
3074
629
3439
3673
4710
2979
84
4932
1026
722
3258
4509
1943
3443
86
4059
3861
3926
919
1532
1440
1594
268
4728
3352
4502
2012
2539
1135
650
3335
990
4304
3376
2304
3831
1459
2011
2197
2389
3765
2952
3020
1496
951
3065
1130
1641
170
474
2545
3893
8
289
1150
3287
4398
4276
893
2222
1127
403
3615
2090
1397
3078
2194
1544
390
3405
4747
4213
1958
4891
2426
3800
2282
2926
1503
737
4618
1807
2126
194
62
3388
193
4206
381
1342
4172
2912
3228
1515
856
1809
4870
3081
4409
1227
4841
1096
3013
3154
4352
4393
4153
487
140
2594
800
3515
1281
3953
796
769
3099
4730
3006
3779
3607
4825
3755
2486
4287
2601
3309
3416
2495
1337
646
2136
3621
2111
1789
2394
4351
3191
3804
761
1273
3597
3190
1360
3508
3205
3049
1069
2004
2073
1683
821
2902
2096
87
1488
204
4538
3808
1137
2873
4712
1719
2586
3872
2671
4169
1890
191
4288
2502
432
878
4455
2446
1
4088
2809
944
1796
4627
2939
1621
686
931
4498
4494
3004
3692
3464
3708
4269
3859
3497
627
2180
1378
1677
2648
2528
297
2014
3010
3704
2017
1702
3920
1930
4097
745
3922
2773
2609
4072
917
318
2365
696
3105
4324
4700
4562
2329
4349
4826
3028
486
2455
3672
3126
2278
679
4021
1880
4949
2587
1769
2613
361
2363
4366
690
900
2156
604
3118
2810
4414
2345
2820
1731
1794
595
534
848
3442
550
3667
3651
3671
2292
2137
404
2630
4483
1160
616
1202
2592
1350
4886
4689
4107
552
958
3745
231
1248
718
4981
1814
4756
1713
3935
4894
4168
1605
1819
894
3155
2852
3952
328
3277
4835
3276
3954
3912
1269
1260
1059
4037
3313
2429
4701
1929
1502
4199
4061
823
1293
4762
2031
424
2626
2175
4780
4871
4658
3092
2556
2445
4579
2332
199
1250
596
4056
3025
3577
4855
3427
4226
945
1196
4672
3834
536
3535
3492
3958
3093
4788
1797
2230
1169
1744
2700
1167
2415
4220
4706
2894
1136
4613
4897
4205
4814
3143
4231
2578
3068
1889
2687
13
379
751
1451
1690
3261
4476
580
33
283
3227
2060
3684
546
127
174
1482
4686
3821
3517
3263
120
955
3243
4170
4572
4370
4513
4647
3302
4777
4404
3330
402
315
3423
3460
1884
2885
3391
2454
3229
4561
828
3026
29
1840
942
455
4143
2503
3633
4384
3812
768
1607
2972
4417
3307
3713
456
3713
3307
4417
2972
1607
768
3812
4384
3633
2503
4143
455
942
1840
29
3026
828
4561
3229
2454
3391
2885
1884
3460
3423
315
402
3330
4404
4777
3302
4647
4513
4370
4572
4170
3243
955
120
3263
3517
3821
4686
1482
174
127
546
3684
2060
3227
283
33
580
4476
3261
1690
1451
751
379
13
2687
1889
3068
2578
4231
3143
4814
4205
4897
4613
1136
2894
4706
4220
2415
1167
2700
1744
1169
2230
1797
4788
3093
3958
3492
3535
536
3834
4672
1196
945
4226
3427
4855
3577
3025
4056
596
1250
199
2332
4579
2445
2556
3092
4658
4871
4780
2175
2626
424
2031
4762
1293
823
4061
4199
1502
1929
4701
2429
3313
4037
1059
1260
1269
3912
3954
3276
4835
3277
328
3952
2852
3155
894
1819
1605
4168
4894
3935
1713
4756
1814
4981
718
1248
231
3745
958
552
4107
4689
4886
1350
2592
1202
616
1160
4483
2630
404
2137
2292
3671
3651
3667
550
3442
848
534
595
1794
1731
2820
2345
4414
2810
3118
604
2156
900
690
4366
2363
361
2613
1769
2587
4949
1880
4021
679
2278
3126
3672
2455
486
3028
4826
4349
2329
4562
4700
4324
3105
696
2365
318
917
4072
2609
2773
3922
745
4097
1930
3920
1702
2017
3704
3010
2014
297
2528
2648
1677
1378
2180
627
3497
3859
4269
3708
3464
3692
3004
4494
4498
931
686
1621
2939
4627
1796
944
2809
4088
1
554
3024
2779
3090
1145
2155
1818
3644
2131
1200
1410
2565
3985
767
4342
3389
1793
4466
2038
4895
1517
4847
78
2657
2933
4128
1609
3543
1294
2377
1175
1812
2144
4254
620
2268
4505
55
1910
4517
2440
2658
965
4132
2901
2280
4373
2727
4002
4447
112
4703
1380
3415
1795
2564
108
1404
543
4810
691
3546
3477
3739
3514
734
1509
4034
4233
784
3051
557
983
2707
3035
3792
568
1525
2799
20
3235
1209
1530
1242
3751
4955
1006
3088
4635
3104
3591
1654
563
3270
706
538
3201
3757
308
2925
88
1428
3734
1001
3207
4303
3931
4054
4171
619
4306
3997
1806
2215
3663
558
1852
2738
1241
2838
723
717
2069
284
4151
272
2305
4813
4646
3390
394
2432
1801
3592
895
3741
37
701
2258
2067
610
3480
4670
3029
1386
4385
3911
3250
46
3884
2497
141
2177
1052
4797
3613
4865
1105
1760
2047
4165
1425
879
1084
1213
4418
1343
143
559
1617
4649
4093
1279
2705
3687
2913
333
2931
3306
3611
1785
2259
4036
3662
227
2927
2317
3578
384
2944
3742
2360
173
3038
986
1686
1598
250
1586
3321
139
1493
1455
2232
2210
3586
3740
1201
1980
2423
4253
2585
922
1284
4674
1155
748
2819
1559
4867
389
197
1262
4520
787
2080
3445
1763
77
1615
2476
4771
4340
305
2490
1264
286
1426
1986
3147
2856
2513
4574
4150
2407
4064
2056
770
822
770
2056
4064
2407
4150
4574
2513
2856
3147
1986
1426
286
1264
2490
305
4340
4771
2476
1615
77
1763
3445
2080
787
4520
1262
197
389
4867
1559
2819
748
1155
4674
1284
922
2585
4253
2423
1980
1201
3740
3586
2210
2232
1455
1493
139
3321
1586
250
1598
1686
986
3038
173
2360
3742
2944
384
3578
2317
2927
227
3662
4036
2259
1785
3611
3306
2931
333
2913
3687
2705
1279
4093
4649
1617
559
143
1343
4418
1213
1084
879
1425
4165
2047
1760
1105
4865
3613
4797
1052
2177
141
2497
3884
46
3250
3911
4385
1386
3029
4670
3480
610
2067
2258
701
37
3741
895
3592
1801
2432
394
3390
4646
4813
2305
272
4151
284
2069
717
723
2838
1241
2738
1852
558
3663
2215
1806
3997
4306
619
4171
4054
3931
4303
3207
1001
3734
1428
88
2925
308
3757
3201
538
706
3270
563
1654
3591
3104
4635
3088
1006
4955
3751
1242
1530
1209
3235
20
2799
1525
568
3792
3035
2707
983
557
3051
784
4233
4034
1509
734
3514
3739
3477
3546
691
4810
543
1404
108
2564
1795
3415
1380
4703
112
4447
4002
2727
4373
2280
2901
4132
965
2658
2440
4517
1910
55
4505
2268
620
4254
2144
1812
1175
2377
1294
3543
1609
4128
2933
2657
78
4847
1517
4895
2038
4466
1793
3389
4342
767
3985
2565
1410
1200
2131
3644
1818
2155
1145
3090
2779
3024
554
1
3587
1685
3791
3008
4459
3073
2474
1302
1800
2419
4187
4499
4272
2400
1833
3256
1877
3298
1252
730
1333
2323
1461
516
4663
369
3956
1845
3375
2195
719
3479
578
1434
936
1776
3244
4608
4840
4462
4386
434
3746
212
4224
4114
1851
4047
1811
888
1646
4121
3226
1853
3846
4336
3989
1039
1940
2512
2984
3558
2649
3761
3614
180
260
3384
4203
3959
3223
445
165
2337
4195
2867
1276
6
1777
4337
2158
4598
449
4005
2219
1568
2982
2846
4850
662
3907
3396
419
3882
1498
1959
978
1878
3212
664
4609
466
4381
3485
980
4746
3129
3419
4485
3397
2172
2632
1817
2593
982
1547
2710
1023
3100
4876
2480
3417
500
3637
274
3279
1902
3979
4235
2457
4481
4415
2606
725
753
2263
2307
2987
1383
1487
1157
1531
3194
3664
1624
418
876
991
238
4632
49
4439
3203
1688
3157
1723
2938
4241
116
261
2404
2145
2692
1936
1781
1996
4125
32
1481
2900
2331
683
2524
4739
4831
2959
1919
444
3392
3565
324
989
119
2007
1718
1675
2427
4099
2508
1758
950
3977
1513
4510
3877
1696
2443
3553
1356
359
4972
1567
547
3562
3816
458
4465
1572
4959
1317
2548
2481
4215
2372
4736
2107
2196
835
2465
3730
4314
1506
1128
4022
3041
2287
4001
3810
248
3187
1659
607
1206
188
407
560
3878
1240
2425
2923
2246
1887
2294
2584
3511
1015
3339
1178
3407
1178
3339
1015
3511
2584
2294
1887
2246
2923
2425
1240
3878
560
407
188
1206
607
1659
3187
248
3810
4001
2287
3041
4022
1128
1506
4314
3730
2465
835
2196
2107
4736
2372
4215
2481
2548
1317
4959
1572
4465
458
3816
3562
547
1567
4972
359
1356
3553
2443
1696
3877
4510
1513
3977
950
1758
2508
4099
2427
1675
1718
2007
119
989
324
3565
3392
444
1919
2959
4831
4739
2524
683
2331
2900
1481
32
4125
1996
1781
1936
2692
2145
2404
261
116
4241
2938
1723
3157
1688
3203
4439
49
4632
238
991
876
418
1624
3664
3194
1531
1157
1487
1383
2987
2307
2263
753
725
2606
4415
4481
2457
4235
3979
1902
3279
274
3637
500
3417
2480
4876
3100
1023
2710
1547
982
2593
1817
2632
2172
3397
4485
3419
3129
4746
980
3485
4381
466
4609
664
3212
1878
978
1959
1498
3882
419
3396
3907
662
4850
2846
2982
1568
2219
4005
449
4598
2158
4337
1777
6
1276
2867
4195
2337
165
445
3223
3959
4203
3384
260
180
3614
3761
2649
3558
2984
2512
1940
1039
3989
4336
3846
1853
3226
4121
1646
888
1811
4047
1851
4114
4224
212
3746
434
4386
4462
4840
4608
3244
1776
936
1434
578
3479
719
2195
3375
1845
3956
369
4663
516
1461
2323
1333
730
1252
3298
1877
3256
1833
2400
4272
4499
4187
2419
1800
1302
2474
3073
4459
3008
3791
1685
3587
1
4046
294
1040
121
92
3474
1064
4014
1282
4339
2384
2996
2595
4550
3410
1235
3080
977
732
460
2637
2579
2974
4112
2566
2061
222
1047
3825
4696
1438
4617
2835
854
3675
3304
2477
321
682
2353
4467
1791
829
4137
2123
4391
1978
3939
3456
2293
2800
2989
2192
1134
3237
4286
4664
132
3362
2677
3273
1174
4318
3529
2808
1103
1765
4423
865
962
1421
3158
279
2183
4592
1993
1928
4441
501
290
4147
1534
532
2534
3934
4208
4250
1268
1955
4375
3066
2813
1844
4732
997
1215
641
2652
3040
2962
2068
4917
773
4661
2743
1395
1054
1120
1639
2669
1313
3534
4619
994
1879
2860
3923
4603
2682
3955
2349
2748
2473
4881
2550
2581
1062
2903
1233
2558
2998
316
2639
3963
513
3848
2978
2169
1560
292
845
4020
4775
4585
4223
101
2320
594
1101
2541
4192
3880
3161
1474
2728
302
3860
1726
4406
3441
3238
1825
4108
1539
3881
3361
2501
114
1132
1667
818
837
4799
3296
4307
1575
3473
1773
2234
2112
3496
4289
637
3879
98
1306
3386
10
4058
3857
4486
3254
2264
4512
3465
3116
4024
3136
1034
3498
1616
4291
3914
4111
4545
2795
2182
241
3267
2517
885
1299
3374
2781
3919
4095
4401
3069
1497
1018
3168
4934
219
2961
617
3312
2251
1017
1755
2888
1176
3639
3211
3198
3921
2330
3245
4194
4839
1078
1424
1939
2207
1750
1298
1396
2775
4327
1362
4327
2775
1396
1298
1750
2207
1939
1424
1078
4839
4194
3245
2330
3921
3198
3211
3639
1176
2888
1755
1017
2251
3312
617
2961
219
4934
3168
1018
1497
3069
4401
4095
3919
2781
3374
1299
885
2517
3267
241
2182
2795
4545
4111
3914
4291
1616
3498
1034
3136
4024
3116
3465
4512
2264
3254
4486
3857
4058
10
3386
1306
98
3879
637
4289
3496
2112
2234
1773
3473
1575
4307
3296
4799
837
818
1667
1132
114
2501
3361
3881
1539
4108
1825
3238
3441
4406
1726
3860
302
2728
1474
3161
3880
4192
2541
1101
594
2320
101
4223
4585
4775
4020
845
292
1560
2169
2978
3848
513
3963
2639
316
2998
2558
1233
2903
1062
2581
2550
4881
2473
2748
2349
3955
2682
4603
3923
2860
1879
994
4619
3534
1313
2669
1639
1120
1054
1395
2743
4661
773
4917
2068
2962
3040
2652
641
1215
997
4732
1844
2813
3066
4375
1955
1268
4250
4208
3934
2534
532
1534
4147
290
501
4441
1928
1993
4592
2183
279
3158
1421
962
865
4423
1765
1103
2808
3529
4318
1174
3273
2677
3362
132
4664
4286
3237
1134
2192
2989
2800
2293
3456
3939
1978
4391
2123
4137
829
1791
4467
2353
682
321
2477
3304
3675
854
2835
4617
1438
4696
3825
1047
222
2061
2566
4112
2974
2579
2637
460
732
977
3080
1235
3410
4550
2595
2996
2384
4339
1282
4014
1064
3474
92
121
1040
294
4046
1
968
2483
869
4774
3797
4929
825
790
1142
2009
2382
844
1831
3627
3512
3628
4573
3215
4878
3596
1418
2015
2412
226
2453
1121
947
3446
4566
1081
429
2991
1903
4050
2857
2235
4038
2343
1974
507
2941
1556
3219
4166
4808
4625
443
2560
3487
584
2078
1072
45
3602
4978
1220
777
4770
3716
3681
4764
3688
4248
785
1759
3889
1715
2531
2861
503
3265
3003
4118
267
1941
4861
252
1734
4392
3975
2456
2591
1357
3288
1239
4744
4763
2436
2366
3789
3659
1862
4148
1253
4260
1614
2620
3718
1933
1390
4141
4693
1270
3481
3337
2844
3775
3556
1041
2269
2602
4198
1805
1516
4551
519
2198
364
1927
741
1533
3548
1013
1162
2381
3711
1483
4319
3581
3595
960
2083
4524
1749
4892
3986
3510
3790
3749
3418
150
4977
1480
4470
1542
1885
4722
2890
4163
3837
499
688
2484
2611
1732
1070
4954
447
355
2053
288
4833
1918
2362
4122
2786
2628
1754
3773
2376
1218
2327
2916
4273
154
3482
1557
3170
4230
1847
239
2297
216
4842
667
2589
3968
1002
4726
3345
1821
2990
2697
1188
2712
1032
2529
518
3598
4760
4937
1618
4346
3970
4948
3572
2388
4115
4620
1649
1004
4282
2434
561
2326
4200
3437
70
634
3027
746
3055
1957
4078
255
4087
1460
35
649
2176
1913
966
4709
3699
4106
3993
3634
330
144
1535
680
618
102
3822
4749
4836
4161
1331
1628
1331
4161
4836
4749
3822
102
618
680
1535
144
330
3634
3993
4106
3699
4709
966
1913
2176
649
35
1460
4087
255
4078
1957
3055
746
3027
634
70
3437
4200
2326
561
2434
4282
1004
1649
4620
4115
2388
3572
4948
3970
4346
1618
4937
4760
3598
518
2529
1032
2712
1188
2697
2990
1821
3345
4726
1002
3968
2589
667
4842
216
2297
239
1847
4230
3170
1557
3482
154
4273
2916
2327
1218
2376
3773
1754
2628
2786
4122
2362
1918
4833
288
2053
355
447
4954
1070
1732
2611
2484
688
499
3837
4163
2890
4722
1885
1542
4470
1480
4977
150
3418
3749
3790
3510
3986
4892
1749
4524
2083
960
3595
3581
4319
1483
3711
2381
1162
1013
3548
1533
741
1927
364
2198
519
4551
1516
1805
4198
2602
2269
1041
3556
3775
2844
3337
3481
1270
4693
4141
1390
1933
3718
2620
1614
4260
1253
4148
1862
3659
3789
2366
2436
4763
4744
1239
3288
1357
2591
2456
3975
4392
1734
252
4861
1941
267
4118
3003
3265
503
2861
2531
1715
3889
1759
785
4248
3688
4764
3681
3716
4770
777
1220
4978
3602
45
1072
2078
584
3487
2560
443
4625
4808
4166
3219
1556
2941
507
1974
2343
4038
2235
2857
4050
1903
2991
429
1081
4566
3446
947
1121
2453
226
2412
2015
1418
3596
4878
3215
4573
3628
3512
3627
1831
844
2382
2009
1142
790
825
4929
3797
4774
869
2483
968
1
337
2217
3071
926
2703
1286
2527
1504
4353
3369
2186
2370
2600
3866
4039
1422
4361
974
3172
3728
4270
2231
3414
4824
1975
1088
1740
633
2291
1198
2285
3580
1277
1665
2023
1106
4922
3007
3241
1443
4290
2822
819
2093
1730
953
2968
2625
2380
1514
2101
1698
3957
4902
1050
3150
640
1195
4793
3467
357
511
4238
47
58
4458
4283
3059
123
3257
4245
1211
1915
4868
4120
3619
1834
4966
110
2908
1403
3731
3819
750
1245
1133
4571
95
4884
3652
2369
3908
1003
2949
3781
4695
3262
2346
431
2008
2103
4244
870
4666
198
1802
705
4035
1673
2664
3636
1212
1115
2881
2416
4567
4274
3829
2523
4424
851
1095
2185
1992
3839
2796
1022
3197
2199
1942
3886
1180
397
2191
574
635
4768
1788
1092
697
3826
1193
1379
314
2321
185
446
3048
4910
2806
793
853
3107
1799
3847
3799
3858
528
4359
1444
1836
2702
4363
4011
3767
5
702
1545
3832
4723
3210
985
2422
3293
435
4721
2399
776
4938
581
89
4975
3969
2755
901
2771
3224
3193
4772
1226
3177
3937
1011
4942
3988
4766
3176
4979
366
3109
742
566
1384
1662
525
1485
1747
3221
1229
11
3184
225
899
3274
1402
7
2922
4783
498
1087
3450
1823
155
3119
1102
2110
1518
1574
23
249
4765
2223
2919
3867
4074
1186
3946
3844
3645
4650
3079
824
3021
3239
1154
3567
307
393
2104
393
307
3567
1154
3239
3021
824
3079
4650
3645
3844
3946
1186
4074
3867
2919
2223
4765
249
23
1574
1518
2110
1102
3119
155
1823
3450
1087
498
4783
2922
7
1402
3274
899
225
3184
11
1229
3221
1747
1485
525
1662
1384
566
742
3109
366
4979
3176
4766
3988
4942
1011
3937
3177
1226
4772
3193
3224
2771
901
2755
3969
4975
89
581
4938
776
2399
4721
435
3293
2422
985
3210
4723
3832
1545
702
5
3767
4011
4363
2702
1836
1444
4359
528
3858
3799
3847
1799
3107
853
793
2806
4910
3048
446
185
2321
314
1379
1193
3826
697
1092
1788
4768
635
574
2191
397
1180
3886
1942
2199
3197
1022
2796
3839
1992
2185
1095
851
4424
2523
3829
4274
4567
2416
2881
1115
1212
3636
2664
1673
4035
705
1802
198
4666
870
4244
2103
2008
431
2346
3262
4695
3781
2949
1003
3908
2369
3652
4884
95
4571
1133
1245
750
3819
3731
1403
2908
110
4966
1834
3619
4120
4868
1915
1211
4245
3257
123
3059
4283
4458
58
47
4238
511
357
3467
4793
1195
640
3150
1050
4902
3957
1698
2101
1514
2380
2625
2968
953
1730
2093
819
2822
4290
1443
3241
3007
4922
1106
2023
1665
1277
3580
2285
1198
2291
633
1740
1088
1975
4824
3414
2231
4270
3728
3172
974
4361
1422
4039
3866
2600
2370
2186
3369
4353
1504
2527
1286
2703
926
3071
2217
337
1
3554
1163
3142
2824
2745
570
1582
3738
659
3382
728
2134
181
3655
1904
3585
1804
4957
426
4329
1684
259
651
3185
1464
3266
1906
2746
2667
2275
3123
2114
1223
1266
4935
4279
1448
1385
3643
4864
3944
2499
4802
3159
1897
3668
3714
2997
2367
840
4402
2491
4594
367
2555
4048
1977
43
1720
2220
2659
4583
887
2850
673
2969
1446
2964
4296
4849
2973
3232
504
4420
385
2662
1866
713
1790
1082
1401
399
2102
2409
3163
1216
1289
817
3012
781
1292
1766
2205
1886
4648
4958
2025
877
1695
4480
1841
3616
2450
3689
3299
938
763
3571
3183
3323
4604
3413
849
3686
3122
2778
3976
463
3635
643
2855
4872
1197
2837
237
647
2567
4931
3960
903
452
300
4292
1005
1593
30
3570
1490
1091
4614
1420
506
4883
1086
3753
3360
3300
1036
2168
710
122
1000
4333
1275
2387
4321
2055
1355
4656
1764
3620
3693
2739
4800
1737
2853
1828
1327
2018
3809
2255
4204
2725
721
4643
1613
4144
3001
2889
810
2243
372
2024
2335
1290
1901
4256
3015
970
3103
1323
149
1221
685
3533
4754
1152
1184
2572
3318
4590
1756
3528
3638
4197
1042
2883
1655
2049
1494
4930
932
12
1473
2040
3189
2767
2272
4080
280
3495
4277
2124
1199
4457
2713
2828
496
4479
2184
2747
3359
31
4063
4898
3575
1406
782
2698
1803
4453
4060
326
3815
1511
205
3280
3678
4268
3678
3280
205
1511
3815
326
4060
4453
1803
2698
782
1406
3575
4898
4063
31
3359
2747
2184
4479
496
2828
2713
4457
1199
2124
4277
3495
280
4080
2272
2767
3189
2040
1473
12
932
4930
1494
2049
1655
2883
1042
4197
3638
3528
1756
4590
3318
2572
1184
1152
4754
3533
685
1221
149
1323
3103
970
3015
4256
1901
1290
2335
2024
372
2243
810
2889
3001
4144
1613
4643
721
2725
4204
2255
3809
2018
1327
1828
2853
1737
4800
2739
3693
3620
1764
4656
1355
2055
4321
2387
1275
4333
1000
122
710
2168
1036
3300
3360
3753
1086
4883
506
1420
4614
1091
1490
3570
30
1593
1005
4292
300
452
903
3960
4931
2567
647
237
2837
1197
4872
2855
643
3635
463
3976
2778
3122
3686
849
3413
4604
3323
3183
3571
763
938
3299
3689
2450
3616
1841
4480
1695
877
2025
4958
4648
1886
2205
1766
1292
781
3012
817
1289
1216
3163
2409
2102
399
1401
1082
1790
713
1866
2662
385
4420
504
3232
2973
4849
4296
2964
1446
2969
673
2850
887
4583
2659
2220
1720
43
1977
4048
2555
367
4594
2491
4402
840
2367
2997
3714
3668
1897
3159
4802
2499
3944
4864
3643
1385
1448
4279
4935
1266
1223
2114
3123
2275
2667
2746
1906
3266
1464
3185
651
259
1684
4329
426
4957
1804
3585
1904
3655
181
2134
728
3382
659
3738
1582
570
2745
2824
3142
1163
3554
1
3030
1612
533
3043
4866
1432
3426
2627
916
4229
1318
4553
2724
3357
1351
4515
4651
3153
2469
3124
3990
613
3097
4504
3905
3292
589
477
3973
3156
1171
3869
1044
2870
2643
3896
964
2794
3626
3072
1500
4334
2759
1708
4281
4941
4576
3910
780
608
1019
1680
1630
4492
1265
34
2875
2619
2188
3900
1492
1392
171
2981
3053
1728
3455
622
2342
2461
872
512
298
2248
3095
1366
2823
798
3850
104
4525
4425
4003
838
3697
4702
52
2418
766
1768
3247
277
3541
1783
4578
4580
3402
2240
2043
2039
754
4823
3624
939
1131
636
788
2179
2650
2138
2874
1348
2858
461
567
3962
891
2798
3086
1709
4175
1551
1352
571
4257
3661
4887
759
2300
1651
97
2471
3431
4641
3393
2458
161
4474
4331
2375
4555
4176
2312
3412
3924
4644
3524
4129
1772
943
1311
3550
526
3851
2281
1576
4371
178
411
549
4341
2227
3786
803
2711
4012
2475
1577
335
4678
133
4127
4429
1344
4255
3056
4029
1471
4489
4396
1345
1214
2028
712
3552
752
4915
2106
948
2511
4819
4305
625
2740
388
3364
4532
4475
2420
3690
520
2340
2449
2880
2339
287
1012
2036
4607
1472
3605
3504
3733
416
1187
2899
1779
2708
1894
1536
3940
597
692
3982
4159
1309
663
1068
2605
3173
263
2720
3342
2054
2729
2640
972
1963
2468
184
762
4102
2130
2003
4673
4158
3240
1923
3864
1923
3240
4158
4673
2003
2130
4102
762
184
2468
1963
972
2640
2729
2054
3342
2720
263
3173
2605
1068
663
1309
4159
3982
692
597
3940
1536
1894
2708
1779
2899
1187
416
3733
3504
3605
1472
4607
2036
1012
287
2339
2880
2449
2340
520
3690
2420
4475
4532
3364
388
2740
625
4305
4819
2511
948
2106
4915
752
3552
712
2028
1214
1345
4396
4489
1471
4029
3056
4255
1344
4429
4127
133
4678
335
1577
2475
4012
2711
803
3786
2227
4341
549
411
178
4371
1576
2281
3851
526
3550
1311
943
1772
4129
3524
4644
3924
3412
2312
4176
4555
2375
4331
4474
161
2458
3393
4641
3431
2471
97
1651
2300
759
4887
3661
4257
571
1352
1551
4175
1709
3086
2798
891
3962
567
461
2858
1348
2874
2138
2650
2179
788
636
1131
939
3624
4823
754
2039
2043
2240
3402
4580
4578
1783
3541
277
3247
1768
766
2418
52
4702
3697
838
4003
4425
4525
104
3850
798
2823
1366
3095
2248
298
512
872
2461
2342
622
3455
1728
3053
2981
171
1392
1492
3900
2188
2619
2875
34
1265
4492
1630
1680
1019
608
780
3910
4576
4941
4281
1708
2759
4334
1500
3072
3626
2794
964
3896
2643
2870
1044
3869
1171
3156
3973
477
589
3292
3905
4504
3097
613
3990
3124
2469
3153
4651
4515
1351
3357
2724
4553
1318
4229
916
2627
3426
1432
4866
3043
533
1612
3030
1
61
4395
1463
1590
266
4452
1300
3996
2542
2562
254
1868
2120
1991
1700
2839
2493
4858
3998
1508
3916
398
3315
2164
2663
2265
4506
2621
2553
4584
3748
4549
3317
1529
3002
2088
2142
4624
4848
4953
1413
1436
4875
3385
1190
3650
3125
1864
2460
4136
2797
4400
85
3561
3899
2807
2842
2173
2847
2967
606
1810
1578
1934
3355
1466
1767
1917
4503
2530
2741
1405
4299
4190
1746
2833
841
3525
2836
4416
1307
3845
4655
3622
2898
861
1938
927
3057
4789
1738
1739
2992
4051
3175
3702
3400
1419
1751
492
479
2792
3133
4131
4533
3422
2494
1945
3593
3475
1113
2193
1705
3121
609
797
975
909
631
2121
490
2116
973
882
195
3314
1888
1861
1080
3343
1447
3248
3732
1869
325
3967
3647
1075
1787
1541
4734
1970
494
2877
470
4516
2322
157
4818
666
4317
1727
2430
1643
815
2514
1469
1854
3284
1177
602
3770
2518
4853
1207
3760
4026
4921
387
925
2296
412
739
3333
257
164
3373
4586
3980
3169
172
2891
1007
497
2261
214
3522
3827
3061
920
2537
4049
2929
1427
4610
4912
4911
3691
3399
3082
169
4514
3115
3213
4629
2324
2347
4928
3137
999
15
2623
3670
3503
579
3707
1741
138
242
57
530
262
2478
1079
2354
1354
3295
2876
4535
1554
213
3208
1512
3500
4075
2358
4569
2128
3722
3324
4874
4332
1584
42
4781
4543
4683
2956
4065
2956
4683
4543
4781
42
1584
4332
4874
3324
3722
2128
4569
2358
4075
3500
1512
3208
213
1554
4535
2876
3295
1354
2354
1079
2478
262
530
57
242
138
1741
3707
579
3503
3670
2623
15
999
3137
4928
2347
2324
4629
3213
3115
4514
169
3082
3399
3691
4911
4912
4610
1427
2929
4049
2537
920
3061
3827
3522
214
2261
497
1007
2891
172
3169
3980
4586
3373
164
257
3333
739
412
2296
925
387
4921
4026
3760
1207
4853
2518
3770
602
1177
3284
1854
1469
2514
815
1643
2430
1727
4317
666
4818
157
2322
4516
470
2877
494
1970
4734
1541
1787
1075
3647
3967
325
1869
3732
3248
1447
3343
1080
1861
1888
3314
195
882
973
2116
490
2121
631
909
975
797
609
3121
1705
2193
1113
3475
3593
1945
2494
3422
4533
4131
3133
2792
479
492
1751
1419
3400
3702
3175
4051
2992
1739
1738
4789
3057
927
1938
861
2898
3622
4655
3845
1307
4416
2836
3525
841
2833
1746
4190
4299
1405
2741
2530
4503
1917
1767
1466
3355
1934
1578
1810
606
2967
2847
2173
2842
2807
3899
3561
85
4400
2797
4136
2460
1864
3125
3650
1190
3385
4875
1436
1413
4953
4848
4624
2142
2088
3002
1529
3317
4549
3748
4584
2553
2621
4506
2265
2663
2164
3315
398
3916
1508
3998
4858
2493
2839
1700
1991
2120
1868
254
2562
2542
3996
1300
4452
266
1590
1463
4395
61
1
590
4309
3685
60
4464
961
976
1320
408
2141
3883
654
858
527
83
4951
395
2212
3903
2533
4832
4456
1600
1453
940
4162
2849
3305
3290
1415
2552
2200
2851
4761
2464
4602
565
4096
4240
1587
3981
1859
453
1770
3230
963
3823
4522
415
96
4405
1619
209
1191
914
4174
537
4890
471
4278
1074
4880
3063
1066
1909
2045
2906
2706
4809
2162
4790
3346
3888
312
3694
2791
2832
2750
351
4052
4218
66
4521
3901
2070
4944
482
3340
2498
2214
2439
4227
1681
2201
3737
4449
2202
3793
4101
3723
714
831
795
1966
1820
2005
4354
2152
4113
1247
760
4436
106
3403
3802
3677
1376
1067
247
2206
3458
3128
630
2886
3401
2950
3929
3468
2645
2783
3824
2812
1694
1842
4086
4969
4043
3310
3648
4488
271
674
2344
1259
4399
3563
2582
3519
4434
3449
4719
4293
1703
1479
3932
2373
941
1205
1656
548
2769
1848
2960
2203
3379
3772
1399
4066
1602
1860
4923
993
2022
720
1606
4146
4846
612
1031
675
4752
4817
4427
1997
4589
2951
3432
4154
3135
1192
3014
1414
4639
1398
4757
4249
808
2016
4408
442
1374
3218
109
1611
3868
2930
1881
2805
1857
25
2768
2132
129
2907
2431
681
979
806
2928
1666
3377
2976
3264
2386
3438
2540
2914
3448
1251
2821
353
4945
1653
4600
3326
2249
4570
1458
601
4837
2757
3
4685
3927
162
1429
502
3817
3011
3817
502
1429
162
3927
4685
3
2757
4837
601
1458
4570
2249
3326
4600
1653
4945
353
2821
1251
3448
2914
2540
3438
2386
3264
2976
3377
1666
2928
806
979
681
2431
2907
129
2132
2768
25
1857
2805
1881
2930
3868
1611
109
3218
1374
442
4408
2016
808
4249
4757
1398
4639
1414
3014
1192
3135
4154
3432
2951
4589
1997
4427
4817
4752
675
1031
612
4846
4146
1606
720
2022
993
4923
1860
1602
4066
1399
3772
3379
2203
2960
1848
2769
548
1656
1205
941
2373
3932
1479
1703
4293
4719
3449
4434
3519
2582
3563
4399
1259
2344
674
271
4488
3648
3310
4043
4969
4086
1842
1694
2812
3824
2783
2645
3468
3929
2950
3401
2886
630
3128
3458
2206
247
1067
1376
3677
3802
3403
106
4436
760
1247
4113
2152
4354
2005
1820
1966
795
831
714
3723
4101
3793
2202
4449
3737
2201
1681
4227
2439
2214
2498
3340
482
4944
2070
3901
4521
66
4218
4052
351
2750
2832
2791
3694
312
3888
3346
4790
2162
4809
2706
2906
2045
1909
1066
3063
4880
1074
4278
471
4890
537
4174
914
1191
209
1619
4405
96
415
4522
3823
963
3230
1770
453
1859
3981
1587
4240
4096
565
4602
2464
4761
2851
2200
2552
1415
3290
3305
2849
4162
940
1453
1600
4456
4832
2533
3903
2212
395
4951
83
527
858
654
3883
2141
408
1320
976
961
4464
60
3685
4309
590
1
801
1061
4605
2918
1786
363
586
1661
1287
4597
3696
2543
2647
4642
3961
1597
4430
1808
1899
1431
2237
585
2793
3472
4360
2963
4759
1423
1937
2678
4413
4412
868
1484
2756
859
1583
1316
4885
4298
539
346
126
100
1691
4926
2825
1234
1914
2271
68
514
3835
2216
934
569
475
1558
4564
2299
269
2866
764
142
576
483
1855
3132
1951
542
2811
4909
843
1109
2985
2463
1358
2758
4845
352
708
2262
517
189
2688
4388
1843
4311
3050
1138
3179
1475
644
3660
2159
2588
4711
1874
1501
1585
4628
1620
1608
4323
410
1671
3478
1581
2665
3171
2334
3507
2129
1664
774
2438
2020
2983
2079
317
2557
3542
2843
1454
1644
4863
3855
2754
1693
3838
1981
846
2693
531
495
2160
1368
67
2641
2167
2147
1953
3162
883
3991
4806
4546
4477
1999
2618
813
4344
1835
2190
158
1077
1321
2359
4077
4769
137
4665
9
2286
4079
1571
2411
2878
3965
4956
2094
2782
2569
1967
1622
2283
3649
575
4350
1189
2525
168
2091
1089
134
4622
1369
1623
4185
1125
4000
3083
2447
4180
53
3471
524
881
3679
2935
954
1097
3322
153
4741
4812
4247
3112
923
2772
1892
3301
3549
4431
175
3971
2988
3052
2561
3490
4193
3744
1439
3559
3146
1592
3582
826
3297
152
3113
322
4943
4109
3801
4877
467
4596
3925
4264
2117
480
2686
309
3849
233
4382
4508
1989
4508
4382
233
3849
309
2686
480
2117
4264
3925
4596
467
4877
3801
4109
4943
322
3113
152
3297
826
3582
1592
3146
3559
1439
3744
4193
3490
2561
3052
2988
3971
175
4431
3549
3301
1892
2772
923
3112
4247
4812
4741
153
3322
1097
954
2935
3679
881
524
3471
53
4180
2447
3083
4000
1125
4185
1623
1369
4622
134
1089
2091
168
2525
1189
4350
575
3649
2283
1622
1967
2569
2782
2094
4956
3965
2878
2411
1571
4079
2286
9
4665
137
4769
4077
2359
1321
1077
158
2190
1835
4344
813
2618
1999
4477
4546
4806
3991
883
3162
1953
2147
2167
2641
67
1368
2160
495
531
2693
846
1981
3838
1693
2754
3855
4863
1644
1454
2843
3542
2557
317
2079
2983
2020
2438
774
1664
2129
3507
2334
3171
2665
1581
3478
1671
410
4323
1608
1620
4628
1585
1501
1874
4711
2588
2159
3660
644
1475
3179
1138
3050
4311
1843
4388
2688
189
517
2262
708
352
4845
2758
1358
2463
2985
1109
843
4909
2811
542
1951
3132
1855
483
576
142
764
2866
269
2299
4564
1558
475
569
934
2216
3835
514
68
2271
1914
1234
2825
4926
1691
100
126
346
539
4298
4885
1316
1583
859
2756
1484
868
4412
4413
2678
1937
1423
4759
2963
4360
3472
2793
585
2237
1431
1899
1808
4430
1597
3961
4642
2647
2543
3696
4597
1287
1661
586
363
1786
2918
4605
1061
801
1
278
1650
3943
4251
540
2098
4297
3045
4577
3658
48
1322
1231
4539
3784
4714
2921
4716
3406
1335
657
4962
111
1100
2691
2834
1588
323
3780
459
2140
3806
2573
4778
1104
564
3398
656
928
2081
1098
4018
2021
488
4092
1849
4407
2013
2615
3609
3269
3430
1716
981
3131
224
3754
850
2378
4531
1043
4294
670
583
2406
2896
378
4595
427
374
987
2213
1116
4660
4212
3246
4403
2765
4952
3420
669
217
1761
2714
3272
4094
2313
905
4076
320
2229
130
1896
3042
485
3629
860
3064
1969
1676
827
2752
2496
186
4225
3623
2063
1346
2947
2958
3898
354
4940
995
684
2157
4903
4645
192
2361
4519
1377
3947
2336
4239
2689
1528
3023
4362
3814
1024
805
3000
4529
4851
2583
4882
2893
4537
2066
3756
4473
2316
698
220
338
1596
1486
3435
2510
469
3843
733
2442
2410
2408
2816
1329
3710
4209
814
1893
4
4717
4699
2051
273
4961
1935
1208
310
2133
704
1129
3174
334
1672
3798
875
3134
2776
258
3887
44
2470
3186
63
577
3457
2818
1296
2115
1468
2139
1954
4033
2597
1637
628
1179
3856
71
3325
1872
4032
285
4275
2046
4372
3828
3785
3892
4103
1122
3724
2451
2554
2250
1816
892
2444
3394
1030
1297
3992
4862
1964
1926
291
2161
648
4640
2516
544
2424
862
2526
4575
1549
1147
1724
771
3787
246
1895
2350
2826
3454
375
3454
2826
2350
1895
246
3787
771
1724
1147
1549
4575
2526
862
2424
544
2516
4640
648
2161
291
1926
1964
4862
3992
1297
1030
3394
2444
892
1816
2250
2554
2451
3724
1122
4103
3892
3785
3828
4372
2046
4275
285
4032
1872
3325
71
3856
1179
628
1637
2597
4033
1954
2139
1468
2115
1296
2818
3457
577
63
3186
2470
44
3887
258
2776
3134
875
3798
1672
334
3174
1129
704
2133
310
1208
1935
4961
273
2051
4699
4717
4
1893
814
4209
3710
1329
2816
2408
2410
2442
733
3843
469
2510
3435
1486
1596
338
220
698
2316
4473
3756
2066
4537
2893
4882
2583
4851
4529
3000
805
1024
3814
4362
3023
1528
2689
4239
2336
3947
1377
4519
2361
192
4645
4903
2157
684
995
4940
354
3898
2958
2947
1346
2063
3623
4225
186
2496
2752
827
1676
1969
3064
860
3629
485
3042
1896
130
2229
320
4076
905
2313
4094
3272
2714
1761
217
669
3420
4952
2765
4403
3246
4212
4660
1116
2213
987
374
427
4595
378
2896
2406
583
670
4294
1043
4531
2378
850
3754
224
3131
981
1716
3430
3269
3609
2615
2013
4407
1849
4092
488
2021
4018
1098
2081
928
656
3398
564
1104
4778
2573
3806
2140
459
3780
323
1588
2834
2691
1100
111
4962
657
1335
3406
4716
2921
4714
3784
4539
1231
1322
48
3658
4577
3045
4297
2098
540
4251
3943
1650
278
1
1261
4787
3291
2631
1314
3252
3917
4326
3249
2617
1165
2082
3350
2624
2734
128
221
1442
4280
3404
1304
245
4676
1222
3348
598
79
3367
4919
1949
4028
3612
2726
99
4593
992
3763
2236
1753
4355
2749
1126
2288
3683
1552
4301
4601
2744
2001
1706
2254
2074
211
4067
886
4675
1873
4671
2596
3196
2165
1743
1725
3736
4126
2075
1452
2904
3640
3424
2089
2267
344
4446
3451
3110
959
4164
1850
866
1883
1599
2301
3483
2704
3676
3632
809
906
1244
852
4284
347
301
4320
4322
689
4468
2181
678
3768
660
3545
924
3894
1185
2500
2143
190
545
18
2279
2859
3813
1782
1166
303
4007
4389
1063
3206
4707
4970
4830
2696
1858
3680
4811
3209
2571
4300
3918
4679
1522
639
3531
1477
293
1987
1393
2338
365
2932
1140
3840
600
4261
4081
4667
3166
510
1020
4188
3560
3236
4454
1931
4042
1595
799
2801
4554
1527
3776
672
4214
937
2507
4487
3062
4631
2171
867
1652
2034
2
2660
3600
4792
3225
2598
4738
4559
921
2917
2239
156
3178
2666
4803
2884
3509
665
4889
1153
2010
146
4316
454
1283
4967
16
1658
4916
3085
4469
3433
3005
3936
3341
2999
1243
4682
2437
1994
4731
4308
1932
3871
3200
509
4155
1838
1308
1338
4222
3735
4652
282
118
1110
3583
2150
4379
3695
3540
949
414
2654
2684
658
4491
2154
4252
356
2882
736
726
3842
726
736
2882
356
4252
2154
4491
658
2684
2654
414
949
3540
3695
4379
2150
3583
1110
118
282
4652
3735
4222
1338
1308
1838
4155
509
3200
3871
1932
4308
4731
1994
2437
4682
1243
2999
3341
3936
3005
3433
4469
3085
4916
1658
16
4967
1283
454
4316
146
2010
1153
4889
665
3509
2884
4803
2666
3178
156
2239
2917
921
4559
4738
2598
3225
4792
3600
2660
2
2034
1652
867
2171
4631
3062
4487
2507
937
4214
672
3776
1527
4554
2801
799
1595
4042
1931
4454
3236
3560
4188
1020
510
3166
4667
4081
4261
600
3840
1140
2932
365
2338
1393
1987
293
1477
3531
639
1522
4679
3918
4300
2571
3209
4811
3680
1858
2696
4830
4970
4707
3206
1063
4389
4007
303
1166
1782
3813
2859
2279
18
545
190
2143
2500
1185
3894
924
3545
660
3768
678
2181
4468
689
4322
4320
301
347
4284
852
1244
906
809
3632
3676
2704
3483
2301
1599
1883
866
1850
4164
959
3110
3451
4446
344
2267
2089
3424
3640
2904
1452
2075
4126
3736
1725
1743
2165
3196
2596
4671
1873
4675
886
4067
211
2074
2254
1706
2001
2744
4601
4301
1552
3683
2288
1126
2749
4355
1753
2236
3763
992
4593
99
2726
3612
4028
1949
4919
3367
79
598
3348
1222
4676
245
1304
3404
4280
1442
221
128
2734
2624
3350
2082
1165
2617
3249
4326
3917
3252
1314
2631
3291
4787
1261
1
3698
2722
4733
1956
413
4271
1711
4083
4009
3365
1710
3101
1822
1689
3764
735
1071
1947
4606
4496
1035
1232
3046
1674
1158
3862
2865
4820
131
1156
491
2977
2612
14
4918
1027
4821
3096
1631
1697
76
264
4378
2247
2760
342
1478
4390
2029
4191
1124
2644
3075
2681
2059
1099
863
2026
3370
1340
2675
464
472
4623
4330
4237
3803
183
2113
3547
4262
4443
3255
4387
1562
3106
3488
907
135
4419
3380
3152
3356
200
348
638
529
2635
935
984
2135
2777
1499
1601
3199
913
1325
2298
2784
4130
3743
1566
694
2670
1457
1550
836
187
2076
406
1038
3329
2242
2448
196
632
450
4450
2848
2383
223
3259
2920
1382
2403
2401
4720
3054
1520
3087
1139
124
281
4807
4698
1580
2763
2087
4968
3701
3459
897
1798
3033
4380
1225
4913
2934
4587
1640
2393
3094
3216
4041
2057
3950
4006
3551
4534
2479
4827
2802
24
2328
572
341
4684
1336
4901
4779
2245
3752
2319
253
3625
3631
4511
2575
3830
4798
3994
160
4854
2032
1976
1051
2086
588
2482
3705
107
4312
1417
2033
69
4027
3588
2845
2787
3774
3579
1950
3569
4442
699
4755
4173
228
2397
3762
4829
1627
417
2308
2661
4843
1408
1524
1441
4495
93
603
2634
2718
4367
3182
1663
2679
440
1736
896
4013
2520
3902
3281
1603
4493
1365
3217
4186
4219
1237
1837
4801
2276
462
3669
3214
1409
3214
3669
462
2276
4801
1837
1237
4219
4186
3217
1365
4493
1603
3281
3902
2520
4013
896
1736
440
2679
1663
3182
4367
2718
2634
603
93
4495
1441
1524
1408
4843
2661
2308
417
1627
4829
3762
2397
228
4173
4755
699
4442
3569
1950
3579
3774
2787
2845
3588
4027
69
2033
1417
4312
107
3705
2482
588
2086
1051
1976
2032
4854
160
3994
4798
3830
2575
4511
3631
3625
253
2319
3752
2245
4779
4901
1336
4684
341
572
2328
24
2802
4827
2479
4534
3551
4006
3950
2057
4041
3216
3094
2393
1640
4587
2934
4913
1225
4380
3033
1798
897
3459
3701
4968
2087
2763
1580
4698
4807
281
124
1139
3087
1520
3054
4720
2401
2403
1382
2920
3259
223
2383
2848
4450
450
632
196
2448
2242
3329
1038
406
2076
187
836
1550
1457
2670
694
1566
3743
4130
2784
2298
1325
913
3199
1601
1499
2777
2135
984
935
2635
529
638
348
200
3356
3152
3380
4419
135
907
3488
3106
1562
4387
3255
4443
4262
3547
2113
183
3803
4237
4330
4623
472
464
2675
1340
3370
2026
863
1099
2059
2681
3075
2644
1124
4191
2029
4390
1478
342
2760
2247
4378
264
76
1697
1631
3096
4821
1027
4918
14
2612
2977
491
1156
131
4820
2865
3862
1158
1674
3046
1232
1035
4496
4606
1947
1071
735
3764
1689
1822
3101
1710
3365
4009
4083
1711
4271
413
1956
4733
2722
3698
1
1008
3044
3906
4440
235
1230
1712
3818
4266
3411
3120
4433
693
645
3870
1470
481
2290
729
4490
3425
3987
103
1634
4743
842
3729
4105
2392
2488
2971
4364
4259
1303
3271
2905
3076
2715
3630
2252
2390
2911
2174
4713
3368
3715
2226
1255
1295
4045
4758
4444
234
3331
794
2257
275
433
4285
3604
1519
2614
27
3721
582
687
3098
2937
3964
296
2398
4216
1505
3769
755
484
4612
3521
4621
2646
3165
1657
1149
4167
230
1144
4438
2044
3618
3717
4178
265
368
3951
4242
1553
1450
904
707
377
3452
1445
1349
4338
711
2872
4960
1742
4133
2097
3222
4428
2295
3574
2536
4542
2936
3566
2302
1735
4705
2638
2719
1839
2864
4844
3108
448
3747
2218
2577
3750
1865
3130
3909
371
1462
2504
2709
2830
4669
4888
232
3242
3470
4869
3127
2233
2256
4974
2151
1330
1159
3484
2986
2084
1107
327
3501
3294
4177
2854
2189
1982
3712
2607
1633
4697
1146
2953
409
918
4347
911
2766
4540
2685
2273
2683
996
4040
1523
1944
1204
3532
3489
4718
4265
3895
2970
3656
1699
4117
4630
2241
2680
1632
4497
1968
2466
4157
4335
3811
4653
4008
422
715
3674
4071
642
2610
4852
1924
1570
1394
2544
1359
3476
2732
2629
505
4368
159
2521
94
2253
4202
1543
3421
4179
54
655
4196
3039
177
4688
2492
1257
4030
2642
812
1546
215
2653
4626
653
1028
3666
4091
3666
1028
653
4626
2653
215
1546
812
2642
4030
1257
2492
4688
177
3039
4196
655
54
4179
3421
1543
4202
2253
94
2521
159
4368
505
2629
2732
3476
1359
2544
1394
1570
1924
4852
2610
642
4071
3674
715
422
4008
4653
3811
4335
4157
2466
1968
4497
1632
2680
2241
4630
4117
1699
3656
2970
3895
4265
4718
3489
3532
1204
1944
1523
4040
996
2683
2273
2685
4540
2766
911
4347
918
409
2953
1146
4697
1633
2607
3712
1982
2189
2854
4177
3294
3501
327
1107
2084
2986
3484
1159
1330
2151
4974
2256
2233
3127
4869
3470
3242
232
4888
4669
2830
2709
2504
1462
371
3909
3130
1865
3750
2577
2218
3747
448
3108
4844
2864
1839
2719
2638
4705
1735
2302
3566
2936
4542
2536
3574
2295
4428
3222
2097
4133
1742
4960
2872
711
4338
1349
1445
3452
377
707
904
1450
1553
4242
3951
368
265
4178
3717
3618
2044
4438
1144
230
4167
1149
1657
3165
2646
4621
3521
4612
484
755
3769
1505
4216
2398
296
3964
2937
3098
687
582
3721
27
2614
1519
3604
4285
433
275
2257
794
3331
234
4444
4758
4045
1295
1255
2226
3715
3368
4713
2174
2911
2390
2252
3630
2715
3076
2905
3271
1303
4259
4364
2971
2488
2392
4105
3729
842
4743
1634
103
3987
3425
4490
729
2290
481
1470
3870
645
693
4433
3120
3411
4266
3818
1712
1230
235
4440
3906
3044
1008
1
22
1521
2871
671
2006
1328
3285
2027
738
1645
1495
3777
1891
3395
4484
1526
4804
421
2221
623
2840
4073
3778
2065
1510
329
4857
2863
593
1435
2910
3151
1679
2515
871
2303
468
339
3833
1272
4795
3354
3202
2314
2737
1387
3453
3544
3234
4980
1911
4822
3995
113
4348
4796
2417
3320
1254
4690
3336
2915
4611
2270
2072
2532
2100
535
4397
2576
1203
3502
3874
2318
1871
438
1537
2735
864
1832
3788
4636
3942
4421
3897
2636
4243
4461
820
2421
2472
4070
912
4145
4750
4568
3409
2077
624
1573
811
1381
1037
1762
1569
4588
4357
952
1060
988
1729
731
4735
4677
3353
1437
4119
804
2146
1085
1792
591
396
147
2385
4004
521
749
1565
834
1692
1271
218
1319
3022
4134
4659
3383
73
1114
3316
2277
3854
1046
2095
243
4478
2672
3948
2676
3058
4946
2310
2803
3192
971
2352
4044
72
3564
3536
1339
1714
1312
1826
4016
4616
2804
4184
1907
1111
915
1636
151
2371
3706
3436
4090
2789
1076
1965
4815
4031
4724
2108
4963
51
3349
182
562
201
2535
661
80
4794
832
36
2315
2002
3181
1049
50
1882
400
4591
343
3328
2489
3358
1315
4541
1540
2284
236
4924
4558
4302
1065
3282
1367
4753
1388
1489
2238
1610
2633
3077
4552
783
4343
4680
299
4123
75
4057
2869
2827
3852
382
3590
4879
90
1148
3601
605
3251
2062
779
4654
779
2062
3251
605
3601
1148
90
4879
3590
382
3852
2827
2869
4057
75
4123
299
4680
4343
783
4552
3077
2633
1610
2238
1489
1388
4753
1367
3282
1065
4302
4558
4924
236
2284
1540
4541
1315
3358
2489
3328
343
4591
400
1882
50
1049
3181
2002
2315
36
832
4794
80
661
2535
201
562
182
3349
51
4963
2108
4724
4031
4815
1965
1076
2789
4090
3436
3706
2371
151
1636
915
1111
1907
4184
2804
4616
4016
1826
1312
1714
1339
3536
3564
72
4044
2352
971
3192
2803
2310
4946
3058
2676
3948
2672
4478
243
2095
1046
3854
2277
3316
1114
73
3383
4659
4134
3022
1319
218
1271
1692
834
1565
749
521
4004
2385
147
396
591
1792
1085
2146
804
4119
1437
3353
4677
4735
731
1729
988
1060
952
4357
4588
1569
1762
1037
1381
811
1573
624
2077
3409
4568
4750
4145
912
4070
2472
2421
820
4461
4243
2636
3897
4421
3942
4636
3788
1832
864
2735
1537
438
1871
2318
3874
3502
1203
2576
4397
535
2100
2532
2072
2270
4611
2915
3336
4690
1254
3320
2417
4796
4348
113
3995
4822
1911
4980
3234
3544
3453
1387
2737
2314
3202
3354
4795
1272
3833
339
468
2303
871
2515
1679
3151
2910
1435
593
2863
4857
329
1510
2065
3778
4073
2840
623
2221
421
4804
1526
4484
3395
1891
3777
1495
1645
738
2027
3285
1328
2006
671
2871
1521
22
1
4982
