1
4324
500
833
3334
4898
4485
2908
2234
2255
1090
4360
2625
694
4250
2480
992
1051
3961
2585
3816
3988
1252
282
2410
3250
4228
4130
2739
186
3830
1046
4454
294
2195
2973
4564
1630
4602
2951
3586
4274
885
2684
4356
358
1500
726
3364
206
1274
1412
3277
1862
1976
1722
4643
3587
1401
1511
2118
1166
2357
1793
4713
2772
2459
2183
1092
1065
3101
239
1913
2403
42
2248
3147
4829
2279
1057
3228
4475
1469
3014
2176
4320
1127
2648
289
878
2848
770
2789
3874
4422
3721
469
4603
1286
1112
1631
3690
3723
2386
4911
1070
237
3822
41
2005
3048
3549
4523
1368
1665
4423
288
3371
4037
4329
2813
1796
3083
2139
940
2414
2695
858
3484
3264
1091
4061
3418
3376
3645
1926
424
1345
2940
4591
2204
1788
3143
662
620
1202
4040
1239
2934
2083
1177
1848
1428
1203
767
4557
3356
2635
366
4451
1867
2811
4727
4861
2872
240
1710
2433
1703
3498
4238
2388
2311
3084
4181
4762
2780
2326
523
4032
2697
871
1281
4169
1131
2673
4834
4924
1698
2827
352
4171
823
1389
1145
779
2295
3614
2879
4604
2663
269
647
3564
4900
4129
1282
1510
4808
4763
4506
2454
3198
4923
2839
4583
4111
3932
3409
1413
3417
1917
2473
118
2794
4665
4229
2364
505
3677
3391
3922
4247
4712
3205
784
2504
2093
4839
2909
805
1198
32
4780
180
2100
4034
682
1641
2950
4710
4359
1538
2763
4889
3156
417
3379
4886
3703
675
1660
3329
380
4256
1466
1364
485
3890
888
936
2869
4636
2501
1323
387
3259
436
2743
2041
12
539
1789
125
4180
4234
2284
2521
1018
4733
2262
2791
873
3247
3631
3916
3976
3902
2333
4581
759
2452
3502
317
83
4735
4979
756
4069
2297
1905
2203
4370
2205
2117
526
1035
4941
2079
2156
2484
2384
4628
1801
2910
3210
1442
1568
407
1655
4566
3599
2173
4530
758
2166
2405
2646
3744
1551
1776
1101
3866
1838
2637
1040
173
2551
2273
4208
1021
3592
3050
4532
1900
781
4681
3775
3456
2236
1430
2162
1255
1387
2509
913
701
3360
543
117
347
2148
1619
1751
557
4441
4544
4043
1169
3739
3354
4414
3681
4509
3613
2483
1290
4655
81
3291
3070
4427
1045
3319
3197
128
4965
3794
4435
2653
1530
4
452
2964
1404
2919
4782
2082
89
3387
1129
23
383
4892
3224
3853
4878
3635
3078
3450
2493
2180
2177
280
222
4648
3778
4227
2616
4809
2207
4092
2460
598
1870
208
1365
148
2466
3820
4884
16
855
4778
2643
1082
3116
2733
4926
3580
3910
2027
1004
2642
1465
3367
3561
2784
1366
51
495
1174
184
1866
349
4139
4385
3763
2330
271
2766
2840
1048
3863
4030
3936
207
1693
4231
3672
3061
3392
2113
773
4960
3749
1030
2143
547
2068
2402
2131
2688
232
2198
4830
388
3661
325
2080
1195
1791
2159
1386
4936
4804
497
3028
1176
1737
373
1147
4114
4810
3487
813
3434
605
3536
4852
4288
3619
3159
3583
2860
468
4823
603
2097
2107
1666
4143
2756
4246
3712
1219
4555
1128
637
725
4317
582
884
1410
1705
3397
1634
518
3047
660
17
3522
1814
1827
1826
1554
4806
3783
3292
4420
364
2584
948
2110
2271
3185
1333
4822
1865
2266
916
2053
2175
1420
1790
2969
4488
1649
4408
2885
2448
898
3628
4919
1925
2689
2686
4489
124
316
4011
4263
4107
2348
2757
1613
2564
4042
1761
4578
4496
4867
4484
2277
4547
318
1659
3052
1888
1774
3005
1011
2568
3216
4377
60
3754
2029
3239
804
2511
2607
4431
1229
845
496
3120
4375
3905
4128
4446
4969
4693
3451
3786
750
2130
4110
1279
2259
1995
3361
2656
2983
4983
56
4383
1758
2718
2833
4243
2264
4075
4497
4720
2862
1588
2037
2586
1875
2253
3990
3190
1318
159
745
919
2505
2063
4993
2930
2675
220
3270
4700
2458
2765
2569
591
3032
2577
4237
77
1377
3733
1075
4647
2901
478
4986
4297
2303
1443
3412
3524
2857
1805
1719
315
3095
1512
4164
425
2351
1952
1948
4879
1395
1302
853
121
4245
4296
1155
2084
4035
466
1626
3323
3559
4354
4389
131
3174
1121
1941
1317
1558
1728
1061
2184
4150
475
3767
2214
3926
181
3369
441
194
2867
2387
2785
1133
3881
2335
27
4696
2595
2915
3288
2855
1756
61
1779
4600
866
3492
4105
2987
3340
2469
4764
2774
2023
3802
341
420
4853
4131
3157
2812
622
2042
1677
1454
71
2559
471
2966
2890
4877
2456
1532
1233
1291
4975
908
4074
4517
84
2545
2682
2978
4833
1450
959
1451
706
903
650
1895
678
3234
538
4192
2693
663
1581
2182
4987
3196
2028
4293
4722
4709
3087
4050
3039
4401
1001
3680
2746
2777
1405
3112
3009
3543
3214
4661
2945
3845
1933
894
1009
735
4913
3848
152
3632
3674
2959
3523
2019
3193
4534
2615
1970
4120
1899
3312
3671
3537
1327
133
4002
915
1973
339
1141
4511
447
1735
1799
1205
4759
1246
1503
4818
2457
2099
2802
4796
2797
658
881
2359
4567
448
1974
37
525
4335
175
2463
3485
4972
4091
2137
641
4291
4020
3436
4843
4519
2310
1980
4905
2012
2507
2382
510
1487
4449
2753
2755
3305
138
3267
3736
3435
1833
3026
4663
2449
2700
2717
4525
2929
2406
4471
1709
2423
753
3221
423
1213
4569
3532
2740
3182
3633
2014
3718
18
2903
3774
54
439
394
3096
2917
170
989
1909
4633
3844
3815
3977
2232
1807
3621
4742
2946
3382
3428
1749
2727
62
2409
4447
3824
2276
4504
3849
3155
4071
929
2258
4692
2102
2119
562
3235
3246
817
3183
1294
1536
1477
1699
4561
1769
139
4079
1996
2365
3551
499
3696
3332
2187
2261
3726
3118
1383
685
2667
1124
1594
273
106
963
1031
681
1349
530
2035
4391
1406
4997
3363
3652
4731
377
4344
4268
2864
546
4850
2612
3972
4178
3315
3917
4553
1624
2531
3979
70
4851
1456
4141
4728
1014
3795
3223
1135
2316
157
1407
575
1842
3720
419
652
1764
3597
432
2471
4173
4946
1694
3489
69
342
2858
2516
1556
1528
3097
3126
3960
2104
4236
1105
4387
1037
4469
2810
2623
49
917
3443
260
814
467
216
4668
4152
367
1277
2955
3148
2932
977
1576
4419
1493
3358
1887
1643
1055
305
4652
3612
52
2939
2588
4949
904
3146
3957
4752
4270
1763
2378
3915
1197
3194
4539
2821
651
1937
2439
1534
2343
3956
4363
2091
2312
4595
1388
3202
1990
945
4803
1438
3662
484
2878
3501
3831
2731
1087
3893
2385
1684
3540
4278
1171
2226
1714
1822
2704
3181
665
4047
2578
2659
1369
1346
1615
2526
583
1492
2575
2210
834
4007
2481
1173
4179
3978
1235
3735
389
3747
3784
2874
1889
1704
2904
3510
146
3293
3006
1964
1109
4585
1308
3483
1638
573
2047
2696
3996
4677
1196
4220
3617
129
4176
2725
1181
4690
1885
3570
1748
895
2420
4817
1000
4271
4872
4774
1258
1911
3589
2499
1245
3796
4659
3590
588
1765
3997
1657
4802
4267
988
4457
1357
794
741
2956
967
3504
2614
4819
3462
4450
161
835
3439
1939
3446
3068
327
1067
4984
3779
724
507
2558
1108
595
2965
2866
4249
2822
3122
2976
2215
3420
2149
4240
1816
2188
2157
346
2338
230
646
1514
2997
2971
35
14
1230
3093
168
1968
3542
4610
1673
1508
692
842
2270
1782
4088
1537
923
2624
1519
1872
2649
887
2524
2535
329
3077
1028
2054
667
2732
731
4673
4083
2984
2491
3328
3124
43
1208
171
200
2299
1325
600
2132
4166
4632
2105
1542
1276
3512
1617
1721
3171
4498
4194
2445
204
2254
3871
1918
235
629
4773
3992
931
2713
1531
1545
2345
3138
4230
645
2994
1760
1138
3582
1943
1019
3108
2877
1560
2668
3706
978
3790
4933
698
1190
2638
4157
729
67
3
3689
4634
4895
2552
444
1379
3732
1283
2923
2629
1411
2334
2836
59
160
3113
3399
4333
4772
965
4415
631
4121
2661
4750
2318
351
527
1434
1853
3773
1777
1953
1330
2065
4318
2911
4298
4346
693
3490
4177
892
2761
3073
717
4437
4352
3850
727
2073
648
3673
4708
209
4570
3085
330
3799
551
1478
1222
2251
3380
176
4472
2886
504
966
1696
482
1820
101
1343
2395
712
3225
246
3289
4917
4540
4577
2770
2589
4321
189
1013
4284
178
1583
2678
1340
2705
323
3036
540
4145
2779
3437
4081
4283
21
2121
545
4784
1107
1515
1522
2657
4777
3812
3271
1444
699
4273
4089
4015
2824
3664
1095
2634
1200
2876
486
4378
462
2451
2396
2844
2370
309
3572
2095
1010
1700
2327
3346
1679
3187
2321
1449
4269
306
3141
3929
4520
829
3287
1507
3511
4474
324
1601
520
3568
3787
2190
1280
2155
3508
4198
4771
3600
3875
1354
2252
4436
72
1236
690
889
1857
4743
1475
2850
1711
8
730
481
973
3372
350
3909
3013
3734
3117
2135
1189
4027
1054
3637
2989
3622
3575
4937
4896
4907
3807
1955
2125
2914
4699
2891
1435
4196
1151
4869
4947
457
3888
1720
29
4527
1115
3206
757
3244
4144
3064
3459
4981
4067
3423
3699
1981
2937
1085
4279
1845
533
831
4679
2626
1979
1578
869
2199
1267
1178
4407
3167
1670
393
4501
1639
163
4737
4968
4691
4974
2146
1854
4589
4546
1476
4285
2716
1053
2185
3701
3920
113
36
1160
4134
1457
3934
1618
57
738
3100
385
844
534
1321
1338
4044
4776
2912
4396
3983
1113
577
4162
1142
4702
1298
4372
799
3967
2669
2941
879
700
3981
3513
4701
1260
608
1479
4753
2427
1839
1378
1123
2847
875
1701
4312
3668
1646
4635
2435
3177
4549
50
4311
2579
4868
1950
143
7
4522
2604
1059
4068
3275
397
3499
4542
1836
3946
4108
1306
3862
3604
3201
2120
1692
1591
4118
1393
708
983
1598
4029
1647
4404
572
1352
301
2764
1978
2730
3385
492
4390
1341
3947
4956
2021
107
3717
214
79
3687
354
3999
4348
3577
1240
4122
3012
2057
2647
3693
4244
4374
2064
1003
2067
1116
2935
3056
3827
3554
1844
3394
4612
1269
4948
962
276
272
1871
4989
487
4172
3578
411
3310
1026
2856
4400
696
689
20
2201
3789
3240
1052
4674
4996
242
1313
4746
3879
942
145
2000
2992
3539
303
1162
1664
2122
363
2111
1983
2650
2022
4066
4988
3971
258
3133
3953
1069
2863
2090
1564
1645
4836
3242
1249
1600
807
1876
3395
2208
673
440
3898
2557
3255
2576
3219
2138
3591
3566
4235
3317
1358
1784
3546
4410
1671
225
4837
986
198
2799
1924
4815
2340
742
1032
4942
2506
1158
2249
957
3527
882
2998
1929
244
1122
3945
2390
1605
4873
114
2307
4805
30
1757
1607
4464
3362
4927
1967
3743
2889
1284
1017
4596
4289
1047
1707
277
1080
1565
4232
1296
4261
1595
2536
167
142
4438
2485
476
1552
251
1915
2263
4455
2837
1851
2534
3813
627
2805
134
3596
2603
4795
1746
2301
1738
3838
1415
1264
1244
450
3180
3740
839
2160
4985
1798
2745
4638
3769
1831
4521
2539
326
3461
302
4148
1573
1525
4299
4197
1452
906
3745
2290
2442
3094
3307
2292
4798
1156
3993
1225
1337
4133
2046
2694
4670
1880
4070
3033
1921
4190
3001
2760
3178
2808
3711
3378
1114
3925
1417
2285
4286
4875
3269
1481
100
1686
2431
3405
3727
403
443
669
2243
3023
2677
3457
3760
2592
3648
68
3526
4146
2325
3869
4995
1750
744
4793
4840
2792
2086
4017
4287
4448
2525
3398
4781
1741
3424
1005
442
3370
4182
3042
4537
2861
1675
1997
2287
3753
93
1076
2571
435
2806
3195
2209
4159
2495
3914
1391
2691
1002
2472
2140
3321
2003
3594
4565
2538
994
4768
3027
2754
1362
1883
2007
3019
4689
3335
4187
3970
4755
1732
2241
2738
2349
2426
4008
2882
2126
2800
1328
4613
2664
1771
4958
1661
1495
141
3030
4132
3700
2238
859
3584
4680
4102
1210
3465
687
1409
4021
574
1611
683
4382
1747
748
3952
1216
1959
3620
140
2868
105
2224
4350
1242
1234
2515
4336
2728
2851
4669
2999
934
932
4226
256
2239
1882
2147
4847
863
815
930
1458
2323
2096
2225
3571
3179
1804
4870
1494
3714
4580
3825
2988
901
381
3421
3885
1513
1658
2486
1989
4253
4413
4725
3545
3811
4428
684
991
1766
2476
1502
3115
314
4828
1745
2645
1861
3678
1585
718
4687
3383
3025
1527
900
821
1540
2496
2089
2240
541
4491
4085
1690
824
1897
1320
2916
3347
322
3776
2422
3688
2408
4048
1680
3593
1163
4732
1204
1023
2817
4535
1561
3819
461
3438
3901
1625
1445
606
296
802
702
596
2556
1199
2407
947
2300
4787
4369
2737
1628
1483
4116
1627
4718
4922
3337
4821
1891
2212
2464
1043
4072
3886
2775
1355
621
4280
2363
1999
2233
2220
3856
1652
921
238
4093
4479
4916
4082
3610
3031
937
2366
4930
1636
1640
3669
4049
4572
680
4536
1644
4038
840
293
1073
3349
2622
4499
1106
4637
3090
709
2621
514
2835
2961
3982
3495
3713
268
2852
2640
1868
846
2949
2094
1025
378
3541
3245
2796
3301
3810
4966
3623
474
177
3230
4704
2329
4316
174
2842
3606
3132
3980
4308
10
182
1307
2305
2074
2707
2644
1553
1533
3426
4018
1424
3368
4046
3994
2399
4341
1668
4125
2072
2750
3477
1593
2931
3415
3896
1559
2322
4033
3217
4123
4856
3918
3222
2702
4931
801
2069
1433
3611
2922
3535
4529
2189
3088
761
2462
249
2158
3072
2077
1237
501
3730
4200
3410
2492
4463
4213
164
3518
4994
1687
2565
4163
4330
353
4801
3804
4611
513
338
4775
4439
3476
810
1485
3683
454
53
532
3843
4494
455
2854
3987
3018
4206
564
1266
3707
1381
2944
4651
4586
2354
401
2001
626
1440
611
135
2377
1907
1462
2537
4225
676
2887
1734
2801
2265
1309
1038
3165
4512
515
4482
1382
3975
3958
3751
311
4779
1985
2010
3425
1062
2630
4729
2087
3296
1289
4056
191
3252
2222
3265
1942
2358
2151
872
2008
493
4903
4151
3169
126
1295
3547
4084
521
3189
3060
2286
408
3964
266
2416
2990
4863
3921
1612
1102
4909
1582
283
4262
3353
4062
4785
3682
3729
3057
3034
2593
63
3642
601
4747
4664
2170
4019
1209
1830
1137
4767
1662
1818
2895
4024
3777
1473
747
4204
3249
3192
1361
1869
4938
1835
88
3091
229
4657
4477
1960
4342
1006
4388
4844
2960
2721
1096
4395
465
2044
4347
3261
458
1098
3236
1812
1740
4402
2633
506
3694
1877
4367
3232
2714
4770
1314
1718
790
1521
969
3940
4970
456
1385
849
399
1795
3137
976
2870
332
4397
4458
1859
1904
3258
340
3020
1787
464
1324
4224
1768
811
1852
398
1969
3569
3938
2741
1049
2165
4726
796
3213
1253
4258
3855
3458
2319
4751
2314
640
4334
643
4025
3900
4538
1546
980
1084
2683
3468
1153
2540
3000
4233
4492
391
395
1423
3170
2790
263
2202
2681
3172
3968
2729
2701
437
3755
2541
664
2513
798
4899
3666
155
1097
498
2599
5
2103
2803
2921
3791
195
3308
4160
1683
536
1712
870
2553
1723
1944
3017
1263
3567
3365
78
3283
785
2404
3341
1846
4711
4444
4955
1272
3290
4582
359
1027
4014
76
1175
649
1072
19
838
4973
2274
25
4251
3656
290
4119
1633
537
4386
371
3266
179
3705
1550
3892
2975
169
2309
3043
4219
2712
3486
2804
1120
1470
2075
1724
2179
953
763
4339
566
4707
3908
1715
2024
2871
1574
337
1762
3422
2444
4465
1228
3373
4531
2497
2267
348
2070
3728
3227
2373
279
4812
3894
2
1384
4858
972
422
1803
2315
4087
3021
1370
3731
1164
4142
3686
4462
3534
3348
226
3390
2164
2926
843
4902
3948
3299
3163
335
851
2554
278
2793
558
2450
3325
1972
2393
2043
183
479
4193
997
1810
4467
1786
2768
4052
4952
202
1275
127
3105
1148
2061
1819
287
1894
3506
1039
563
4149
1427
120
1843
3533
1356
2572
2398
3503
3302
4218
2389
535
2672
3679
1359
4349
3276
3304
1231
2144
4855
410
964
45
4918
1563
33
4294
2016
3507
4835
715
4671
1168
968
102
4345
4252
2289
1273
1024
4717
2631
867
560
2981
4724
426
4631
95
2032
4967
2088
3286
2470
4331
4925
3309
860
3857
2902
1316
2356
3544
310
1461
1902
3781
3860
1713
1498
431
2605
3111
787
1860
1890
4022
3041
3634
3911
1874
2060
2050
3015
223
4760
2291
4744
172
4688
3452
2597
3243
3765
3150
3609
192
2529
3306
2873
3069
2141
4887
1629
3401
4846
607
4714
4403
3493
1418
780
4222
4265
1954
445
4013
362
1460
2518
3416
1143
1516
2296
1682
825
861
3406
3876
3449
1892
3602
1029
1103
2619
3442
252
4059
2352
2769
4302
2980
2004
2039
1211
1179
3531
4445
3708
2116
1988
2724
295
4827
1663
1610
4614
1569
3186
4865
788
243
1008
604
82
211
6
4929
413
1132
1347
1305
4379
4355
4560
961
2996
3322
737
4393
4371
3491
893
4058
723
483
1083
2834
1623
4053
4080
2787
1893
4800
3121
1780
3927
4748
2567
4646
2892
1183
1215
3798
1339
3209
1505
4425
80
749
313
3654
3846
1441
3359
3670
4006
1541
1472
3788
85
3521
1488
3251
2337
1161
4860
3861
1464
4607
852
3959
4601
2660
3076
3344
3184
1916
4266
1254
2598
3695
1975
2085
1496
4584
3300
1855
108
4912
2474
4904
2441
4313
1919
3129
245
2865
4518
4678
4783
928
1218
3386
1856
4623
3338
1042
236
291
15
4290
3509
2098
1088
1432
1292
1914
4705
446
4365
4138
1829
2600
3460
2230
958
489
3872
1152
1446
4077
1927
502
13
1360
2192
4127
719
3454
1587
1850
1991
4209
2306
3162
4548
3331
2883
241
3402
4739
4340
633
766
1436
4656
3989
331
710
3505
1586
2418
4723
3842
1998
4315
1770
1772
1326
154
2520
1437
776
1672
1966
1146
2371
2196
3709
3943
3835
2167
768
3641
4184
4505
2018
3351
4100
4864
4259
3381
4466
3629
3984
4384
2400
1759
4516
1007
1956
1455
671
1447
1194
3470
122
1800
2893
4076
1922
1517
688
4874
3149
1259
3704
2360
3903
818
215
2708
4617
2250
4686
2601
2278
1140
2211
3388
4305
274
542
2798
2169
4510
2881
4558
3295
2437
4914
3864
2829
2475
4950
555
2055
1016
1873
1184
2020
950
4292
3135
2814
2549
38
2424
3636
3065
2436
2186
307
1524
1783
1579
865
597
2639
3400
2503
4920
1729
2819
4609
3303
433
4976
1716
2498
2200
2602
344
4820
87
1336
2680
789
1858
90
4545
3942
2381
4703
3832
3455
4740
4894
3985
1614
4963
111
3481
3075
3841
4282
3475
3933
2627
2970
2522
1467
4264
1224
2510
4799
2244
2025
2331
3626
755
3238
1265
2815
1081
2056
3691
4303
1482
3675
2477
4433
1238
2194
1089
661
2722
812
592
568
4559
628
828
3408
3136
4421
1056
4552
4662
1896
2816
2699
275
1077
3055
4210
1262
587
334
578
3618
1149
1957
4115
2033
1840
4606
4215
854
4310
783
1250
3263
2906
218
369
1667
2838
4797
2652
3558
1468
4434
2706
1261
2219
1744
1962
3801
1817
3311
2508
593
428
691
4135
3411
4788
4165
3809
1946
1529
857
1731
1717
2221
820
3324
3719
1257
1186
512
722
890
4031
1708
1371
3241
1736
880
2542
874
2058
1315
2685
565
933
679
1864
3007
3969
477
1408
1794
926
2748
1767
2465
1268
3525
4741
2245
3131
2438
3924
4551
4645
1691
3895
1312
4524
3049
3986
2618
2715
1068
3897
250
2342
4167
2843
4199
4275
3826
1221
544
3494
4216
2479
2832
1334
2747
2112
4140
3314
638
3833
1923
1397
34
234
1878
4276
31
803
616
4255
2818
2218
1577
590
2985
4721
4399
4599
3624
219
654
3950
1188
716
2776
374
2487
4174
3954
2532
2269
1940
2006
1232
3904
3199
4626
3748
4932
3081
4848
4619
736
2773
1520
4376
2346
670
4295
3630
2362
4168
2320
4791
602
1813
1400
1373
956
1110
2594
3557
782
4306
4730
4412
151
3106
3955
2936
4757
3139
2709
132
3520
392
993
4866
2134
3285
4248
2425
3639
414
4940
1620
1977
360
793
556
772
1311
2108
1351
1344
920
668
1961
3991
3231
2995
4672
1165
2328
1342
203
2967
3253
1247
1548
109
193
4424
3237
333
123
2759
4470
368
4528
3063
2257
3366
224
1100
2662
2383
2152
3453
1117
3211
345
112
4683
3127
2026
899
850
3413
1367
2968
1775
4500
4126
4060
228
4307
1331
1651
103
2078
9
4452
2124
2606
911
3054
1015
3556
1523
3074
4326
4616
2030
1544
4314
2674
1206
4786
1557
705
3478
370
550
2734
614
2620
4073
4453
3761
1066
4571
3615
2744
4503
22
3045
2658
1702
3010
4188
3517
4028
1034
1243
655
2417
3440
3724
99
3923
847
3974
2720
3125
1201
2092
2178
3140
1474
2260
2317
1419
792
4962
2641
924
4155
809
3852
561
1501
559
4010
1136
4831
2698
4185
4769
3153
3040
653
3098
2953
1828
739
2692
2488
4281
2795
918
144
2413
2528
2447
4001
356
1192
1931
1285
3432
361
4597
165
3480
826
2900
3326
2011
44
3008
4649
974
300
584
1881
2415
3574
3834
3448
3350
4807
1304
1159
1778
4195
3441
3803
935
416
4064
3482
625
971
2336
2758
1773
612
2355
1958
3445
4095
2213
508
3107
3806
4418
166
2197
1584
3576
3168
321
2216
4826
91
2563
589
1187
2982
1526
1809
4871
4841
4361
3899
3145
1064
3627
2293
711
4502
1416
264
2242
1596
137
1753
473
517
2898
2830
3142
1608
2171
2726
4594
2049
3469
3294
1207
4789
1426
262
909
3649
777
4944
4766
4682
4398
3823
2304
199
2859
837
3389
2115
2530
4758
3722
4639
26
1650
896
3563
4409
3643
635
4576
503
4951
3746
3605
524
2570
4373
2127
2807
4977
3430
3339
4104
944
2749
3071
549
3865
2562
822
1079
459
2168
336
2555
4794
2281
3336
205
970
2778
4592
522
1802
3327
4381
3515
4625
3058
2038
1910
4999
797
3046
1300
1920
4041
3949
3298
1350
2421
4096
4364
4959
4242
4322
4103
4588
1299
632
864
3160
2051
4106
713
2608
4459
3995
1549
4045
3011
2583
3393
2846
897
3268
2905
1928
3429
4117
1422
1886
941
3419
1945
86
2040
2034
150
4473
1180
553
3500
98
285
4991
438
4170
3906
2972
379
3951
55
1849
4392
4136
3548
4366
1604
2142
2347
4481
795
1685
1271
2703
418
3907
1847
2986
2374
765
185
1949
1167
3646
2076
800
1575
320
3913
1150
806
623
3067
2828
1609
1965
1539
4814
390
2979
253
153
3579
4319
4939
357
774
227
3256
2907
3220
2443
3134
3175
409
1297
3928
639
3716
4483
4624
2401
4697
786
836
3467
449
3037
3004
3479
927
3024
952
4921
3817
298
609
4183
995
2527
2963
3828
1403
4327
1936
3355
1566
3867
1322
1797
3963
2676
3935
4934
2379
3562
1509
1214
2332
2690
617
400
3737
4358
4641
1480
4719
2920
1348
3685
3768
3318
1642
2106
4915
4605
2298
46
2547
4579
4845
3044
382
1329
1063
1453
4036
3377
2574
1248
4337
2432
1093
1739
4156
808
3431
3173
2013
567
3082
1653
136
3552
259
97
938
2884
764
281
119
914
2153
720
2544
2350
3103
2412
405
254
2582
3233
666
110
2897
552
3414
519
2587
2369
951
11
4891
4026
3104
4706
201
4101
877
1118
3655
1898
4357
2942
2591
791
3488
430
960
3080
2894
94
642
4964
2181
1706
4990
2543
987
2368
480
4161
3757
2109
3191
3427
1491
4207
613
1912
1994
1119
3444
3528
2036
2762
3320
217
2500
1592
1301
3099
3374
1256
2294
402
4621
707
1752
581
1288
1834
4495
2428
4897
2573
3785
2268
1139
1078
703
2958
3215
4562
3474
3870
3565
2723
190
328
1567
569
3128
2237
1172
511
656
3692
3684
213
2670
2781
3858
188
3130
2617
3878
2163
2888
3771
2313
1439
4627
714
2247
4239
1251
3808
1241
528
3759
1414
3022
1486
1220
1226
697
4005
2397
404
1394
4832
3516
2719
1543
4541
3603
905
1730
248
4039
762
3280
1792
4406
4620
599
1463
2581
2751
4098
1111
2467
2783
3330
2636
1471
1484
4556
946
902
2229
657
4885
4676
998
3660
65
4201
3854
4417
3836
488
1421
3114
907
4513
1808
4653
3829
2502
2380
4590
3226
4191
3638
1993
3212
2767
4214
2771
3272
3598
954
2071
4792
3051
3158
3229
2062
4615
4622
4533
1380
4893
255
4217
3463
1837
2651
1402
39
3581
4351
2275
4660
672
4698
1602
4765
3375
1597
4478
4978
4811
4203
2174
3200
1278
4099
299
1060
308
1036
2560
1621
3944
816
4323
4908
579
2841
3698
4405
3176
1099
3966
147
4813
4598
2666
4859
2490
4430
1785
2943
2361
4254
4890
4175
2561
64
4854
4824
3697
1648
3529
3472
1725
231
3889
4086
3919
3939
1689
4090
1986
297
3384
3644
1743
2687
2610
2283
1372
3154
4880
1781
4003
4992
2288
4205
1375
1310
3519
743
2809
1580
3102
509
3345
2129
4487
2150
4685
3873
4241
2308
1392
746
531
4476
4362
4202
1270
4353
415
4260
96
3676
2853
912
4147
3931
421
1884
247
1742
2482
4954
3725
1903
910
4078
3780
3651
576
3647
1697
4738
4953
2948
4411
2924
1938
2461
4563
319
365
3497
4442
3891
2059
4842
343
4684
4575
221
3447
4630
1879
2826
1490
4666
494
2081
4998
372
2849
2880
58
3538
2654
3352
2246
819
695
4189
2440
3297
1963
1185
2434
3640
4112
580
2831
4608
4186
3144
925
2172
3585
265
3772
4057
1504
4272
3800
2938
3792
4456
1656
1935
4221
4304
3316
3464
2918
1374
4012
848
3466
491
3164
1603
4957
4849
2928
1499
1335
2679
3188
1821
2468
2823
1572
1104
130
862
4277
187
1425
3887
2228
2632
116
2478
1459
2671
4460
4961
3607
75
66
28
1071
2101
1398
4695
40
4825
1754
3407
2913
999
3218
1535
1676
4587
3342
554
4094
4716
2302
1727
4883
4749
4004
210
2957
636
3086
1217
3278
1094
4734
4051
832
3859
1144
2974
3973
2282
4063
4338
2272
1654
1126
4124
4790
1932
571
2161
4461
3089
3837
2002
3702
876
2223
3053
2782
771
4694
3782
2256
4754
1726
841
2977
2933
4211
2736
4881
1022
740
3062
3208
4901
1193
4550
3595
644
981
2235
2048
3616
4328
4300
2962
104
4343
3665
624
2411
3262
2341
3588
2154
4593
1041
412
1448
3659
2566
1669
4658
3282
4394
4745
3738
1293
2628
1353
1223
975
548
2899
3839
4493
3658
1130
4554
1824
1637
2896
1429
3530
73
3514
984
4857
886
1396
1616
1086
1319
1590
4756
760
751
990
4526
3016
1622
3573
3110
3553
4000
463
115
406
3357
3248
1971
3818
2045
943
4309
2453
4761
618
2391
4416
4443
594
292
3313
4642
3254
2446
196
4223
3650
1681
769
3750
3742
2009
2145
261
2324
686
4568
883
659
3653
3883
1154
3151
1390
4113
732
212
585
270
2927
2711
2665
3840
2786
1555
4432
4109
3868
630
3471
891
4009
4301
1489
257
3998
2925
2339
4440
1982
619
3930
4573
2596
1431
3814
3092
286
3625
1635
2494
4426
586
1562
4514
4574
3937
427
2193
2136
386
2742
4380
3109
396
3404
2375
460
4257
429
3608
1815
3035
3079
4888
2217
2231
3207
4368
4429
1811
4644
1570
2788
2031
1506
4507
856
4816
4971
2066
4928
516
996
830
4982
3601
4945
2394
47
1170
2052
3403
955
3715
2710
376
2512
304
3204
2590
2752
2580
1901
1841
2550
2519
1908
615
868
2825
1832
610
721
1033
704
1947
4640
1212
2114
2655
1992
3029
490
3273
827
1599
2191
1547
375
2735
733
4055
162
2123
3793
434
384
3762
2517
1632
355
1157
74
1755
2392
3667
1303
2344
3965
2611
1987
4137
4935
2514
3710
48
1674
4065
4882
1688
1182
1678
1951
4016
4325
4675
4023
1012
529
3257
4490
3066
922
3657
284
3119
3877
197
775
985
4629
3473
2954
2430
4212
4862
4736
3433
2991
24
2947
156
752
2128
3805
2952
1399
451
4158
4876
2875
1134
3882
728
3002
939
3663
3847
312
2429
949
3797
3059
1589
2372
3396
1020
3555
677
1934
3851
1825
3038
4468
2353
4906
3741
453
2376
2133
3279
470
4097
2845
3941
233
4618
2993
1518
979
472
3003
1058
1823
4153
2455
4486
2367
2546
3764
982
4667
634
3884
1906
3766
2489
2419
1332
92
4838
3756
3962
3161
3123
4943
4515
3203
1227
3343
1984
1497
1050
4980
2523
3912
1363
570
4054
734
1044
1606
1125
3281
1191
1733
4543
2015
4650
674
3260
149
4654
1863
3284
3152
4910
3496
2206
1287
3880
2820
778
3560
4480
1074
1695
3333
1571
2609
4332
3752
1930
267
1806
158
3274
3758
754
3770
2613
3550
2548
2227
2017
4715
2533
3821
4154
1376
3166
2280
4508
2280
3166
1376
4154
3821
2533
4715
2017
2227
2548
3550
2613
3770
754
3758
3274
158
1806
267
1930
3752
4332
2609
1571
3333
1695
1074
4480
3560
778
2820
3880
1287
2206
3496
4910
3152
3284
1863
4654
149
3260
674
4650
2015
4543
1733
1191
3281
1125
1606
1044
734
4054
570
1363
3912
2523
4980
1050
1497
1984
3343
1227
3203
4515
4943
3123
3161
3962
3756
4838
92
1332
2419
2489
3766
1906
3884
634
4667
982
3764
2546
2367
4486
2455
4153
1823
1058
3003
472
979
1518
2993
4618
233
3941
2845
4097
470
3279
2133
2376
453
3741
4906
2353
4468
3038
1825
3851
1934
677
3555
1020
3396
2372
1589
3059
3797
949
2429
312
3847
3663
939
3002
728
3882
1134
2875
4876
4158
451
1399
2952
3805
2128
752
156
2947
24
2991
3433
4736
4862
4212
2430
2954
3473
4629
985
775
197
3877
3119
284
3657
922
3066
4490
3257
529
1012
4023
4675
4325
4016
1951
1678
1182
1688
4882
4065
1674
48
3710
2514
4935
4137
1987
2611
3965
2344
1303
3667
2392
1755
74
1157
355
1632
2517
3762
384
434
3793
2123
162
4055
733
2735
375
1547
2191
1599
827
3273
490
3029
1992
2655
2114
1212
4640
1947
704
1033
721
610
1832
2825
868
615
1908
2519
2550
1841
1901
2580
2752
2590
3204
304
2512
376
2710
3715
955
3403
2052
1170
47
2394
4945
3601
4982
830
996
516
4928
2066
4971
4816
856
4507
1506
2031
2788
1570
4644
1811
4429
4368
3207
2231
2217
4888
3079
3035
1815
3608
429
4257
460
2375
3404
396
3109
4380
2742
386
2136
2193
427
3937
4574
4514
1562
586
4426
2494
1635
3625
286
3092
3814
1431
2596
4573
3930
619
1982
4440
2339
2925
3998
257
1489
4301
4009
891
3471
630
3868
4109
4432
1555
2786
3840
2665
2711
2927
270
585
212
732
4113
1390
3151
1154
3883
3653
659
883
4568
686
2324
261
2145
2009
3742
3750
769
1681
3650
4223
196
2446
3254
4642
3313
292
594
4443
4416
2391
618
4761
2453
4309
943
2045
3818
1971
3248
3357
406
115
463
4000
3553
3110
3573
1622
3016
4526
990
751
760
4756
1590
1319
1086
1616
1396
886
4857
984
3514
73
3530
1429
2896
1637
1824
4554
1130
3658
4493
3839
2899
548
975
1223
1353
2628
1293
3738
4745
4394
3282
4658
1669
2566
3659
1448
412
1041
4593
2154
3588
2341
3262
2411
624
3665
4343
104
2962
4300
4328
3616
2048
2235
981
644
3595
4550
1193
4901
3208
3062
740
1022
4881
2736
4211
2933
2977
841
1726
4754
2256
3782
4694
771
2782
3053
2223
876
3702
2002
3837
3089
4461
2161
571
1932
4790
4124
1126
1654
2272
4338
4063
2282
3973
2974
1144
3859
832
4051
4734
1094
3278
1217
3086
636
2957
210
4004
4749
4883
1727
2302
4716
4094
554
3342
4587
1676
1535
3218
999
2913
3407
1754
4825
40
4695
1398
2101
1071
28
66
75
3607
4961
4460
2671
1459
2478
116
2632
2228
3887
1425
187
4277
862
130
1104
1572
2823
2468
1821
3188
2679
1335
1499
2928
4849
4957
1603
3164
491
3466
848
4012
1374
2918
3464
3316
4304
4221
1935
1656
4456
3792
2938
3800
4272
1504
4057
3772
265
3585
2172
925
3144
4186
4608
2831
580
4112
3640
2434
1185
1963
3297
2440
4189
695
819
2246
3352
2654
3538
58
2880
2849
372
4998
2081
494
4666
1490
2826
1879
4630
3447
221
4575
4684
343
4842
2059
3891
4442
3497
365
319
4563
2461
1938
2924
4411
2948
4953
4738
1697
3647
576
3651
3780
4078
910
1903
3725
4954
2482
1742
247
1884
421
3931
4147
912
2853
3676
96
4260
415
4353
1270
4202
4362
4476
531
746
1392
2308
4241
3873
4685
2150
4487
2129
3345
509
3102
1580
2809
743
3519
1310
1375
4205
2288
4992
4003
1781
4880
3154
1372
2283
2610
2687
1743
3644
3384
297
1986
4090
1689
3939
3919
4086
3889
231
1725
3472
3529
1648
3697
4824
4854
64
2561
4175
4890
4254
2361
2943
1785
4430
2490
4859
2666
4598
4813
147
3966
1099
3176
4405
3698
2841
579
4908
4323
816
3944
1621
2560
1036
308
1060
299
4099
1278
3200
2174
4203
4811
4978
4478
1597
3375
4765
1602
4698
672
4660
2275
4351
3581
39
1402
2651
1837
3463
4217
255
4893
1380
4533
4622
4615
2062
3229
3158
3051
4792
2071
954
3598
3272
2771
4214
2767
3212
1993
3638
4191
3226
4590
2380
2502
3829
4653
1808
4513
907
3114
1421
488
3836
4417
3854
4201
65
3660
998
4676
4885
657
2229
902
946
4556
1484
1471
2636
3330
2783
2467
1111
4098
2751
2581
1463
599
4620
4406
1792
3280
762
4039
248
1730
905
3603
4541
1543
2719
3516
4832
1394
404
2397
4005
697
1226
1220
1486
3022
1414
3759
528
1241
3808
1251
4239
2247
714
4627
1439
2313
3771
2888
2163
3878
2617
3130
188
3858
2781
2670
213
3684
3692
656
511
1172
2237
3128
569
1567
328
190
2723
3565
3870
3474
4562
3215
2958
703
1078
1139
2268
3785
2573
4897
2428
4495
1834
1288
581
1752
707
4621
402
2294
1256
3374
3099
1301
1592
2500
217
3320
2762
2036
3528
3444
1119
1994
1912
613
4207
1491
3427
3191
2109
3757
4161
480
2368
987
2543
4990
1706
2181
4964
642
94
2894
3080
960
430
3488
791
2591
2942
4357
1898
3655
1118
877
4101
201
4706
3104
4026
4891
11
951
2369
2587
519
3414
552
2897
110
666
3233
2582
254
405
2412
3103
2350
2544
720
2153
914
119
281
764
2884
938
97
259
3552
136
1653
3082
567
2013
3173
3431
808
4156
1739
1093
2432
4337
1248
2574
3377
4036
1453
1063
1329
382
3044
4845
4579
2547
46
2298
4605
4915
2106
1642
3318
3768
3685
1348
2920
4719
1480
4641
4358
3737
400
617
2690
2332
1214
1509
3562
2379
4934
3935
2676
3963
1797
1322
3867
1566
3355
1936
4327
1403
3828
2963
2527
995
4183
609
298
3817
4921
952
3024
927
3479
3004
3037
449
3467
836
786
4697
2401
4624
4483
3716
639
3928
1297
409
3175
3134
2443
3220
2907
3256
227
774
357
4939
4319
3579
153
253
2979
390
4814
1539
1965
1609
2828
3067
623
806
1150
3913
320
1575
800
2076
3646
1167
1949
185
765
2374
2986
1847
3907
418
2703
1271
1685
795
4481
2347
2142
1604
4366
3548
4136
4392
1849
55
3951
379
2972
3906
4170
438
4991
285
98
3500
553
1180
4473
150
2034
2040
86
1945
3419
941
1886
1422
4117
3429
1928
2905
3268
897
2846
3393
2583
3011
4045
1549
3995
4459
2608
713
4106
2051
3160
864
632
1299
4588
4103
4322
4242
4959
4364
4096
2421
1350
3298
3949
4041
1920
1300
3046
797
4999
1910
2038
3058
4625
3515
4381
3327
1802
522
4592
2778
970
205
3336
2281
4794
2555
336
2168
459
1079
822
2562
3865
549
3071
2749
944
4104
3339
3430
4977
2807
2127
4373
2570
524
3605
3746
4951
503
4576
635
3643
4409
3563
896
1650
26
4639
3722
4758
2530
2115
3389
837
2859
199
2304
3823
4398
4682
4766
4944
777
3649
909
262
1426
4789
1207
3294
3469
2049
4594
2726
2171
1608
3142
2830
2898
517
473
1753
137
1596
2242
264
1416
4502
711
2293
3627
1064
3145
3899
4361
4841
4871
1809
1526
2982
1187
589
2563
91
4826
2216
321
3168
3576
1584
2197
166
4418
3806
3107
508
2213
4095
3445
1958
2355
612
1773
2758
2336
971
625
3482
4064
416
935
3803
3441
4195
1778
1159
1304
4807
3350
3448
3834
3574
2415
1881
584
300
974
4649
3008
44
2011
3326
2900
826
3480
165
4597
361
3432
1285
1931
1192
356
4001
2447
2528
2413
144
918
2795
4281
2488
2692
739
1828
2953
3098
653
3040
3153
4769
4185
2698
4831
1136
4010
559
1501
561
3852
809
4155
924
2641
4962
792
1419
2317
2260
1474
3140
2178
2092
1201
3125
2720
3974
847
3923
99
3724
3440
2417
655
1243
1034
4028
3517
4188
3010
1702
2658
3045
22
4503
2744
3615
4571
1066
3761
4453
4073
2620
614
2734
550
370
3478
705
1557
4786
1206
2674
4314
1544
2030
4616
4326
3074
1523
3556
1015
3054
911
2606
2124
4452
9
2078
103
1651
1331
4307
228
4060
4126
4500
1775
2968
1367
3413
850
899
2026
3127
4683
112
345
3211
1117
3453
2152
2383
2662
1100
224
3366
2257
3063
4528
368
4470
2759
123
333
3237
4424
193
109
1548
1247
3253
2967
203
1342
2328
1165
4672
2995
3231
3991
1961
668
920
1344
1351
2108
1311
772
556
793
360
1977
1620
4940
414
3639
2425
4248
3285
2134
4866
993
392
3520
132
2709
3139
4757
2936
3955
3106
151
4412
4730
4306
782
3557
2594
1110
956
1373
1400
1813
602
4791
2320
4168
2362
3630
4295
670
2346
4376
1520
2773
736
4619
4848
3081
4932
3748
4626
3199
3904
1232
2006
1940
2269
2532
3954
4174
2487
374
2776
716
1188
3950
654
219
3624
4599
4399
4721
2985
590
1577
2218
2818
4255
616
803
31
4276
1878
234
34
1397
1923
3833
638
3314
4140
2112
2747
1334
2832
2479
4216
3494
544
1221
3826
4275
4199
2843
4167
2342
250
3897
1068
2715
2618
3986
3049
4524
1312
3895
1691
4645
4551
3924
2438
3131
2245
4741
3525
1268
2465
1767
2748
926
1794
1408
477
3969
3007
1864
679
933
565
2685
1315
2058
874
2542
880
1736
3241
1371
1708
4031
890
722
512
1186
1257
3719
3324
820
2221
1717
1731
857
1529
1946
3809
4165
4788
3411
4135
691
428
593
2508
3311
1817
3801
1962
1744
2219
1261
2706
4434
1468
3558
2652
4797
2838
1667
369
218
2906
3263
1250
783
4310
854
4215
4606
1840
2033
4115
1957
1149
3618
578
334
587
1262
4210
3055
1077
275
2699
2816
1896
4662
4552
1056
4421
3136
3408
828
628
4559
568
592
812
2722
661
1089
2194
1238
4433
2477
3675
1482
4303
3691
2056
1081
2815
1265
3238
755
3626
2331
2025
2244
4799
2510
1224
4264
1467
2522
2970
2627
3933
3475
4282
3841
3075
3481
111
4963
1614
3985
4894
4740
3455
3832
4703
2381
3942
4545
90
1858
789
2680
1336
87
4820
344
2602
2200
2498
1716
4976
433
3303
4609
2819
1729
4920
2503
3400
2639
597
865
1579
1783
1524
307
2186
2436
3065
3636
2424
38
2549
2814
3135
4292
950
2020
1184
1873
1016
2055
555
4950
2475
2829
3864
4914
2437
3295
4558
2881
4510
2169
2798
542
274
4305
3388
2211
1140
2278
2601
4686
2250
4617
2708
215
818
3903
2360
3704
1259
3149
4874
688
1517
1922
4076
2893
1800
122
3470
1194
1447
671
1455
1956
1007
4516
1759
2400
4384
3984
3629
4466
3381
4259
4864
4100
3351
2018
4505
4184
3641
768
2167
3835
3943
3709
2196
2371
1146
1966
1672
776
1437
2520
154
1326
1772
1770
4315
1998
3842
4723
2418
1586
3505
710
331
3989
4656
1436
766
633
4340
4739
3402
241
2883
3331
4548
3162
2306
4209
1991
1850
1587
3454
719
4127
2192
1360
13
502
1927
4077
1446
1152
3872
489
958
2230
3460
2600
1829
4138
4365
446
4705
1914
1292
1432
1088
2098
3509
4290
15
291
236
1042
3338
4623
1856
3386
1218
928
4783
4678
4518
2865
245
3129
1919
4313
2441
4904
2474
4912
108
1855
3300
4584
1496
2085
1975
3695
2598
1254
4266
1916
3184
3344
3076
2660
4601
3959
852
4607
1464
3861
4860
1161
2337
3251
1488
3521
85
3788
1472
1541
4006
3670
3359
1441
3846
3654
313
749
80
4425
1505
3209
1339
3798
1215
1183
2892
4646
2567
4748
3927
1780
3121
4800
1893
2787
4080
4053
1623
2834
1083
483
723
4058
893
3491
4371
4393
737
3322
2996
961
4560
4355
4379
1305
1347
1132
413
4929
6
211
82
604
1008
243
788
4865
3186
1569
4614
1610
1663
4827
295
2724
1988
2116
3708
4445
3531
1179
1211
2039
2004
2980
4302
2769
2352
4059
252
3442
2619
1103
1029
3602
1892
3449
3876
3406
861
825
1682
2296
1516
1143
3416
2518
1460
362
4013
445
1954
4265
4222
780
1418
3493
4403
4714
607
4846
3401
1629
4887
2141
3069
2873
3306
2529
192
3609
3150
3765
3243
2597
3452
4688
172
4744
2291
4760
223
3015
2050
2060
1874
3911
3634
3041
4022
1890
1860
787
3111
2605
431
1498
1713
3860
3781
1902
1461
310
3544
2356
1316
2902
3857
860
3309
4925
4331
2470
3286
2088
4967
2032
95
4631
426
4724
2981
560
867
2631
4717
1024
1273
2289
4252
4345
102
968
1168
4671
715
4835
3507
2016
4294
33
1563
4918
45
964
410
4855
2144
1231
3304
3276
4349
1359
3679
2672
535
2389
4218
3302
3503
2398
2572
1356
3533
1843
120
1427
4149
563
1039
3506
1894
287
1819
2061
1148
3105
127
1275
202
4952
4052
2768
1786
4467
1810
997
4193
479
183
2043
2393
1972
3325
2450
558
2793
278
2554
851
335
3163
3299
3948
4902
843
2926
2164
3390
226
3348
3534
4462
3686
4142
1164
3731
1370
3021
4087
2315
1803
422
972
4858
1384
2
3894
4812
279
2373
3227
3728
2070
348
2267
2497
4531
3373
1228
4465
2444
3422
1762
337
1574
2871
2024
1715
3908
4707
566
4339
763
953
2179
1724
2075
1470
1120
2804
3486
2712
4219
3043
2309
169
2975
3892
1550
3705
179
3266
371
4386
537
1633
4119
290
3656
4251
25
2274
4973
838
19
1072
649
1175
76
4014
1027
359
4582
3290
1272
4955
4444
4711
1846
3341
2404
785
3283
78
3365
3567
1263
3017
1944
1723
2553
870
1712
536
1683
4160
3308
195
3791
2921
2803
2103
5
2599
498
1097
155
3666
4899
798
2513
664
2541
3755
437
2701
2729
3968
3172
2681
2202
263
2790
3170
1423
395
391
4492
4233
3000
2540
1153
3468
2683
1084
980
1546
4538
3900
4025
643
4334
640
2314
4751
2319
3458
3855
4258
1253
3213
796
4726
2165
1049
2741
3938
3569
1969
398
1852
811
1768
4224
1324
464
1787
3020
340
3258
1904
1859
4458
4397
332
2870
976
3137
1795
399
849
1385
456
4970
3940
969
1521
790
1718
1314
4770
2714
3232
4367
1877
3694
506
2633
4402
1740
1812
3236
1098
458
3261
4347
2044
465
4395
1096
2721
2960
4844
4388
1006
4342
1960
4477
4657
229
3091
88
1835
4938
1869
1361
3192
3249
4204
747
1473
3777
4024
2895
1818
1662
4767
1137
1830
1209
4019
2170
4664
4747
601
3642
63
2593
3034
3057
3729
3682
4785
4062
3353
4262
283
1582
4909
1102
1612
3921
4863
2990
2416
266
3964
408
2286
3060
3189
521
4084
3547
1295
126
3169
4151
4903
493
2008
872
2151
2358
1942
3265
2222
3252
191
4056
1289
3296
2087
4729
2630
1062
3425
2010
1985
4779
311
3751
3958
3975
1382
4482
515
4512
3165
1038
1309
2265
2801
1734
2887
676
4225
2537
1462
1907
2377
135
611
1440
626
2001
401
2354
4586
4651
2944
1381
3707
1266
564
4206
3018
3987
2854
455
4494
3843
532
53
454
3683
1485
810
3476
4439
4775
338
513
4611
3804
4801
353
4330
4163
2565
1687
4994
3518
164
4213
4463
2492
3410
4200
3730
501
1237
2077
3072
2158
249
2462
761
3088
2189
4529
3535
2922
3611
1433
2069
801
4931
2702
3222
3918
4856
4123
3217
4033
2322
1559
3896
3415
2931
1593
3477
2750
2072
4125
1668
4341
2399
3994
4046
3368
1424
4018
3426
1533
1553
2644
2707
2074
2305
1307
182
10
4308
3980
3132
3606
2842
174
4316
2329
4704
3230
177
474
3623
4966
3810
3301
2796
3245
3541
378
1025
2094
2949
846
1868
2640
2852
268
3713
3495
3982
2961
2835
514
2621
709
3090
4637
1106
4499
2622
3349
1073
293
840
4038
1644
4536
680
4572
4049
3669
1640
1636
4930
2366
937
3031
3610
4082
4916
4479
4093
238
921
1652
3856
2220
2233
1999
2363
4280
621
1355
2775
3886
4072
1043
2464
2212
1891
4821
3337
4922
4718
1627
4116
1483
1628
2737
4369
4787
2300
947
2407
1199
2556
596
702
802
296
606
1445
1625
3901
3438
461
3819
1561
4535
2817
1023
1204
4732
1163
3593
1680
4048
2408
3688
2422
3776
322
3347
2916
1320
1897
824
1690
4085
4491
541
2240
2089
2496
1540
821
900
1527
3025
3383
4687
718
1585
3678
1861
2645
1745
4828
314
3115
1502
2476
1766
991
684
4428
3811
3545
4725
4413
4253
1989
2486
1658
1513
3885
3421
381
901
2988
3825
4580
3714
1494
4870
1804
3179
3571
2225
2096
2323
1458
930
815
863
4847
2147
1882
2239
256
4226
932
934
2999
4669
2851
2728
4336
2515
1234
1242
4350
2224
105
2868
140
3620
1959
1216
3952
748
1747
4382
683
1611
574
4021
1409
687
3465
1210
4102
4680
3584
859
2238
3700
4132
3030
141
1495
1661
4958
1771
2664
4613
1328
2800
2126
2882
4008
2426
2349
2738
2241
1732
4755
3970
4187
3335
4689
3019
2007
1883
1362
2754
3027
4768
994
2538
4565
3594
2003
3321
2140
2472
1002
2691
1391
3914
2495
4159
2209
3195
2806
435
2571
1076
93
3753
2287
1997
1675
2861
4537
3042
4182
3370
442
1005
3424
1741
4781
3398
2525
4448
4287
4017
2086
2792
4840
4793
744
1750
4995
3869
2325
4146
3526
68
3648
2592
3760
3457
2677
3023
2243
669
443
403
3727
3405
2431
1686
100
1481
3269
4875
4286
2285
1417
3925
1114
3378
3711
2808
3178
2760
3001
4190
1921
3033
4070
1880
4670
2694
2046
4133
1337
1225
3993
1156
4798
2292
3307
3094
2442
2290
3745
906
1452
4197
4299
1525
1573
4148
302
3461
326
2539
4521
1831
3769
4638
2745
1798
4985
2160
839
3740
3180
450
1244
1264
1415
3838
1738
2301
1746
4795
2603
3596
134
2805
627
3813
2534
1851
2837
4455
2263
1915
251
1552
476
2485
4438
142
167
2536
1595
4261
1296
4232
1565
1080
277
1707
1047
4289
4596
1017
1284
2889
3743
1967
4927
3362
4464
1607
1757
30
4805
2307
114
4873
1605
2390
3945
1122
244
1929
2998
882
3527
957
2249
1158
2506
4942
1032
742
2340
4815
1924
2799
198
986
4837
225
1671
4410
3546
1784
1358
3317
4235
3566
3591
2138
3219
2576
3255
2557
3898
440
673
2208
3395
1876
807
1600
1249
3242
4836
1645
1564
2090
2863
1069
3953
3133
258
3971
4988
4066
2022
2650
1983
2111
363
2122
1664
1162
303
3539
2992
2000
145
942
3879
4746
1313
242
4996
4674
1052
3240
3789
2201
20
689
696
4400
2856
1026
3310
411
3578
4172
487
4989
1871
272
276
962
4948
1269
4612
3394
1844
3554
3827
3056
2935
1116
2067
1003
2064
4374
4244
3693
2647
2057
3012
4122
1240
3577
4348
3999
354
3687
79
214
3717
107
2021
4956
3947
1341
4390
492
3385
2730
1978
2764
301
1352
572
4404
1647
4029
1598
983
708
1393
4118
1591
1692
2120
3201
3604
3862
1306
4108
3946
1836
4542
3499
397
3275
4068
1059
2604
4522
7
143
1950
4868
2579
4311
50
4549
3177
2435
4635
1646
3668
4312
1701
875
2847
1123
1378
1839
2427
4753
1479
608
1260
4701
3513
3981
700
879
2941
2669
3967
799
4372
1298
4702
1142
4162
577
1113
3983
4396
2912
4776
4044
1338
1321
534
844
385
3100
738
57
1618
3934
1457
4134
1160
36
113
3920
3701
2185
1053
2716
4285
1476
4546
4589
1854
2146
4974
4691
4968
4737
163
1639
4501
393
1670
3167
4407
1178
1267
2199
869
1578
1979
2626
4679
831
533
1845
4279
1085
2937
1981
3699
3423
4067
4981
3459
3064
4144
3244
757
3206
1115
4527
29
1720
3888
457
4947
4869
1151
4196
1435
2891
4699
2914
2125
1955
3807
4907
4896
4937
3575
3622
2989
3637
1054
4027
1189
2135
3117
3734
3013
3909
350
3372
973
481
730
8
1711
2850
1475
4743
1857
889
690
1236
72
4436
2252
1354
3875
3600
4771
4198
3508
2155
1280
2190
3787
3568
520
1601
324
4474
3511
1507
3287
829
4520
3929
3141
306
4269
1449
2321
3187
1679
3346
2327
1700
1010
2095
3572
309
2370
2844
2396
2451
462
4378
486
2876
1200
2634
1095
3664
2824
4015
4089
4273
699
1444
3271
3812
4777
2657
1522
1515
1107
4784
545
2121
21
4283
4081
3437
2779
4145
540
3036
323
2705
1340
2678
1583
178
4284
1013
189
4321
2589
2770
4577
4540
4917
3289
246
3225
712
2395
1343
101
1820
482
1696
966
504
2886
4472
176
3380
2251
1222
1478
551
3799
330
3085
4570
209
4708
3673
648
2073
727
3850
4352
4437
717
3073
2761
892
4177
3490
693
4346
4298
2911
4318
2065
1330
1953
1777
3773
1853
1434
527
351
2318
4750
2661
4121
631
4415
965
4772
4333
3399
3113
160
59
2836
2334
1411
2629
2923
1283
3732
1379
444
2552
4895
4634
3689
3
67
729
4157
2638
1190
698
4933
3790
978
3706
2668
1560
2877
3108
1019
1943
3582
1138
1760
2994
645
4230
3138
2345
1545
1531
2713
931
3992
4773
629
235
1918
3871
2254
204
2445
4194
4498
3171
1721
1617
3512
1276
1542
2105
4632
4166
2132
600
1325
2299
200
171
1208
43
3124
3328
2491
2984
4083
4673
731
2732
667
2054
1028
3077
329
2535
2524
887
2649
1872
1519
2624
923
1537
4088
1782
2270
842
692
1508
1673
4610
3542
1968
168
3093
1230
14
35
2971
2997
1514
646
230
2338
346
2157
2188
1816
4240
2149
3420
2215
2976
3122
2822
4249
2866
2965
595
1108
2558
507
724
3779
4984
1067
327
3068
3446
1939
3439
835
161
4450
3462
4819
2614
3504
967
2956
741
794
1357
4457
988
4267
4802
1657
3997
1765
588
3590
4659
3796
1245
2499
3589
1911
1258
4774
4872
4271
1000
4817
2420
895
1748
3570
1885
4690
1181
2725
4176
129
3617
4220
1196
4677
3996
2696
2047
573
1638
3483
1308
4585
1109
1964
3006
3293
146
3510
2904
1704
1889
2874
3784
3747
389
3735
1235
3978
4179
1173
2481
4007
834
2210
2575
1492
583
2526
1615
1346
1369
2659
2578
4047
665
3181
2704
1822
1714
2226
1171
4278
3540
1684
2385
3893
1087
2731
3831
3501
2878
484
3662
1438
4803
945
1990
3202
1388
4595
2312
2091
4363
3956
2343
1534
2439
1937
651
2821
4539
3194
1197
3915
2378
1763
4270
4752
3957
3146
904
4949
2588
2939
52
3612
4652
305
1055
1643
1887
3358
1493
4419
1576
977
2932
3148
2955
1277
367
4152
4668
216
467
814
260
3443
917
49
2623
2810
4469
1037
4387
1105
4236
2104
3960
3126
3097
1528
1556
2516
2858
342
69
3489
1694
4946
4173
2471
432
3597
1764
652
419
3720
1842
575
1407
157
2316
1135
3223
3795
1014
4728
4141
1456
4851
70
3979
2531
1624
4553
3917
3315
4178
3972
2612
4850
546
2864
4268
4344
377
4731
3652
3363
4997
1406
4391
2035
530
1349
681
1031
963
106
273
1594
1124
2667
685
1383
3118
3726
2261
2187
3332
3696
499
3551
2365
1996
4079
139
1769
4561
1699
1477
1536
1294
3183
817
3246
3235
562
2119
2102
4692
2258
929
4071
3155
3849
4504
2276
3824
4447
2409
62
2727
1749
3428
3382
2946
4742
3621
1807
2232
3977
3815
3844
4633
1909
989
170
2917
3096
394
439
54
3774
2903
18
3718
2014
3633
3182
2740
3532
4569
1213
423
3221
753
2423
1709
4471
2406
2929
4525
2717
2700
2449
4663
3026
1833
3435
3736
3267
138
3305
2755
2753
4449
1487
510
2382
2507
2012
4905
1980
2310
4519
4843
3436
4020
4291
641
2137
4091
4972
3485
2463
175
4335
525
37
1974
448
4567
2359
881
658
2797
4796
2802
2099
2457
4818
1503
1246
4759
1205
1799
1735
447
4511
1141
339
1973
915
4002
133
1327
3537
3671
3312
1899
4120
1970
2615
4534
3193
2019
3523
2959
3674
3632
152
3848
4913
735
1009
894
1933
3845
2945
4661
3214
3543
3009
3112
1405
2777
2746
3680
1001
4401
3039
4050
3087
4709
4722
4293
2028
3196
4987
2182
1581
663
2693
4192
538
3234
678
1895
650
903
706
1451
959
1450
4833
2978
2682
2545
84
4517
4074
908
4975
1291
1233
1532
2456
4877
2890
2966
471
2559
71
1454
1677
2042
622
2812
3157
4131
4853
420
341
3802
2023
2774
4764
2469
3340
2987
4105
3492
866
4600
1779
61
1756
2855
3288
2915
2595
4696
27
2335
3881
1133
2785
2387
2867
194
441
3369
181
3926
2214
3767
475
4150
2184
1061
1728
1558
1317
1941
1121
3174
131
4389
4354
3559
3323
1626
466
4035
2084
1155
4296
4245
121
853
1302
1395
4879
1948
1952
2351
425
4164
1512
3095
315
1719
1805
2857
3524
3412
1443
2303
4297
4986
478
2901
4647
1075
3733
1377
77
4237
2577
3032
591
2569
2765
2458
4700
3270
220
2675
2930
4993
2063
2505
919
745
159
1318
3190
3990
2253
1875
2586
2037
1588
2862
4720
4497
4075
2264
4243
2833
2718
1758
4383
56
4983
2983
2656
3361
1995
2259
1279
4110
2130
750
3786
3451
4693
4969
4446
4128
3905
4375
3120
496
845
1229
4431
2607
2511
804
3239
2029
3754
60
4377
3216
2568
1011
3005
1774
1888
3052
1659
318
4547
2277
4484
4867
4496
4578
1761
4042
2564
1613
2757
2348
4107
4263
4011
316
124
4489
2686
2689
1925
4919
3628
898
2448
2885
4408
1649
4488
2969
1790
1420
2175
2053
916
2266
1865
4822
1333
3185
2271
2110
948
2584
364
4420
3292
3783
4806
1554
1826
1827
1814
3522
17
660
3047
518
1634
3397
1705
1410
884
582
4317
725
637
1128
4555
1219
3712
4246
2756
4143
1666
2107
2097
603
4823
468
2860
3583
3159
3619
4288
4852
3536
605
3434
813
3487
4810
4114
1147
373
1737
1176
3028
497
4804
4936
1386
2159
1791
1195
2080
325
3661
388
4830
2198
232
2688
2131
2402
2068
547
2143
1030
3749
4960
773
2113
3392
3061
3672
4231
1693
207
3936
4030
3863
1048
2840
2766
271
2330
3763
4385
4139
349
1866
184
1174
495
51
1366
2784
3561
3367
1465
2642
1004
2027
3910
3580
4926
2733
3116
1082
2643
4778
855
16
4884
3820
2466
148
1365
208
1870
598
2460
4092
2207
4809
2616
4227
3778
4648
222
280
2177
2180
2493
3450
3078
3635
4878
3853
3224
4892
383
23
1129
3387
89
2082
4782
2919
1404
2964
452
4
1530
2653
4435
3794
4965
128
3197
3319
1045
4427
3070
3291
81
4655
1290
2483
3613
4509
3681
4414
3354
3739
1169
4043
4544
4441
557
1751
1619
2148
347
117
543
3360
701
913
2509
1387
1255
2162
1430
2236
3456
3775
4681
781
1900
4532
3050
3592
1021
4208
2273
2551
173
1040
2637
1838
3866
1101
1776
1551
3744
2646
2405
2166
758
4530
2173
3599
4566
1655
407
1568
1442
3210
2910
1801
4628
2384
2484
2156
2079
4941
1035
526
2117
2205
4370
2203
1905
2297
4069
756
4979
4735
83
317
3502
2452
759
4581
2333
3902
3976
3916
3631
3247
873
2791
2262
4733
1018
2521
2284
4234
4180
125
1789
539
12
2041
2743
436
3259
387
1323
2501
4636
2869
936
888
3890
485
1364
1466
4256
380
3329
1660
675
3703
4886
3379
417
3156
4889
2763
1538
4359
4710
2950
1641
682
4034
2100
180
4780
32
1198
805
2909
4839
2093
2504
784
3205
4712
4247
3922
3391
3677
505
2364
4229
4665
2794
118
2473
1917
3417
1413
3409
3932
4111
4583
2839
4923
3198
2454
4506
4763
4808
1510
1282
4129
4900
3564
647
269
2663
4604
2879
3614
2295
779
1145
1389
823
4171
352
2827
1698
4924
4834
2673
1131
4169
1281
871
2697
4032
523
2326
2780
4762
4181
3084
2311
2388
4238
3498
1703
2433
1710
240
2872
4861
4727
2811
1867
4451
366
2635
3356
4557
767
1203
1428
1848
1177
2083
2934
1239
4040
1202
620
662
3143
1788
2204
4591
2940
1345
424
1926
3645
3376
3418
4061
1091
3264
3484
858
2695
2414
940
2139
3083
1796
2813
4329
4037
3371
288
4423
1665
1368
4523
3549
3048
2005
41
3822
237
1070
4911
2386
3723
3690
1631
1112
1286
4603
469
3721
4422
3874
2789
770
2848
878
289
2648
1127
4320
2176
3014
1469
4475
3228
1057
2279
4829
3147
2248
42
2403
1913
239
3101
1065
1092
2183
2459
2772
4713
1793
2357
1166
2118
1511
1401
3587
4643
1722
1976
1862
3277
1412
1274
206
3364
726
1500
358
4356
2684
885
4274
3586
2951
4602
1630
4564
2973
2195
294
4454
1046
3830
186
2739
4130
4228
3250
2410
282
1252
3988
3816
2585
3961
1051
992
2480
4250
694
2625
4360
1090
2255
2234
2908
4485
4898
3334
833
500
4324
1
5000
