100
-3509 -412
-2342 -335
-1162 -278
-2108 633
-1730 1025
-1585 598
-1186 151
-2149 1784
-1972 1755
-2547 2201
-2697 1698
-2851 1344
-3733 1281
-3206 1502
-2923 2228
-3317 2822
-2761 2359
-2569 2479
-2230 2920
-2277 3292
-1880 3357
-1618 4173
-2719 3928
-3290 3186
-2938 4776
-2783 4667
-2271 4428
-1890 4993
-1763 4933
-1298 5301
-1508 4709
-1229 4589
-668 4227
-1417 4076
-1140 3683
-270 3702
-600 2935
-1428 3157
-1627 2564
-1498 2074
-1044 1965
223 2181
41 2115
-441 1819
-427 1690
730 2125
1151 2298
1000 1521
658 1162
500 1235
321 1300
-464 1006
-350 399
-935 0
-823 -472
456 -412
837 -282
1453 -440
2429 801
2053 3070
1166 3388
1567 3789
1357 4065
1830 4895
2508 5956
1338 6326
1177 6084
1225 5759
1334 5212
1172 5755
660 6104
-43 6721
-611 6056
-347 5838
334 5490
114 5490
51 5415
430 5054
304 4250
-389 5052
-238 5403
-677 5739
-1002 6094
-1971 6667
-2552 5714
-2807 5893
-2696 6114
-3248 6716
-3762 6544
-3881 4993
-4766 4432
-3970 4409
-4054 4253
-4212 4256
-4486 4167
-4801 4059
-4563 3679
-4730 2871
-4769 1657
-4900 -391
