81
180579051 -645027643
212799548 -627503551
250778361 -603115853
285301392 -576900906
320720208 -545189849
352566092 -511490366
379340813 -478244140
401682000 -445947437
426387940 -403449315
443364555 -368132493
459268276 -327687696
471658128 -287436226
480331703 -249873144
487369809 -203659669
490112680 -168802304
489951309 -112195049
486317559 -71633314
480526110 -35330333
471602839 3440741
457118555 49529432
440180717 91055992
423484716 124711164
396681702 169404084
377114389 197011416
349563745 230711568
313819209 267599182
288319257 290200583
252307252 317839185
211819670 343875125
180509250 360860526
140753155 378930126
92512189 396118756
55756249 406012827
6641056 415190283
-27581544 418960727
-67709049 420705386
-117168653 418913128
-160319375 413761748
-198261885 406394659
-242870658 394182175
-282471881 379918267
-320078082 363137149
-366223848 337740393
-397664606 316988148
-435151734 287953507
-462966477 262837963
-492500336 232083942
-519858011 198871617
-544186341 164302225
-570203615 119891461
-588496406 81687245
-602408091 46364176
-616355669 1185174
-623945904 -31597991
-631883538 -83904335
-634301625 -116145484
-634299966 -168092608
-630155895 -215026870
-624912175 -247663823
-616110358 -286315951
-600096542 -336948680
-584699243 -374455682
-567857238 -408507125
-545688639 -446177124
-520623540 -482066116
-487757557 -521547913
-458892667 -550933398
-430526175 -576018598
-395701782 -602576077
-356069445 -628021355
-324006846 -645391825
-275115757 -667025345
-238121510 -679873746
-200167768 -690154886
-162734883 -697575081
-117837237 -703061166
-63878570 -704864797
-23014998 -702782036
21160019 -697147989
51760475 -691131582
105412627 -676205604
