98
405627235 -430377040
555941982 -579976156
424658269 -414158815
588513467 -548277849
444058384 -392681954
621703842 -507362920
459003074 -370873813
651726904 -458359287
470510441 -348564356
672850492 -410892876
479431373 -324367230
688997718 -356507368
485537166 -297644526
697229393 -304889506
488027253 -271452398
698951514 -252531704
487155765 -244956482
693711630 -197863625
483551858 -221709670
683010505 -150005771
475651598 -194215309
664040459 -97333095
464809390 -169545664
641152248 -52590876
451440590 -147337230
609094920 -5820542
435347616 -126913828
573131998 34117356
417075045 -108889493
537095176 65483732
397839745 -94029056
493779306 94888099
375566332 -80786092
446464697 118933823
350183729 -69845207
395428499 137092308
323660575 -62402393
341809369 148596460
299254597 -58779548
286745570 152988170
273369967 -58128275
235330359 150511133
245947895 -60992364
188049033 142534463
219795932 -67273599
130590362 124984271
194883181 -76798721
83723752 103485897
172351815 -88857759
38657138 75527615
150597173 -104312541
1697101 45918341
133072846 -120297799
-39984195 2655499
113961666 -142874021
-70125122 -38341332
101673653 -161773941
-96806816 -86342687
89902411 -185675701
-115170320 -131955387
80830909 -212648874
-128807721 -183110844
75829716 -238315088
-135825323 -234953594
74103169 -264931053
-136268623 -288075434
75479458 -288826959
-129661589 -342483552
80556396 -316280770
-117071572 -392232659
88902543 -341861129
-96695766 -443883488
100518968 -366183695
-71309945 -489803404
114120728 -387334845
-41916983 -530311020
131006692 -407549090
-3069757 -571558827
150407889 -425524972
37694817 -604831821
170194112 -439782930
83843606 -633541525
193857577 -452719403
126239368 -653268304
218456964 -462297614
178472891 -670220001
242847691 -468440325
235654658 -680538187
268382358 -471616152
281833922 -683016916
297261897 -471377486
341853384 -678581447
322170170 -467896328
390266431 -668515638
348111630 -460867271
436616172 -653018654
372407659 -450791013
486594968 -629029304
