84
56238321 -231966941
56238321 778948782
12112469 778948782
12112469 -231966940
-7302401 -231966940
-7302401 509997535
-20535782 509997535
-20535782 -231966940
-37051401 -231966940
-37051401 672281944
-55281436 672281944
-55281436 -231966940
-76093914 -231966940
-76093914 803570528
-89183926 803570528
-89183926 -231966940
-109723036 -231966940
-109723036 754386044
-129223067 754386044
-129223067 -231966940
-145431862 -231966940
-145431862 733180604
-159204722 733180604
-159204722 -231966940
-179109184 -231966940
-179109184 750544431
-195910076 750544431
-195910076 -231966940
-216033536 -231966940
-216033536 890192474
-231927620 890192474
-231927620 -231966940
-247209334 -231966940
-247209334 977731885
-265468669 977731885
-265468669 -231966940
-282005834 -231966940
-282005834 854285553
-303323779 854285553
-303323779 -231966940
-315871681 -231966940
-315871681 836249505
-336487067 836249505
-336487067 -231966940
-355755516 -231966940
-355755516 690955050
-371645513 690955050
-371645513 -231966940
-385145354 -231966940
-385145354 836239684
-403219066 836239684
-403219066 -231966940
-425528411 -231966940
-425528411 670579580
-442625533 670579580
-442625533 -231966940
-455157283 -231966940
-455157283 790691146
-475736709 790691146
-475736709 -231966940
-490197664 -231966940
-490197664 729310312
-507976341 729310312
-507976341 -231966940
-529656985 -231966940
-529656985 940824298
-544344217 940824298
-544344217 -231966940
-562987541 -231966940
-562987541 767380418
-576688999 767380418
-576688999 -231966940
-594816661 -231966940
-594816661 656441917
-614945789 656441917
-614945789 -231966940
-629106680 -231966940
-629106680 621842705
-648423123 621842705
-648423123 -231966940
-666237624 -231966940
-666237624 614956652
-692808321 614956652
-692808321 -231966941
