250
-5197 -7616
-4711 -7646
-4291 -7075
-4571 -8173
-3993 -8367
-3962 -8866
-4793 -9154
-5470 -9112
-5540 -9149
-5382 -9504
-5567 -10077
-3466 -10055
-2857 -9538
16 -7705
429 -7685
925 -8899
178 -9712
-822 -11124
-1049 -12143
-1065 -13039
-1113 -12963
-2355 -11938
-1770 -12227
-1236 -12029
-1030 -11240
-773 -10896
-540 -10641
-440 -9950
-74 -9757
-17 -9380
196 -8701
100 -8118
-530 -8127
-1122 -8606
-1266 -8713
-808 -8747
-1199 -9050
-1265 -9785
-1987 -10336
-1881 -9828
-2062 -9788
-2870 -9781
-3081 -10463
-3457 -10450
-3850 -10724
-4686 -10659
-5141 -11349
-5407 -11908
-4951 -11803
-4953 -11927
-5126 -12067
-4434 -11888
-4118 -12557
-4231 -12787
-4097 -12960
-4401 -12959
-4528 -12641
-5025 -12736
-5541 -12942
-4693 -13881
-3099 -13017
-2609 -12811
-3188 -13617
-3357 -13873
-3281 -14020
-1240 -14103
-936 -14103
546 -13996
311 -12613
529 -13253
1329 -12689
2010 -12215
1994 -12753
2931 -13835
4514 -13419
5023 -13645
5258 -13975
5874 -13876
5796 -12943
5505 -12128
5637 -10971
6245 -10936
6039 -9730
5876 -9559
6369 -9391
5229 -9565
4546 -9009
4373 -8471
4950 -8672
5155 -7918
4965 -7376
5152 -7788
5559 -7616
5707 -7244
6298 -7143
6183 -5592
6200 -5511
6357 -5496
5335 -5490
5071 -5706
4086 -6529
3440 -6248
2991 -7076
3271 -7458
2730 -7744
2872 -8434
3281 -8991
3421 -9537
3193 -9802
2843 -9299
2449 -9487
2281 -9889
2117 -9525
2364 -11375
3241 -11435
3383 -10850
3488 -10818
4495 -11446
4335 -11540
3669 -11801
3020 -11912
1025 -11731
1017 -10506
1462 -11244
1923 -11126
2058 -10610
2071 -10274
1891 -8982
2305 -9013
2611 -8607
1886 -8928
1832 -7785
2243 -7672
2179 -6966
2542 -6127
2955 -6215
3153 -5990
3503 -6146
3833 -5570
4386 -5430
5014 -5324
5121 -5205
4895 -4883
5973 -5024
6046 -4096
6112 -3915
5638 -3762
5944 -2475
5953 -2255
5115 -3031
4569 -2953
4292 -2511
3955 -2326
3077 -2688
2059 -2126
2161 -2915
2407 -3692
3328 -3888
3169 -3969
3613 -4135
4479 -4234
3635 -4248
3274 -4522
3195 -4925
1512 -4598
855 -4512
1098 -5531
1404 -5826
1019 -5716
530 -6309
1355 -6717
1034 -6895
699 -6796
212 -6817
-185 -6844
-288 -6708
-1192 -7012
-1560 -6626
-1337 -6669
-848 -6094
-1379 -5578
-1398 -5462
-1239 -5369
-1291 -5057
-798 -5227
-170 -4916
-166 -4398
-577 -4433
-894 -4434
-866 -3773
-563 -3548
196 -3978
438 -4365
566 -4359
822 -4214
1427 -4445
1579 -4254
1489 -4009
1774 -3704
1196 -2949
769 -2943
-481 -2493
-1153 -2371
-1323 -3094
-2160 -2813
-2358 -2690
-2549 -2123
-3330 -2234
-3298 -2844
-3394 -2360
-3487 -3154
-3650 -2991
-4604 -2186
-4517 -2587
-4988 -2657
-5178 -2613
-5320 -2550
-5409 -3103
-5218 -4847
-5066 -5309
-4504 -4985
-4591 -5174
-3752 -4880
-3256 -4390
-3378 -4060
-2761 -3902
-1740 -3904
-1810 -4048
-2147 -4693
-2448 -4198
-3075 -4488
-3354 -5279
-3505 -5440
-3067 -5650
-2255 -5886
-3177 -6903
-2116 -7546
-2013 -7977
-2736 -8424
-2882 -8198
-3059 -7631
-3627 -7466
-3327 -6787
-3317 -6309
-3834 -6237
-4158 -6043
-4645 -5794
-4796 -5816
-5142 -6971
-5573 -7104
