800
-762173 12719
-762285 11908
-761727 11955
-761453 11972
-761330 11474
-761694 11255
-761875 10974
-762109 10210
-762190 9954
-762002 9462
-761597 10140
-761062 10517
-761035 9808
-761507 9715
-760163 9500
-759678 10676
-759267 10810
-759391 10140
-759837 9741
-759858 9155
-758656 8889
-758769 9679
-758041 9983
-757751 10826
-757770 10565
-757568 10165
-757412 9490
-757601 9118
-757984 9552
-758254 9440
-758164 8328
-758394 7916
-758119 6893
-757322 6582
-757106 7961
-756808 8391
-756679 7734
-756330 7661
-756315 8835
-756332 9395
-755981 10151
-755700 10204
-757359 11432
-756756 11020
-756114 11109
-755564 10892
-755350 10805
-755429 10582
-755153 10191
-755423 9647
-754674 9095
-753319 9585
-753483 9383
-753899 8921
-753919 8059
-754579 8728
-755228 8234
-754969 7861
-755300 7726
-754917 7776
-754612 5726
-755090 5851
-755089 6941
-755671 6991
-755941 7107
-756610 6711
-756271 5786
-756442 5361
-756449 5431
-756306 3818
-756520 4110
-756635 4680
-756656 5035
-756662 5369
-757353 5971
-757731 5655
-758337 4555
-758650 5898
-758686 5883
-758513 6188
-759870 4167
-759426 3048
-759742 3005
-760280 3724
-760550 4756
-760707 6230
-760559 5791
-760088 5258
-760057 5268
-759267 5972
-758468 6261
-758682 6594
-760050 7181
-759435 7399
-758866 7612
-758913 8364
-759073 8631
-759343 8930
-759690 8653
-760510 8794
-761059 8928
-761609 9185
-762033 8984
-762218 8043
-762406 7072
-761896 6099
-762050 5275
-762402 4695
-762004 3890
-761680 3134
-761320 3232
-760748 3686
-760958 3213
-761045 2904
-761557 2668
-761911 2807
-762046 2278
-762106 2254
-761210 1108
-761741 1678
-762503 1821
-762138 551
-761631 180
-761667 -929
-761132 -1519
-761104 -1881
-760762 -1626
-760326 -1204
-760281 -1940
-759898 -1872
-759872 -1853
-759726 -1556
-759242 -1910
-759029 -1147
-759411 27
-760231 275
-759221 259
-759009 -154
-758786 -196
-758076 -622
-758085 -653
-757517 -38
-758150 251
-758870 1689
-758715 1464
-758567 2312
-758322 2754
-757927 2922
-757045 3008
-756137 2202
-757194 2243
-757552 2686
-757977 2641
-758225 1985
-758299 1964
-758220 1249
-756748 709
-757112 171
-756515 776
-756533 724
-755854 1224
-755775 -36
-756081 -77
-756093 -160
-755566 -562
-756490 -674
-756561 -364
-757192 -149
-757451 -331
-757586 -1288
-757793 -1355
-758173 -1004
-758688 -1263
-759061 -1513
-758860 -1909
-758302 -2293
-758156 -2028
-757148 -2248
-756682 -1742
-756811 -1028
-756396 -1511
-754930 -1612
-754466 -1495
-755025 835
-754724 599
-754382 100
-754025 -465
-754053 -787
-753723 -1260
-753237 -446
-753682 605
-753405 148
-753683 780
-753284 1072
-753469 1633
-753097 1327
-753447 2579
-753287 2557
-752759 2393
-752665 1978
-752500 1769
-751410 2344
-751371 1230
-751633 504
-752424 506
-752478 176
-752237 -698
-752603 -806
-752804 -1152
-753075 -1416
-753152 -1444
-753357 -1899
-753139 -2120
-752496 -1881
-751361 -1496
-751279 -1455
-751031 -1038
-750518 -2007
-749439 -1643
-749323 -1442
-748728 -811
-748369 -1302
-747626 -444
-748493 -50
-748240 150
-749551 -492
-750104 -212
-751253 -296
-750881 132
-750136 110
-749859 405
-749748 1034
-749211 440
-748748 610
-748385 912
-748808 1358
-748374 957
-748698 1646
-749291 1934
-749040 2017
-749899 3032
-750664 2149
-750476 2479
-751065 2335
-750678 2955
-750519 3512
-750531 3761
-749581 3666
-749564 3332
-749118 2561
-748700 2155
-748428 2136
-748311 1898
-747635 2367
-747672 3170
-747947 3818
-747738 4034
-748245 4445
-748606 4382
-748461 4665
-749087 5202
-749449 4951
-749239 5341
-750191 5130
-749290 6198
-749797 6854
-750465 7040
-751021 5702
-751638 5372
-751435 4721
-751796 4823
-752293 4756
-752560 4307
-752344 4784
-752631 4339
-752328 3371
-753384 3542
-753571 3473
-755197 4140
-755123 4150
-754196 3983
-754036 4133
-753315 3787
-752788 4243
-753192 4860
-752636 5355
-753425 6213
-753195 6986
-752721 7810
-752554 7992
-752010 7406
-752183 7241
-752587 6398
-752543 5955
-752369 5661
-751895 5749
-751600 5863
-750864 6355
-750341 7474
-750382 7130
-750251 7036
-749837 7439
-751117 7846
-751763 9168
-752175 9100
-753657 10866
-752730 11410
-752651 11612
-752148 13060
-752249 12309
-751403 11166
-750218 10503
-751013 10738
-751402 10471
-751627 10676
-751998 11194
-752397 10962
-752003 10025
-751883 9516
-751569 9386
-749946 10235
-750790 9223
-751444 9146
-751521 8722
-751278 8255
-750728 8237
-750006 7985
-749896 8102
-749490 7895
-749031 8060
-748871 7798
-748433 10130
-748168 8835
-748384 7981
-748580 7508
-748321 7278
-747529 7761
-747698 7402
-747765 6988
-748391 7128
-748653 6552
-748804 6120
-749142 5571
-749054 5429
-748484 5194
-748282 4722
-748118 4639
-747933 4394
-747748 5191
-748154 5396
-747345 5511
-747405 5234
-747328 4667
-746424 4150
-745043 4933
-744634 4648
-745040 4526
-744986 3485
-745260 4007
-745881 3906
-746212 3801
-746527 3898
-747097 3997
-747372 3916
-747208 3364
-746999 3083
-747216 3015
-747563 2326
-745579 2385
-745745 2374
-745216 2350
-744734 1420
-744164 2661
-743936 1611
-744890 1228
-745822 1643
-746344 2236
-747152 2028
-747976 1678
-747841 1507
-748071 873
-747343 493
-746149 581
-745708 11
-746676 -23
-746833 -178
-747238 -658
-747709 -1260
-748050 -1368
-747815 -2163
-746499 -2106
-746047 -1240
-745008 -2080
-744440 -306
-744083 589
-743708 547
-743580 115
-743755 -834
-744119 -853
-744467 -1221
-744090 -2054
-743580 -2180
-743405 -1942
-743108 -1945
-742812 -1632
-742573 -1890
-741779 -2097
-742425 -1335
-742220 -1403
-742189 -1418
-741871 -1248
-742855 -498
-742389 -541
-741751 -659
-741434 -256
-741821 334
-741986 692
-741573 819
-742573 1347
-742070 1703
-742338 2374
-741161 2124
-741353 2898
-743539 3635
-742619 3848
-742644 3783
-742039 3423
-741584 3989
-740998 4639
-741637 5322
-740986 6036
-741259 6278
-741202 6716
-741115 6991
-741430 7623
-742014 7364
-742528 6094
-742550 6657
-743117 7511
-743648 7514
-743453 6775
-743645 6471
-744043 6892
-744327 6588
-742957 5431
-743198 5596
-744036 5587
-744792 5764
-744750 6435
-744636 7073
-744978 7214
-745193 7733
-745710 7262
-745981 6156
-746880 6238
-746210 6868
-746706 7837
-746536 8185
-747021 8678
-746610 8617
-746368 8484
-747294 9599
-748375 10081
-747646 10829
-747502 10484
-746746 10310
-747084 9766
-746610 9101
-746386 8920
-746200 8651
-745558 8586
-745155 8092
-744332 8220
-744366 8712
-743825 8451
-743176 8227
-743091 7911
-742649 7687
-742386 7626
-741980 7672
-741895 7811
-742081 8007
-742779 9226
-743310 9340
-743624 9671
-744856 10061
-744310 10169
-743748 9851
-743561 9786
-743617 10264
-743623 10803
-743175 11000
-743265 10906
-742644 10588
-743125 10000
-742718 9544
-742443 9514
-742720 9384
-742513 9117
-742573 8912
-742255 8480
-741701 8188
-741550 8213
-741147 8722
-741629 8916
-741421 9180
-741645 9578
-741398 10146
-741657 10516
-741310 10502
-741776 11155
-742949 12329
-743441 12323
-744567 12163
-744158 12713
-743992 12741
-745136 12577
-744942 12841
-744488 13112
-746004 12673
-746511 12171
-746304 11504
-745021 12224
-745287 11596
-745115 11123
-745413 10690
-746140 11109
-746546 11397
-746612 11644
-746654 12062
-748067 12667
-747073 12787
-746686 12821
-746010 13286
-747332 13584
-747928 15520
-747625 14701
-747292 13743
-746415 13733
-746187 13571
-747935 15905
-746664 15216
-746457 15111
-745935 14543
-745918 13888
-745751 13447
-745657 13473
-745338 13513
-745340 14090
-745295 13719
-744879 13695
-744906 14368
-745687 15270
-745847 16467
-746615 16847
-746659 16882
-746779 17177
-747142 17852
-746858 17499
-746333 17655
-746005 17445
-745845 17676
-745100 17793
-745263 17276
-743076 16452
-743251 15662
-743669 16412
-744040 16202
-744536 16502
-745272 16463
-745607 16114
-744895 15633
-745002 15090
-744471 14718
-743949 14603
-743566 15349
-743483 13910
-744092 14117
-744359 13587
-744084 13355
-743781 13083
-742449 12942
-742549 12455
-742696 12114
-742477 12054
-742269 11800
-742070 11627
-741980 11699
-741166 11395
-741149 12126
-741648 12321
-741115 13809
-741142 13946
-741764 13956
-741638 14585
-741411 14727
-742414 14896
-742504 14158
-742534 14326
-742489 15286
-742444 15614
-741745 15224
-741333 15243
-741047 15899
-741826 16129
-741534 17372
-741260 18851
-741432 18959
-742189 18445
-742165 18531
-742672 19012
-743032 19052
-742567 17470
-743641 17423
-743807 17323
-744056 17481
-744212 17871
-744414 18334
-745214 19077
-745641 19191
-746958 18990
-747575 18454
-747060 18204
-747467 18305
-747833 18361
-747926 18047
-747938 18207
-749502 18907
-749968 18731
-749889 18426
-750154 17934
-750161 17936
-750610 16863
-751057 17116
-751714 17171
-751603 17224
-751269 17279
-751227 18126
-751989 18672
-752069 18638
-752318 18169
-752335 18199
-751649 16875
-751742 16945
-752116 17410
-751222 15642
-751463 15577
-751274 15736
-751570 16019
-751878 15981
-751156 14790
-750365 15808
-750476 15106
-749642 15767
-749171 15026
-750099 14233
-750284 13981
-749394 13050
-748829 12895
-749658 12484
-749434 11575
-750561 12182
-750018 13015
-750251 13248
-751328 13668
-751331 14419
-752019 14711
-752847 14832
-752111 15541
-752264 16004
-753348 16037
-752691 16862
-752708 17646
-753275 18039
-752956 18333
-752998 18754
-753798 18799
-754998 18640
-755962 19050
-756337 18598
-755926 17861
-756339 17731
-757112 18351
-757390 16764
-757452 17532
-757702 17693
-757528 18104
-757661 18461
-757663 18744
-758117 18154
-758637 18463
-758231 18526
-758164 19037
-758747 19171
-759706 18758
-759902 19021
-759099 17908
-758808 17737
-759192 17469
-759080 16642
-757978 16078
-758288 15789
-757769 15177
-757104 15728
-756408 16499
-755872 16127
-755732 16629
-755600 16331
-755189 16999
-755019 17740
-754512 17263
-754924 16400
-754488 16088
-754425 15652
-754113 14897
-753324 15020
-754309 14681
-753160 13810
-752291 13202
-753259 13205
-754117 13432
-754261 13504
-754787 13391
-754952 13812
-754608 12448
-754967 12004
-755331 12848
-757440 12181
-756687 12492
-756503 12595
-755582 13153
-755644 13864
-755059 14483
-754750 14606
-754307 15286
-754740 15473
-755383 15742
-755676 15184
-756962 13833
-756653 14195
-756302 14881
-756701 15156
-757246 12856
-757073 13841
-758427 14181
-758096 13818
-758580 13537
-758986 12616
-758585 11355
-758894 11608
-760552 10869
-760480 11551
-759946 11686
-759997 12095
-759577 12341
-760230 12904
-759884 13898
-759672 13141
-759170 12998
-758982 13570
-758684 14033
-758476 14262
-758614 14661
-758653 14726
-759445 14725
-758670 15631
-758521 15725
-758412 16183
-759584 16265
-759608 17145
-759674 17989
-760199 17570
-760384 18239
-760508 18552
-761288 19178
-761423 18596
-761922 18573
-761528 17055
-761944 16833
-761950 16740
-761953 15864
-760546 16091
-760211 16188
-759910 16241
-759875 16053
-760252 15506
-760630 15246
-760926 15343
-761611 15065
-762253 15206
-762353 14893
-762431 14278
-761837 14023
-760981 14207
-761095 13694
-761180 12908
-761183 13001
-762352 13592
-762351 13429
-762514 13350
