2000
-91271 -99230
-90306 -99859
-90162 -100354
-90844 -105022
-88974 -102159
-86708 -101569
-88366 -102502
-89298 -103014
-86957 -104229
-83958 -105656
-82885 -103871
-81411 -105706
-80224 -105253
-81056 -106319
-81734 -107734
-82717 -107729
-83811 -106980
-84400 -106729
-84165 -105825
-85717 -105384
-86217 -105293
-88100 -106820
-87826 -106163
-87793 -105312
-87307 -104411
-87891 -103969
-88051 -103829
-89031 -104378
-89754 -105365
-88857 -106814
-90826 -107386
-90558 -107876
-91767 -108255
-91525 -108264
-90781 -109837
-91329 -112158
-89566 -113025
-88401 -111510
-87931 -110738
-87741 -110880
-86849 -110488
-86931 -112036
-85723 -112109
-86728 -110453
-85342 -109642
-85082 -109903
-84699 -110905
-83642 -110421
-82012 -109507
-80157 -110901
-80209 -110984
-81964 -111276
-82169 -111348
-82681 -111285
-84187 -111669
-83989 -112277
-85048 -112198
-82061 -112959
-82107 -113431
-83171 -113756
-84348 -114118
-85333 -113577
-86746 -112538
-87458 -112679
-87874 -112901
-87898 -113961
-86157 -116068
-87101 -115360
-89285 -115574
-89608 -115292
-90288 -117231
-90210 -116679
-90013 -115673
-90148 -114837
-91173 -115374
-91650 -117647
-89956 -118911
-90633 -118763
-88157 -120070
-87787 -118965
-86010 -118265
-84169 -118145
-82863 -118207
-82186 -117571
-82362 -118548
-82535 -118775
-82192 -119170
-84242 -120655
-84391 -119909
-84912 -119955
-85228 -119623
-87011 -119011
-86864 -120673
-87797 -120425
-85091 -123594
-83798 -124062
-81802 -125365
-82193 -123079
-82147 -122475
-80206 -123081
-78761 -122769
-78305 -121293
-78343 -120401
-79548 -120094
-78461 -118757
-79216 -118435
-81218 -117449
-81425 -115524
-79667 -116726
-79303 -116395
-79130 -112625
-79081 -112799
-77351 -110224
-78429 -108724
-79329 -107299
-76374 -108339
-76866 -109035
-75351 -110359
-75390 -111299
-76067 -110799
-77319 -111496
-75786 -112852
-77471 -113110
-78619 -113046
-78820 -113322
-78282 -114355
-75205 -114659
-77173 -115050
-77640 -116516
-77661 -117485
-77407 -118070
-77746 -118411
-74876 -116205
-75616 -116923
-75839 -118948
-77133 -119339
-77238 -119804
-77060 -120947
-75691 -119099
-75098 -120076
-75090 -120156
-74551 -121271
-72323 -119245
-72971 -120549
-70788 -120125
-71386 -121222
-71735 -122155
-73189 -121653
-73929 -122116
-71637 -124488
-70358 -124350
-68945 -122507
-69604 -120634
-68764 -122431
-68502 -123379
-68818 -123492
-69414 -124601
-70199 -125175
-69244 -126965
-68141 -125173
-66617 -125825
-68216 -125797
-68488 -126605
-68430 -127133
-66635 -127652
-66155 -127753
-64468 -128695
-65200 -128388
-65631 -128204
-66808 -128641
-67281 -128646
-66441 -130074
-66584 -130425
-65105 -132237
-64670 -131327
-63753 -126808
-62309 -127520
-61419 -128842
-62346 -129755
-60985 -128532
-60611 -128955
-60094 -128980
-59485 -129055
-59529 -127543
-59355 -127761
-59257 -128115
-58932 -128638
-58900 -129263
-58368 -133476
-57840 -133901
-57159 -133515
-56452 -130308
-56161 -130846
-54710 -131776
-54284 -132902
-54740 -132450
-55704 -133417
-56135 -133499
-54559 -133372
-54924 -133555
-53849 -133853
-52533 -133136
-53203 -130863
-52576 -131225
-52018 -131324
-51614 -131877
-51452 -133448
-51795 -135373
-47411 -138997
-47126 -139405
-47373 -141730
-47322 -140947
-47664 -141756
-45327 -142090
-44951 -142474
-44094 -143337
-43463 -141066
-45294 -139186
-45150 -138697
-43818 -139562
-43683 -139480
-43121 -140375
-41274 -140109
-43723 -137597
-42495 -138621
-41742 -139223
-40952 -139994
-40381 -140118
-40926 -140923
-41594 -141760
-40217 -143176
-41961 -142814
-42284 -143236
-44349 -146025
-44998 -147002
-46039 -147558
-49490 -147315
-49425 -147090
-50162 -147068
-50141 -146720
-49594 -146657
-49255 -146881
-48563 -145435
-48469 -146843
-47457 -146870
-46163 -147015
-45676 -146905
-45950 -145255
-45550 -143871
-45700 -143006
-46522 -142808
-47635 -142369
-48104 -141797
-48366 -140177
-49757 -139101
-50659 -138827
-51179 -138089
-51491 -137884
-53398 -141151
-51025 -141698
-51319 -141642
-51807 -142313
-50835 -143168
-51796 -144744
-53113 -145327
-52354 -143955
-51912 -142481
-52771 -142391
-54146 -142755
-54567 -144928
-54388 -143520
-54514 -143392
-54816 -143090
-56191 -142965
-55429 -141792
-56247 -140659
-55162 -140476
-54391 -140050
-52560 -139396
-51679 -137760
-53473 -136947
-53931 -137938
-55209 -136477
-54727 -135707
-54688 -135617
-54801 -134634
-55282 -133784
-56115 -133803
-56744 -134217
-57947 -134051
-57833 -134943
-57763 -135422
-56860 -136356
-57933 -135770
-57247 -137358
-58011 -137744
-59145 -136769
-60114 -135518
-58187 -135496
-58482 -135056
-58535 -134859
-59046 -133961
-61403 -132887
-59952 -133001
-59456 -132698
-59180 -132472
-59549 -131520
-59926 -130711
-60751 -130526
-62201 -131240
-61722 -131885
-63147 -132030
-64270 -132233
-64686 -132866
-65011 -134189
-65898 -132840
-66338 -133644
-69306 -135343
-68446 -136488
-68704 -136798
-68041 -137966
-68666 -138840
-68948 -139071
-71094 -139685
-70235 -138691
-70284 -137502
-70361 -137447
-70312 -136875
-72229 -136352
-73479 -136245
-74454 -134574
-74321 -134469
-73029 -135437
-72894 -133339
-70895 -130722
-70345 -132420
-70890 -134144
-71354 -135242
-70640 -135701
-69995 -135355
-69377 -135121
-69574 -134491
-69181 -134015
-69009 -134752
-68156 -134229
-68103 -133766
-68432 -133276
-66925 -132811
-67128 -131051
-67908 -129971
-67791 -128939
-68339 -128845
-68563 -128847
-69234 -127486
-70026 -127805
-70728 -128542
-70666 -127926
-70414 -126762
-70743 -126186
-72059 -125679
-72613 -128013
-73227 -128820
-72777 -127930
-72976 -127573
-73282 -125880
-73092 -125618
-72535 -124330
-75175 -127988
-76025 -127215
-76661 -126700
-75719 -125874
-75661 -125859
-75470 -125207
-74205 -124238
-74151 -123155
-75607 -123016
-77385 -123521
-77921 -123198
-79079 -123708
-78272 -125070
-80062 -124577
-80366 -124834
-80236 -125444
-80810 -125496
-81081 -128488
-81841 -128207
-82018 -127237
-81832 -126150
-83251 -125551
-83982 -124901
-84286 -124642
-85551 -125123
-86103 -124863
-86695 -123938
-86423 -123336
-86530 -122996
-87736 -122712
-87977 -122426
-88311 -121311
-88679 -121177
-90042 -121795
-91857 -123126
-91363 -125180
-91038 -125424
-89719 -124910
-87887 -124947
-87930 -125623
-88622 -126053
-89500 -126403
-90479 -128189
-90803 -128180
-90838 -129537
-91420 -129508
-91865 -129906
-89537 -130227
-86643 -127104
-85847 -127068
-84941 -128212
-85812 -127494
-86990 -128059
-87878 -129255
-85717 -129384
-85579 -129581
-84509 -130107
-85834 -130259
-82766 -132310
-82272 -130361
-81224 -131989
-80346 -132802
-80352 -133546
-80168 -135156
-79625 -136095
-78090 -134465
-78180 -135004
-77595 -132397
-78161 -132430
-79196 -127203
-78741 -127076
-78536 -127389
-77781 -126797
-77694 -127839
-78875 -128815
-78327 -129661
-77728 -131101
-74670 -130646
-75423 -131281
-75584 -132778
-76480 -133862
-76265 -135619
-75479 -137323
-74999 -137342
-76203 -139578
-75745 -138110
-75971 -137194
-75934 -136514
-76636 -135871
-76831 -135515
-77715 -135695
-77838 -136018
-78359 -136682
-77092 -139650
-79107 -137415
-80747 -136259
-80246 -135218
-81265 -134252
-81444 -133277
-82812 -133069
-83096 -132827
-84333 -132158
-85780 -132149
-86580 -134450
-86570 -134328
-87319 -132651
-86324 -131516
-87374 -130060
-88307 -131004
-89596 -131842
-90017 -133068
-89131 -132827
-89276 -133701
-89814 -133566
-90565 -135557
-90432 -135731
-90010 -137187
-89823 -138207
-91717 -137954
-91911 -139200
-91581 -140435
-91789 -141160
-91028 -141273
-89534 -141548
-90810 -142497
-91727 -142938
-91710 -143226
-91823 -144303
-87707 -143281
-87481 -144735
-89007 -144412
-89701 -144540
-89400 -147204
-89603 -147378
-89856 -147563
-88976 -148825
-87800 -146904
-87002 -146934
-87304 -147754
-85693 -146173
-84780 -147141
-84425 -145301
-83372 -143908
-83201 -144357
-82519 -143922
-81618 -143436
-81417 -142516
-85064 -141978
-85909 -142088
-86298 -140559
-87751 -139566
-87706 -139219
-88097 -136545
-87786 -137845
-87408 -138289
-86859 -138548
-85459 -137536
-85812 -136679
-84696 -136758
-84315 -134863
-83215 -137044
-84486 -138055
-85376 -137879
-86616 -138710
-86849 -139135
-86416 -139476
-81542 -138138
-82953 -139016
-84465 -139618
-84523 -141113
-83991 -141947
-82120 -142298
-80898 -142374
-81112 -142603
-81141 -143065
-80961 -143475
-79813 -142880
-79245 -142043
-80170 -144960
-80172 -144268
-81000 -144023
-79816 -147310
-80451 -145680
-82262 -145138
-81811 -147686
-82644 -146326
-83377 -146748
-83851 -147248
-84628 -148231
-85254 -148228
-85313 -148544
-84390 -148767
-83877 -149841
-82674 -149640
-82394 -149773
-82698 -150425
-81382 -153307
-83402 -153142
-83767 -153712
-85728 -151853
-84863 -151312
-86903 -151474
-85026 -150797
-85120 -149592
-85104 -149446
-85583 -148952
-86049 -148543
-87178 -148634
-87851 -149456
-89009 -149842
-89068 -150409
-90499 -149781
-91887 -152492
-90707 -152367
-89523 -151788
-88779 -152769
-89691 -152703
-91236 -155189
-91216 -155504
-89796 -155718
-89403 -154188
-88721 -154096
-88788 -154462
-87539 -154252
-88485 -154522
-88503 -155538
-89179 -156371
-88882 -156811
-87354 -156841
-85902 -156989
-85686 -156745
-84991 -156921
-82490 -157175
-81300 -156147
-80112 -157440
-79672 -157349
-77682 -157011
-77239 -157676
-77007 -157133
-76884 -157481
-75967 -157937
-74723 -155912
-72559 -155535
-71530 -154730
-71767 -153787
-72942 -153946
-74796 -153922
-74417 -153696
-73786 -152613
-74049 -151903
-75266 -151202
-77365 -154304
-77514 -155134
-77351 -154198
-77171 -153982
-77039 -152895
-76991 -152658
-78114 -151312
-79769 -153191
-79153 -151458
-77927 -150554
-79570 -148930
-79057 -148905
-77614 -148883
-76747 -148812
-77133 -150511
-76954 -150943
-72165 -149208
-71254 -149082
-70920 -149227
-69843 -148827
-72677 -147252
-73070 -147837
-73883 -148068
-74999 -148839
-74679 -145922
-73124 -144963
-74118 -144052
-76418 -143803
-77489 -145928
-77008 -142239
-77478 -140273
-76165 -141294
-75692 -142927
-73860 -141581
-73768 -142082
-73447 -140382
-72403 -141103
-72716 -141932
-73245 -142890
-72194 -143457
-71971 -143913
-70274 -143543
-67771 -141432
-66880 -140524
-66692 -140767
-66838 -142257
-66667 -143111
-64042 -136835
-63653 -137640
-62627 -134897
-62320 -135878
-59646 -138469
-60264 -138537
-61432 -138260
-62475 -138021
-64009 -138911
-64597 -139849
-63744 -140456
-62803 -140665
-61140 -140324
-57843 -139680
-59002 -140939
-59544 -141071
-59850 -141312
-58539 -143575
-58213 -146224
-60070 -146187
-61164 -147398
-62250 -146918
-63493 -147237
-63060 -150634
-63139 -151909
-63818 -151275
-64277 -149680
-64002 -148810
-64670 -148590
-64318 -147574
-63943 -147004
-62770 -145559
-64002 -144545
-62900 -143981
-61337 -144974
-60379 -144736
-59848 -143758
-60068 -143073
-61131 -142603
-62273 -142113
-62760 -141523
-63297 -141346
-64240 -141617
-64493 -142219
-65225 -143326
-66748 -144087
-68018 -143525
-69053 -144174
-69835 -144835
-69406 -145602
-70630 -145885
-71677 -145191
-72437 -145127
-72899 -146468
-72369 -146872
-72059 -147140
-70613 -147526
-69407 -147269
-69267 -147598
-69187 -148998
-66947 -145861
-67345 -146459
-67026 -147512
-66464 -148938
-67693 -149291
-68689 -151305
-69471 -150284
-70700 -149571
-71322 -150250
-73042 -150112
-73143 -151264
-72914 -152083
-72568 -152612
-70303 -152903
-71128 -153710
-68785 -154214
-67959 -155196
-70512 -156609
-69916 -157571
-68938 -158030
-65401 -158025
-64578 -157564
-64366 -156431
-65972 -156618
-67777 -155682
-65861 -155489
-65553 -155673
-69388 -152803
-68246 -153083
-67115 -152874
-66133 -153943
-66019 -153913
-64757 -154361
-63660 -154152
-64253 -155875
-61809 -157051
-62135 -154740
-61970 -155232
-60832 -156016
-60677 -156508
-57917 -156516
-57545 -154482
-58131 -153434
-59389 -150920
-60506 -151391
-60502 -153970
-60776 -153008
-61248 -150122
-60452 -150550
-60139 -150697
-59907 -149037
-58884 -149179
-59083 -150083
-58880 -150325
-58439 -150246
-58547 -151371
-57639 -151612
-55964 -148861
-56016 -150799
-56661 -151485
-57047 -153228
-56800 -154051
-56702 -154718
-54976 -155667
-53988 -152380
-53890 -152041
-52482 -151177
-53141 -149281
-54756 -146440
-53611 -147889
-52671 -148527
-51205 -149782
-49387 -149577
-49421 -150289
-48563 -151312
-50067 -150869
-50138 -152659
-51917 -151389
-52127 -151663
-52061 -153201
-52566 -154514
-53334 -155354
-55246 -155814
-55402 -155552
-57090 -156062
-57199 -156445
-57361 -156815
-57364 -156894
-54898 -157852
-53760 -157168
-53577 -157322
-52186 -156921
-51697 -156254
-49400 -157460
-49067 -155351
-48904 -155409
-46510 -156734
-46584 -155601
-46272 -156524
-45911 -156773
-45618 -156652
-43082 -157918
-43493 -156111
-43124 -156683
-42370 -156399
-46158 -154852
-46003 -154555
-47917 -152314
-46865 -149695
-46952 -149955
-45123 -149455
-46694 -150676
-45729 -151454
-46487 -153302
-45543 -154308
-45314 -154376
-45880 -152488
-45000 -153919
-43395 -153535
-42431 -154146
-41957 -154291
-41407 -153738
-41141 -154923
-41306 -155516
-40885 -156585
-40950 -153568
-42382 -151074
-41183 -149399
-41840 -151032
-41089 -152148
-38201 -153285
-37545 -152477
-39100 -151665
-39647 -150996
-39544 -150439
-39146 -150147
-38666 -151287
-37314 -149052
-36088 -149249
-36346 -150411
-37552 -151061
-37253 -152354
-35024 -151065
-35462 -151729
-33353 -152730
-33588 -150563
-33646 -149092
-33528 -150214
-33253 -150938
-33316 -151185
-32485 -151665
-32398 -152214
-30408 -152707
-32081 -152781
-33641 -154063
-33850 -153530
-34872 -152777
-35335 -153147
-35507 -154805
-35485 -153175
-36854 -152858
-37865 -154296
-39171 -154021
-39762 -154223
-40026 -155347
-39926 -156065
-39902 -157387
-38616 -158035
-38055 -157602
-36196 -157934
-35304 -157799
-34591 -156798
-34382 -156293
-34002 -156587
-28842 -157745
-31461 -154888
-30457 -155189
-29548 -155413
-29366 -154354
-28269 -155192
-27952 -155943
-25804 -157218
-24439 -157319
-24559 -156143
-24129 -155729
-24140 -154231
-25440 -153390
-24614 -153245
-24391 -151025
-24079 -150559
-24380 -149711
-25871 -151069
-27657 -154234
-27624 -153139
-27656 -153080
-28170 -153024
-28138 -152546
-28459 -151619
-29372 -150137
-27630 -150460
-27603 -150006
-26974 -149943
-25226 -149874
-24905 -148218
-26259 -148466
-28236 -148022
-29319 -147130
-29179 -147222
-28068 -146232
-26877 -146879
-26771 -147060
-25773 -147283
-25402 -145877
-25716 -144209
-26488 -144105
-25525 -142369
-27548 -143227
-28393 -144284
-29151 -143328
-30207 -143445
-30613 -148573
-32367 -148195
-31133 -147737
-31321 -146700
-32507 -146206
-38156 -147146
-39453 -147892
-41004 -146468
-39824 -144096
-37964 -143074
-37582 -140445
-37290 -142392
-37283 -142550
-37399 -139290
-37062 -139219
-38038 -138365
-37862 -138098
-35163 -140093
-36404 -140593
-36290 -140992
-36107 -142549
-35477 -143950
-37093 -143208
-38278 -143798
-38335 -143717
-39593 -144220
-40148 -145888
-39319 -146208
-39322 -146665
-38190 -146724
-36462 -146504
-36084 -146200
-35779 -144740
-34678 -145706
-33141 -145777
-31585 -144717
-31276 -142378
-32795 -141518
-33048 -139600
-32277 -135844
-34760 -135124
-34803 -137410
-35416 -136449
-36196 -136031
-36480 -134389
-38766 -135533
-38179 -135043
-39529 -133179
-39464 -132971
-41811 -131839
-42465 -131493
-42630 -130825
-43525 -129379
-42234 -128017
-42091 -128180
-39044 -129392
-39622 -129983
-40006 -131014
-38717 -132804
-38201 -132260
-38231 -133236
-37062 -133728
-35679 -131986
-36413 -133637
-35272 -134402
-34807 -133597
-34195 -133955
-32940 -132464
-33085 -130956
-32283 -132142
-32384 -129947
-31113 -130563
-29823 -132318
-28398 -134179
-29527 -133633
-31025 -133134
-31730 -132919
-32210 -133287
-31575 -135067
-29047 -136545
-29758 -137146
-31982 -136832
-32221 -137107
-32165 -138705
-31753 -140226
-28782 -139285
-29548 -139903
-30607 -140174
-30618 -141300
-29898 -142761
-28713 -142155
-27465 -141877
-26508 -141313
-25254 -140525
-26478 -139599
-26994 -138701
-25543 -138984
-25335 -138013
-25197 -137385
-26201 -135920
-24686 -135754
-25371 -134463
-25515 -134351
-26446 -133918
-25207 -133412
-26799 -132131
-26661 -132032
-27524 -130421
-26876 -131543
-25991 -131270
-25253 -131429
-24325 -131396
-24541 -129682
-24042 -128693
-27076 -126466
-28653 -127229
-28167 -129207
-28508 -128645
-28620 -127975
-29957 -128236
-29852 -127339
-33571 -126746
-33396 -126224
-35359 -129862
-35165 -128591
-34872 -126480
-34664 -125120
-35680 -124212
-36983 -127240
-37912 -126343
-39575 -126432
-40119 -127092
-40781 -125926
-39597 -125813
-38480 -126163
-37658 -124439
-37490 -124380
-37035 -123152
-36234 -122741
-36676 -121552
-36263 -120895
-35345 -117172
-36520 -116219
-38534 -117108
-38012 -116586
-36046 -115814
-36201 -113228
-38626 -113440
-41481 -113369
-43060 -115569
-42377 -116202
-42200 -116577
-39777 -116274
-41723 -118315
-40344 -118923
-38395 -119435
-39102 -119553
-38577 -121961
-39278 -120576
-39529 -120381
-41501 -121640
-41655 -123946
-42048 -123567
-43293 -124479
-43325 -124358
-43466 -123507
-42653 -123234
-43285 -120571
-41967 -119441
-41906 -119354
-43672 -118014
-43929 -118218
-44477 -118206
-44191 -118023
-45527 -117224
-44449 -117068
-43364 -116704
-43297 -116119
-44257 -115850
-44028 -115032
-44212 -114204
-43081 -113224
-45348 -112503
-44531 -111880
-44809 -111150
-44950 -109641
-48104 -112313
-47994 -112106
-48040 -112015
-48260 -112090
-49232 -112208
-50210 -110912
-48936 -111666
-48129 -110796
-47725 -109819
-48310 -110807
-47952 -109709
-50187 -109722
-49881 -109274
-51822 -107019
-53204 -106886
-54682 -106673
-53552 -106819
-54121 -105103
-55734 -106339
-56989 -105928
-56561 -106011
-55447 -105525
-55462 -104793
-55448 -104105
-55008 -103974
-54016 -104517
-52982 -102558
-52062 -102206
-52116 -99181
-51189 -100106
-48932 -100530
-50894 -102427
-51814 -103629
-49609 -104390
-49322 -104844
-49552 -104958
-50424 -104501
-51556 -105563
-50996 -106831
-50818 -108133
-49808 -109136
-47912 -109228
-47486 -108806
-47637 -107798
-49028 -106060
-48304 -106783
-47624 -106655
-47222 -104952
-46463 -104254
-47385 -103496
-47295 -103446
-46931 -103565
-48825 -102756
-48188 -102795
-45759 -102691
-45952 -101243
-43394 -101764
-43172 -102349
-41844 -102401
-41325 -102929
-41376 -103422
-43040 -103070
-43078 -103328
-44237 -103606
-45311 -102992
-45824 -103756
-45443 -104957
-46145 -104747
-46954 -105819
-47326 -106838
-47011 -107139
-46226 -106736
-45196 -106561
-44720 -106271
-42290 -105978
-43958 -106197
-44637 -106454
-44854 -106496
-43300 -106542
-43663 -106576
-44612 -106740
-44783 -108121
-44517 -109681
-43958 -109969
-43122 -110669
-42306 -112003
-41937 -112148
-41703 -112831
-41362 -113050
-41072 -113163
-40177 -110860
-39679 -112971
-38760 -113194
-37888 -112763
-35773 -111850
-35285 -111094
-34083 -110363
-33369 -110835
-34393 -111353
-34637 -112187
-31566 -110706
-31975 -111862
-31614 -112089
-30712 -110795
-29332 -110687
-30017 -110811
-28780 -111297
-27909 -109910
-27521 -110138
-27799 -110306
-27771 -114406
-28674 -113679
-28931 -112308
-30121 -111172
-30637 -113418
-31923 -112732
-33061 -113092
-34521 -112855
-35375 -114699
-32316 -117447
-31802 -115949
-30492 -116365
-31096 -116665
-29544 -117006
-30686 -119124
-31373 -118530
-32367 -117690
-33804 -118006
-34245 -118464
-34892 -119761
-34418 -121998
-32630 -122795
-33462 -123861
-33679 -124652
-32362 -125210
-31005 -125517
-30083 -125215
-29148 -124492
-30029 -122346
-28125 -123371
-27907 -125456
-27662 -125803
-26590 -125718
-25422 -125808
-24790 -125514
-24588 -124216
-24987 -123176
-25996 -122676
-27304 -123314
-25938 -120918
-26433 -119732
-28329 -121273
-27819 -120617
-27970 -119704
-28139 -118510
-27755 -118371
-26220 -118467
-24463 -117270
-27127 -116392
-25216 -116182
-24249 -114909
-25780 -113998
-24281 -112661
-24583 -112428
-24897 -112042
-25914 -111745
-25416 -110051
-25904 -109037
-25647 -108175
-24597 -108861
-24033 -106361
-24018 -106272
-23933 -104647
-24067 -103476
-25347 -104061
-27316 -105780
-27433 -107467
-28327 -107513
-28916 -108042
-29254 -106395
-29243 -108194
-30415 -102973
-31453 -104847
-29825 -105888
-30277 -106354
-30816 -106215
-30932 -106324
-32070 -106280
-32596 -105817
-33180 -107435
-33398 -107775
-35136 -107649
-34200 -109246
-35510 -109256
-35904 -108913
-38131 -109708
-40006 -107866
-39463 -107610
-40571 -106948
-39664 -104786
-39965 -106247
-39289 -107038
-38010 -106848
-37661 -106750
-36341 -107219
-35126 -107011
-34240 -107387
-33250 -106799
-33352 -105794
-33074 -104416
-33467 -103042
-32787 -102774
-33650 -102987
-34537 -103015
-34838 -103325
-35506 -104453
-36605 -102688
-37279 -104539
-37759 -104909
-38070 -105060
-38042 -104823
-38191 -104332
-38003 -103967
-39323 -102350
-38124 -101578
-37502 -101329
-36966 -101908
-36058 -102218
-35711 -102669
-34682 -102789
-34722 -100164
-37855 -97911
-37571 -98018
-36372 -97511
-33258 -96423
-32560 -95584
-30929 -96935
-31501 -96583
-32784 -97222
-32967 -97450
-32853 -97601
-32400 -98435
-33258 -100093
-33611 -101578
-33454 -101944
-32570 -102411
-31485 -101885
-31073 -99862
-29802 -101121
-28729 -101564
-28669 -102252
-29799 -101817
-29936 -102675
-29586 -103443
-28207 -104180
-26635 -104328
-26255 -102809
-25820 -101967
-25926 -102791
-25633 -103088
-25280 -103168
-24592 -102572
-23924 -100769
-25150 -98861
-25481 -98660
-25095 -97712
-26318 -96685
-28042 -98686
-29732 -98798
-28954 -98522
-30739 -97250
-30314 -97037
-29627 -96855
-27624 -97531
-27363 -97373
-26801 -94602
-30152 -94458
-33607 -92927
-32711 -92383
-31190 -92856
-30958 -93094
-29244 -93827
-28264 -93642
-28276 -92403
-27679 -93458
-26933 -93341
-24818 -92539
-24815 -92514
-24652 -91845
-24503 -91662
-24180 -90744
-33075 -90775
-34699 -90079
-35017 -91680
-34971 -94276
-35020 -94214
-36147 -97218
-35654 -95757
-36654 -94630
-38731 -94649
-37884 -94016
-36350 -93904
-36487 -92928
-35906 -91159
-36477 -90435
-36995 -90162
-37563 -90944
-38606 -91005
-40843 -90621
-41020 -90066
-41881 -90718
-38675 -93325
-39325 -92904
-39891 -92859
-41137 -92438
-41788 -91903
-42041 -91930
-41732 -93730
-41889 -94752
-43530 -95397
-44027 -97949
-41310 -96676
-42031 -97345
-42523 -98729
-42500 -98937
-39666 -98197
-40651 -100551
-41632 -100208
-42576 -99620
-45513 -98683
-47387 -98446
-46107 -97900
-45138 -97095
-44958 -96379
-44890 -96104
-44223 -94582
-44249 -94357
-43767 -94064
-46985 -95930
-47273 -96906
-49013 -95709
-47977 -95840
-47049 -95411
-46336 -94357
-46003 -93799
-45541 -92499
-44656 -92935
-42983 -93077
-42352 -92650
-43020 -91523
-43244 -91250
-44592 -91266
-46365 -90296
-47123 -91512
-47168 -90824
-47628 -92088
-47691 -91740
-48939 -91742
-48825 -93584
-49593 -92506
-51687 -90014
-51699 -90375
-51798 -91759
-51655 -93334
-52284 -94709
-55265 -93789
-53049 -92705
-52692 -90936
-56064 -90295
-56458 -90251
-56295 -91226
-57280 -90785
-57972 -90337
-58082 -90269
-58767 -90179
-61177 -90318
-62739 -90657
-63752 -90594
-64319 -91193
-64632 -91226
-64803 -91082
-65780 -91208
-64117 -93400
-64346 -93279
-65443 -93336
-65384 -92286
-66222 -91673
-68852 -94451
-66012 -95495
-67364 -96037
-68258 -95763
-68460 -97479
-68692 -98263
-69276 -97995
-70102 -101780
-69153 -102097
-68544 -101701
-67982 -100557
-66747 -100871
-66188 -100824
-64063 -102753
-62776 -104320
-61237 -104500
-60076 -102704
-63538 -100581
-63066 -100315
-62514 -99939
-62563 -98561
-65423 -98663
-65947 -98162
-65653 -96354
-64687 -96021
-63851 -95251
-61896 -95179
-62036 -95427
-62707 -96147
-63582 -96253
-64291 -96426
-64828 -96611
-65351 -97211
-65332 -98541
-63933 -98289
-61762 -98295
-60207 -95707
-60832 -93690
-60514 -93377
-59002 -93357
-59908 -93471
-58560 -93472
-58443 -94278
-58674 -94006
-60115 -94349
-56004 -95685
-57382 -95489
-58469 -95641
-59719 -96445
-60286 -96712
-59849 -97990
-61474 -98773
-62150 -99488
-61710 -99931
-60790 -100708
-60536 -101040
-59219 -101828
-58377 -100560
-57406 -98593
-57358 -99618
-57252 -100055
-55031 -98456
-55436 -99048
-54631 -99689
-54434 -100010
-54864 -100632
-55818 -100872
-57241 -102654
-57658 -102863
-58081 -103066
-58362 -103374
-59428 -103124
-59659 -103181
-60265 -103277
-60191 -103908
-61168 -106619
-61479 -106075
-60317 -109337
-61667 -110623
-61892 -109737
-61416 -109309
-61320 -108930
-63505 -109961
-62504 -110852
-62743 -111026
-62093 -112406
-59852 -112573
-59571 -107603
-58066 -108087
-58395 -108420
-57798 -110087
-57919 -110571
-58113 -110890
-57381 -111681
-57545 -110128
-56292 -109131
-56131 -109471
-54805 -108963
-56029 -109644
-57031 -111434
-56661 -112459
-56023 -112683
-55672 -112915
-53995 -114054
-53973 -112094
-53762 -112179
-54310 -109682
-53184 -110997
-53066 -112314
-51788 -112534
-51108 -113685
-51325 -114617
-49280 -115460
-47071 -115309
-49263 -116726
-50242 -115868
-51636 -115369
-52721 -116132
-53101 -115804
-53616 -115888
-49612 -118168
-45580 -120162
-46650 -120230
-46000 -122026
-47151 -122117
-46827 -121455
-48718 -123167
-48295 -121783
-48097 -120476
-49292 -119588
-49604 -123180
-50746 -125414
-49200 -127480
-48295 -124475
-48305 -125628
-47352 -126332
-47566 -127273
-46910 -128825
-45620 -127852
-45708 -126078
-44795 -124980
-44789 -126757
-44022 -126491
-44396 -127543
-44959 -127796
-45306 -128079
-46308 -129167
-46762 -131583
-47237 -131974
-41206 -134759
-41915 -134708
-42023 -134707
-40939 -136954
-42383 -135830
-43411 -137059
-43351 -136268
-43931 -134917
-45020 -133997
-46066 -133474
-47020 -133795
-45561 -135892
-45603 -135950
-45606 -136421
-46896 -136977
-46668 -136589
-47262 -135593
-47821 -135683
-48481 -134710
-48089 -134688
-48112 -134043
-48929 -133083
-48381 -131349
-48752 -130464
-48823 -130381
-49970 -130895
-49782 -130017
-50234 -129720
-50707 -129621
-51133 -128793
-51066 -127321
-51610 -126001
-53186 -129273
-53594 -128300
-54848 -128922
-56116 -128305
-54474 -126947
-54681 -126020
-53161 -125499
-51291 -124918
-51422 -123963
-50750 -124258
-50088 -123435
-50271 -123183
-51783 -121808
-50975 -122180
-50407 -121299
-50421 -121252
-51139 -119728
-51916 -118985
-52285 -119009
-53056 -120452
-52856 -120067
-54283 -119952
-53822 -122301
-58866 -125425
-56035 -123663
-55876 -121774
-56236 -121327
-60013 -120322
-60673 -120460
-60365 -121711
-60697 -121652
-61228 -121301
-62317 -123344
-59888 -123868
-59356 -124625
-61359 -125258
-62321 -124825
-62895 -123463
-63006 -122911
-65041 -124258
-65070 -123930
-65510 -122035
-65883 -122440
-66702 -122343
-65020 -121883
-64943 -121933
-63441 -120947
-63035 -118914
-61414 -116878
-61353 -119758
-59975 -119186
-59826 -119626
-58149 -119952
-57748 -120237
-57350 -120203
-55222 -119704
-54986 -118881
-53349 -118982
-53703 -117214
-54645 -115959
-54987 -116511
-55582 -115905
-55700 -117213
-56664 -116568
-56155 -115600
-55561 -114328
-56332 -113954
-57287 -113746
-58719 -113493
-59340 -114485
-61239 -113815
-62591 -114176
-63228 -113969
-63446 -113501
-63742 -113053
-62911 -115281
-63184 -115143
-64055 -114860
-65796 -115864
-65318 -116879
-65922 -117174
-66257 -117869
-66438 -117569
-66811 -118346
-62555 -116995
-64482 -118648
-65381 -119461
-67188 -118825
-67297 -118929
-67092 -120429
-67821 -119076
-70692 -118049
-71219 -117890
-73347 -117684
-71639 -117546
-70910 -117169
-74517 -116265
-71799 -115815
-71641 -115965
-69789 -116294
-68527 -117219
-68098 -117763
-66957 -116913
-66573 -116115
-68561 -115192
-69767 -114155
-71450 -114726
-72071 -113819
-72844 -113236
-73078 -113159
-73592 -112772
-73324 -112835
-73641 -112363
-72650 -111229
-73895 -109436
-72429 -108693
-72108 -108639
-71726 -110222
-70404 -109933
-70884 -110793
-70382 -111765
-69237 -112919
-69567 -113727
-68997 -113015
-69296 -113851
-67894 -114699
-66439 -115149
-66074 -114319
-64574 -114138
-64643 -113241
-64134 -112951
-66393 -112237
-68093 -111240
-67878 -111329
-67349 -109183
-66640 -108418
-65702 -110036
-66427 -111566
-65558 -112047
-64170 -112135
-63539 -111518
-63712 -111318
-63719 -110062
-64097 -109476
-63301 -108482
-62275 -107841
-62211 -106260
-62452 -105713
-64240 -106784
-65387 -107212
-66152 -106389
-64943 -106728
-64714 -104843
-64866 -103613
-65541 -102146
-66604 -101931
-66855 -103304
-67710 -102834
-68599 -102220
-69016 -102458
-68975 -103530
-68146 -105309
-67906 -106218
-68124 -105514
-68604 -107038
-69800 -105628
-69611 -105219
-69889 -104754
-73138 -103325
-74625 -106862
-74019 -107395
-75575 -106335
-75277 -106081
-77501 -105606
-76898 -104781
-75675 -105238
-74782 -103890
-74612 -102610
-73973 -102872
-73593 -102756
-73072 -102559
-72579 -103110
-71139 -103164
-70744 -102876
-70785 -102560
-70899 -101498
-72737 -100452
-71691 -100994
-70814 -100639
-70909 -99465
-70688 -98993
-72904 -98683
-73428 -99762
-73880 -99777
-75442 -100661
-75190 -99556
-76371 -98407
-77902 -100917
-77676 -101926
-76411 -102276
-78989 -102514
-79138 -103844
-80347 -102694
-79859 -102484
-80599 -100640
-79405 -101254
-78676 -101309
-78226 -100424
-77921 -99754
-77510 -99289
-81166 -98838
-82647 -100760
-84884 -102413
-84284 -101530
-84347 -101141
-85222 -99174
-84952 -98900
-83492 -97528
-82299 -96277
-80735 -96962
-79915 -97373
-79480 -97826
-78553 -98316
-78024 -98470
-76464 -97964
-76825 -96558
-75928 -95192
-76523 -94628
-75596 -95330
-75459 -97178
-75295 -97442
-74849 -98605
-73812 -98367
-72599 -97434
-74131 -96083
-72546 -95516
-72188 -96374
-72222 -97498
-71871 -98136
-70306 -97769
-69484 -96925
-69614 -96666
-69689 -94889
-71255 -94686
-69834 -93521
-69355 -93080
-68981 -91991
-69619 -90701
-72852 -90203
-73225 -92887
-74319 -92987
-73830 -91740
-74268 -91615
-76932 -90677
-76805 -91662
-77804 -91650
-79602 -93530
-80829 -95381
-80090 -94017
-83486 -94501
-86004 -94239
-85156 -95736
-85768 -95602
-85173 -96218
-87424 -97993
-87691 -99363
-88540 -98743
-88494 -97376
-88019 -97415
-87647 -97417
-86424 -96400
-87219 -95318
-87531 -95329
-87514 -94570
-87966 -93720
-86686 -93432
-85478 -92717
-85379 -93505
-84752 -94149
-83809 -94003
-82353 -92755
-80791 -93320
-79558 -93043
-79539 -92353
-79577 -92192
-80133 -91699
-82084 -90767
-84785 -90375
-88334 -90143
-91688 -90883
-91214 -91772
-90600 -91904
-90594 -92357
-90551 -92689
-91304 -93676
-91247 -93919
-90881 -96150
-91419 -95917
-90803 -96992
-91861 -96900
-91953 -98274
