2619
370425825 548529715
369587794 549262403
368490119 550218097
367340029 551214586
365942737 552418644
364891416 553319820
363701228 554335136
362723891 555165009
361441498 556248656
360564231 556986548
359413019 557950676
358294681 558882748
357167745 559817503
355965974 560809401
354673308 561870676
353584787 562759838
352321926 563786276
351223229 564674824
350094424 565583424
349029878 566436332
347797151 567419199
346584409 568381149
345237886 569443458
344386673 570111897
342975769 571214579
342001726 571972021
340616290 573044033
339432143 573955353
338448996 574708543
336976608 575830735
335963996 576598487
334939416 577371997
333504504 578449712
332443784 579242223
331339944 580063216
329999745 581054910
328992294 581796725
327684399 582755105
326446645 583657264
325130942 584611124
323995882 585429809
322864839 586241735
321772969 587021902
320337200 588042381
319135616 588891709
318016736 589678747
316813997 590520672
315671764 591316326
314380880 592210959
313050809 593127705
311629449 594101743
310646907 594771683
309192481 595758324
308017009 596551347
307016348 597223362
305603461 598167426
304567805 598855887
303206391 599756355
301947050 600584739
300741474 601373661
299446052 602216932
298050268 603120408
296993117 603801167
295615046 604684045
294211408 605578048
293289744 606162201
291806285 607097661
290814834 607719605
289443701 608575442
288165438 609368852
286791504 610216870
285755002 610853358
284172802 611819563
283087691 612478468
281636908 613354681
280387277 614105082
279182719 614824644
277774446 615661225
276452915 616441713
275393288 617064344
274028638 617862055
272679286 618646248
271648598 619242194
270343021 619993301
269076999 620717632
267726713 621485829
266297296 622294182
265229310 622894889
263914800 623630454
262228635 624567869
261018625 625236348
259787522 625912876
258373395 626685514
257363624 627234311
255809322 628074328
254752018 628642483
253113442 629517796
251841735 630192795
250624814 630835180
249547963 631400753
248081951 632166397
246546996 632962730
245169057 633672990
243962398 634291391
242649178 634960628
241223304 635682835
240152417 636222212
238581514 637008749
237278965 637656714
235957138 638310382
234706619 638925194
233290608 639617169
231897598 640293564
230841255 640803627
229550383 641423597
227978006 642173823
226521073 642864140
225533431 643329468
223819037 644132174
222628511 644685852
221229361 645332646
219928043 645930435
218519033 646573601
217302003 647125720
215867063 647772643
214589225 648345059
213018233 649044059
212006417 649491502
210517053 650146208
209163542 650737160
207849711 651307126
206223945 652007437
204883820 652580579
203688989 653088447
202087557 653764522
200810366 654299929
199281103 654936607
197882611 655514655
196492943 656085106
195137742 656637629
193906627 657136335
192566923 657675549
191275064 658192079
189788962 658782127
188351468 659348664
187004242 659875877
185598522 660422126
184396913 660885946
182905977 661457468
181510572 661988390
180013962 662553554
178639007 663068897
177158160 663619787
175783788 664127231
174670398 664535616
172912934 665175339
171727168 665603577
170458337 666058802
168967941 666589551
167385120 667148533
166105561 667596901
164653399 668101953
163337700 668556067
162023062 669006520
160543191 669509659
158860734 670076630
157787678 670435444
156165394 670973785
154731977 671445331
153322483 671905245
151971057 672342717
150585051 672787837
149306461 673195284
147751301 673686765
146528506 674070054
144721364 674631439
143627071 674968445
141908741 675493177
140425653 675941706
139330959 676270183
137741162 676743314
136296414 677169270
134687160 677639246
133291094 678043144
132157177 678368594
130678221 678789573
129007356 679260418
127877740 679575885
126363178 679995248
124794710 680425189
123479208 680782384
121853129 681219626
120541811 681568789
119107561 681947172
117771648 682296316
116227698 682695880
115025844 683003984
113161612 683476833
111708529 683841137
110305297 684189408
109067582 684493720
107448870 684887643
105929000 685253326
104739020 685536812
103199462 685899904
101820514 686221603
100320588 686567762
98751592 686925672
97485297 687211412
96186610 687501573
94728417 687823890
93010749 688198844
91429234 688539574
90347767 688770088
88695025 689118482
87469248 689373840
85940387 689688725
84470051 689987777
82769362 690329067
81649261 690551148
79940575 690885803
78664659 691132454
77005868 691448978
75595988 691714332
74308594 691953686
72850290 692221424
71150420 692528970
69695263 692788363
68257900 693041075
66779389 693297389
65337446 693543819
64005817 693768291
62448185 694027081
60848204 694288670
59663741 694479561
57954568 694750877
56633774 694957197
54872984 695227718
53673680 695409014
52206113 695627603
50839734 695827898
49333152 696045146
47551350 696297216
46006892 696511448
44714667 696687655
43028379 696913438
41756051 697080682
40531019 697239181
38661745 697476259
37282715 697647465
35806294 697827289
34455565 697988660
32984399 698161004
31423639 698339955
29863702 698514814
28722937 698640158
26913748 698834570
25431825 698989820
24131077 699123126
22773316 699259321
20862419 699445896
19416865 699583072
18187614 699697038
16846664 699818548
15167777 699966546
13795879 700084073
12094006 700225608
10705900 700337558
9326250 700445721
7686867 700570223
6024625 700692003
4597020 700793011
3274769 700883615
1685996 700988730
261582 701079491
-972338 701155456
-2645055 701254496
-4035642 701333383
-5861398 701432203
-7204102 701501436
-8588703 701569776
-9941796 701633565
-11520777 701704262
-13115467 701771574
-14740230 701835930
-16062113 701885144
-17699621 701942197
-19142607 701988885
-20323079 702024581
-22167842 702075863
-23610496 702112142
-24833166 702140261
-26524460 702175184
-27983176 702201600
-29210260 702221166
-30777786 702242629
-32638434 702262966
-34139604 702275308
-35270886 702282209
-37104275 702289014
-38432253 702290561
-40025237 702288668
-41490282 702283318
-42804428 702275576
-44320682 702263185
-46012212 702244991
-47202103 702229429
-49010026 702201417
-50102187 702181942
-51540790 702153355
-53327116 702113213
-54702402 702078803
-56016920 702043061
-57496910 701999484
-59326593 701940726
-60522512 701899400
-62211979 701837084
-63733098 701777035
-64906145 701728174
-66796697 701644747
-67893597 701593695
-69711366 701504809
-71030595 701436955
-72363284 701365548
-74149809 701265316
-75712766 701173387
-76974149 701096311
-78542303 700996895
-79952925 700904059
-81517629 700797306
-83123109 700683642
-84252912 700601145
-86156968 700457421
-87205819 700375733
-88856256 700243569
-90292058 700124987
-91631581 700011330
-93591073 699839804
-94928612 699719126
-96493925 699574190
-97619868 699467463
-99228245 699311415
-100569518 699178048
-102066132 699025762
-103615895 698864203
-105319304 698682087
-106580507 698544184
-108170994 698366554
-109511856 698213576
-111276972 698007690
-112387846 697875488
-114081842 697669979
-115770514 697460409
-117231448 697275308
-118390481 697125951
-120142487 696895968
-121689655 696688653
-122771587 696541323
-124608362 696286762
-125651936 696139639
-127113768 695930509
-128892170 695671302
-130264886 695467627
-131612416 695264635
-133125536 695033091
-134476115 694823192
-136247796 694543226
-137677459 694313478
-139365008 694037881
-140405776 693865530
-142168878 693569411
-143747640 693299818
-145107670 693064212
-146365240 692843582
-147873896 692575381
-149402573 692299698
-150778442 692048192
-152275878 691770821
-153747090 691494603
-155458592 691168645
-156587447 690950927
-158323013 690611960
-159399858 690399063
-160997618 690079529
-162661499 689742132
-163938085 689480054
-165594159 689135903
-166763955 688889966
-168242435 688575764
-169793010 688242194
-171130746 687951078
-172921065 687556631
-174325744 687243263
-175851764 686898947
-176944414 686649927
-178610790 686266153
-180182890 685899655
-181446539 685601937
-183022484 685226728
-184141313 684957711
-185803315 684554037
-187377277 684167270
-188603627 683862898
-190062382 683497389
-191768433 683065147
-193006204 682748322
-194339527 682403998
-196104463 681943355
-197539751 681564660
-198964309 681185162
-200183106 680857598
-201473876 680507791
-203067929 680071668
-204574792 679655200
-205897375 679286294
-207564774 678816710
-208641887 678510693
-210360158 678018165
-211498579 677688894
-213198726 677192761
-214300913 676868308
-215810385 676420361
-217259209 675986487
-218689818 675554290
-220147699 675109982
-221561704 674675303
-223091500 674200870
-224333535 673812493
-226136823 673243521
-227385083 672846128
-228609900 672453375
-230118217 671965863
-231615921 671477567
-232897973 671056235
-234241549 670611365
-235800268 670090994
-237082211 669659582
-238564808 669156760
-240167420 668608539
-241675903 668088048
-243042541 667612747
-244154238 667223475
-245638084 666700196
-246882840 666257965
-248301815 665750196
-249771105 665220319
-251127960 664727275
-252877986 664086078
-254175926 663606667
-255283989 663194785
-256730052 662653646
-258082671 662143758
-259615523 661561573
-260893488 661072648
-262501808 660452738
-263966665 659883654
-265022987 659470630
-266763517 658785217
-268083354 658261425
-269299103 657775844
-270498984 657293683
-272176024 656614905
-273680729 656001029
-275032587 655445586
-276408985 654876230
-277474499 654432814
-278994492 653796236
-280248659 653267410
-281841582 652591067
-283049789 652074570
-284472070 651462676
-285936151 650828399
-287365057 650205043
-288325435 649783677
-290019070 649035871
-291399011 648422102
-292671322 647852635
-293935716 647283308
-295531651 646559836
-296565293 646088362
-298042496 645410591
-299195264 644878421
-300691368 644183477
-302172927 643490516
-303222051 642996933
-304589572 642349954
-305922812 641715259
-307570124 640925664
-308878144 640294445
-310243467 639631541
-311617750 638960112
-312958061 638301232
-314002772 637784884
-315553017 637014169
-316895167 636342546
-318356996 635606408
-319684108 634933917
-320690418 634421317
-321974237 633764004
-323385385 633037147
-324864645 632270294
-326259765 631542433
-327408576 630939692
-328713538 630251301
-330126763 629501319
-331559747 628736073
-332574544 628191228
-333908778 627471178
-335490425 626612143
-336758049 625919365
-337860232 625313883
-339291434 624523308
-340575044 623810067
-341635943 623217570
-343033516 622432877
-344546851 621577823
-345828516 620849282
-346821281 620282189
-348245828 619464204
-349691885 618628728
-350687438 618050514
-352180675 617178605
-353362727 616484435
-354818510 615624679
-355950483 614952453
-357374303 614102291
-358678280 613319149
-359959632 612545350
-361097547 611854629
-362410180 611053695
-363732305 610242447
-365029088 609442320
-366070520 608796559
-367364851 607990005
-368528120 607261346
-369766438 606481733
-371350083 605478753
-372338305 604849474
-373865618 603871741
-375018631 603129445
-376127350 602412260
-377471578 601538234
-378491344 600871873
-380100811 599814347
-381136058 599130334
-382381733 598303337
-383815977 597345779
-384951120 596583818
-385996053 595879198
-387288038 595003707
-388730420 594020687
-389777815 593303127
-390852000 592563937
-392329412 591541824
-393620442 590643462
-394706605 589883887
-395925555 589027328
-397127951 588178109
-398190827 587423861
-399556811 586449577
-400599261 585702296
-402103102 584618503
-403017689 583956030
-404551139 582839579
-405496037 582148053
-406798224 581190545
-408177532 580170615
-409054838 579518815
-410449387 578477777
-411605880 577609818
-412561609 576889348
-414119806 575708493
-415044962 575003713
-416156863 574153037
-417475254 573139215
-418466703 572373093
-419901828 571258450
-420862185 570508781
-422205803 569454825
-423352242 568550804
-424664801 567510403
-425716940 566672248
-426720250 565869510
-428155801 564714996
-429016529 564019399
-430268932 563002725
-431273490 562183332
-432671528 561037154
-433626724 560250111
-434774585 559300078
-436207145 558107875
-437068073 557387883
-438501262 556183422
-439459478 555374005
-440575433 554427148
-441555090 553592195
-442911360 552430450
-443948657 551537349
-445090682 550549455
-446382911 549425751
-447502980 548446674
-448456535 547609406
-449774272 546446666
-450715125 545612407
-451666642 544765220
-453081612 543498895
-454223747 542471037
-455235563 541556170
-456349679 540544114
-457279331 539695839
-458529034 538550067
-459597704 537565270
-460534545 536698139
-461764573 535554185
-462982135 534415687
-463764185 533681177
-465128359 532393819
-465927017 531636504
-467140763 530480421
-468362742 529310155
-469370753 528339978
-470279550 527461528
-471423210 526350952
-472603540 525198759
-473436129 524382321
-474755771 523081967
-475649370 522197005
-476590207 521261372
-477876516 519975680
-478678217 519170539
-479849402 517989010
-480767555 517058303
-482018747 515783664
-483107571 514668441
-483983430 513767267
-485022504 512693407
-486250674 511417422
-486962911 510674106
-488247162 509327555
-489118086 508409765
-490171568 507294566
-491164397 506238499
-492151446 505183664
-493369873 503874744
-494240470 502934837
-495368836 501710826
-496337513 500654764
-497150818 499764297
-498183213 498628929
-499142523 497568860
-500318185 496262993
-501412273 495041025
-502258221 494091727
-503222656 493004673
-504199229 491898692
-505300890 490644659
-506310260 489489684
-507105906 488575188
-508153271 487365851
-509013940 486367348
-509943504 485284081
-511028173 484013659
-512089361 482764008
-513007292 481677635
-514010224 480484866
-514813573 479525053
-515895868 478225721
-516911070 477000362
-517686301 476060327
-518650923 474885366
-519779535 473503171
-520640254 472443583
-521431718 471465032
-522567347 470053839
-523389086 469027420
-524439875 467708373
-525247228 466689893
-526035548 465691178
-527041080 464411143
-528064097 463101718
-528945403 461967858
-529863737 460780572
-530717992 459670780
-531552985 458580983
-532528750 457301099
-533537709 455970398
-534448884 454762240
-535330356 453587606
-536221709 452393891
-536956457 451405389
-537932916 450085327
-538735300 448995101
-539548336 447885298
-540536137 446529961
-541374193 445374019
-542304140 444084749
-543217541 442811607
-543948025 441788516
-544829364 440548281
-545841656 439115777
-546478767 438209770
-547555840 436670253
-548403681 435451373
-549129917 434402345
-549875332 433320798
-550749380 432046343
-551688876 430668826
-552563965 429378554
-553317506 428261878
-554042456 427182613
-555011437 425732378
-555907909 424382758
-556657208 423248810
-557536668 421910955
-558332095 420694423
-559137313 419456546
-559741574 418523350
-560695176 417043153
-561414479 415920500
-562324478 414492568
-563169590 413158706
-563906135 411990042
-564697935 410727238
-565499108 409442588
-566329470 408103723
-567051580 406933200
-567660805 405941124
-568593126 404414779
-569322856 403213165
-570086482 401949129
-570985178 400452748
-571590851 399438857
-572282879 398275017
-573137506 396829694
-574020677 395326653
-574718566 394132060
-575506627 392775720
-576251712 391486041
-576886898 390380914
-577687588 388980304
-578263995 387966761
-579064223 386552262
-579895056 385074456
-580548607 383905297
-581391570 382388486
-581954168 381370567
-582634662 380133281
-583415954 378704445
-584122485 377404611
-584956152 375861312
-585473345 374898601
-586334875 373285845
-586925631 372173316
-587615522 370867149
-588400790 369371175
-588956991 368305561
-589688755 366895873
-590402274 365512776
-591051403 364247046
-591808205 362762278
-592469263 361457228
-593003508 360396920
-593748677 358909503
-594475212 357449617
-595044840 356298247
-595716210 354933475
-596419001 353495714
-597123929 352044068
-597785996 350671866
-598319872 349559044
-598934157 348271546
-599596662 346874380
-600223893 345543255
-600905790 344086757
-601600148 342593456
-602227775 341234678
-602699816 340207025
-603330270 338826747
-604010673 337327007
-604688721 335821841
-605184982 334713390
-605797158 333337958
-606354267 332078382
-607048314 330498538
-607656722 329103735
-608132870 328005588
-608750450 326572536
-609377476 325107335
-609967349 323719373
-610500243 322457360
-611044259 321160924
-611698013 319591984
-612322533 318081789
-612825766 316856626
-613463922 315292182
-613952549 314086008
-614581468 312522723
-614988621 311504089
-615673677 309778279
-616154993 308556648
-616697286 307171090
-617199944 305877983
-617814593 304285025
-618308289 302995995
-618802919 301695844
-619310632 300352100
-619929691 298700799
-620383567 297480960
-620899000 296086096
-621476260 294511584
-621849058 293487700
-622420540 291907168
-622940347 290457803
-623410690 289136511
-623961934 287575792
-624436083 286222634
-624990890 284626432
-625347398 283593278
-625929338 281894013
-626333156 280705338
-626861025 279139472
-627359455 277648145
-627718009 276567488
-628168465 275200354
-628674341 273652152
-629095328 272353144
-629678225 270538244
-630130669 269116158
-630567455 267731930
-631016157 266298060
-631422919 264987574
-631824791 263682679
-632332858 262018177
-632634966 261020418
-633161425 259267086
-633611903 257751692
-634021304 256362072
-634351915 255231062
-634871203 253438272
-635212482 252248924
-635628110 250788242
-635988521 249510492
-636392558 248065485
-636844153 246434219
-637225711 245042275
-637673011 243394103
-637968933 242293734
-638391436 240708539
-638815466 239100421
-639080877 238084864
-639541903 236303882
-639862003 235054328
-640273966 233430042
-640592573 232161043
-640960019 230683259
-641336942 229151026
-641638399 227913317
-642065722 226139590
-642341315 224983342
-642749451 223252678
-643010367 222134494
-643411079 220398699
-643767363 218835924
-644035501 217647322
-644389986 216059016
-644686690 214714297
-645049277 213051389
-645370370 211560162
-645582751 210563905
-645943500 208852965
-646227675 207488089
-646569002 205828022
-646868572 204351751
-647152468 202935457
-647386938 201752637
-647679739 200258348
-648033275 198427637
-648245502 197314223
-648548655 195704250
-648798067 194361823
-649092275 192756718
-649320754 191493486
-649588005 189996584
-649900086 188221123
-650151801 186766567
-650382312 185416120
-650611768 184053646
-650843764 182656880
-651103254 181070683
-651375728 179376675
-651552470 178261547
-651791407 176732694
-652049505 175052439
-652228198 173870757
-652463312 172291967
-652710193 170603330
-652927656 169088320
-653127285 167673578
-653291620 166490899
-653499319 164971661
-653739983 163175234
-653918053 161819656
-654091603 160475665
-654298999 158838371
-654453219 157597622
-654651500 155971479
-654845603 154343849
-654989990 153108717
-655172026 151519982
-655310385 150287513
-655466680 148867763
-655673943 146936826
-655825459 145487876
-655963787 144135381
-656107959 142693525
-656233563 141408720
-656372360 139955723
-656506974 138510728
-656681452 136580773
-656773272 135537127
-656921840 133803925
-657043071 132345405
-657169355 130779748
-657296592 129149745
-657402690 127746227
-657501965 126392854
-657604263 124953813
-657697352 123601196
-657810359 121897804
-657905954 120398170
-657986224 119092382
-658091897 117300179
-658162793 116045287
-658258178 114280593
-658316226 113158153
-658402268 111416408
-658456938 110254504
-658531606 108586504
-658587881 107257497
-658663347 105358338
-658702893 104299476
-658765165 102523317
-658812902 101051687
-658861462 99429912
-658896159 98173758
-658928431 96912685
-658964304 95375344
-659003359 93476103
-659027539 92128810
-659052759 90507417
-659067836 89376854
-659083756 87966640
-659098496 86292255
-659106910 84976389
-659113287 83410495
-659115692 81907837
-659113831 80127122
-659108642 78698023
-659101787 77504487
-659090323 76049342
-659073554 74429989
-659052257 72789453
-659033559 71566554
-659006525 70023441
-658972350 68325794
-658940104 66901994
-658903688 65443708
-658861397 63899831
-658819024 62477230
-658775325 61113083
-658722804 59584892
-658660652 57903251
-658611468 56652588
-658550680 55188471
-658468458 53328433
-658399422 51856361
-658335119 50547944
-658254645 48984348
-658187798 47740438
-658082033 45860724
-658020611 44813231
-657921551 43184075
-657814041 41490929
-657718088 40038137
-657628034 38719541
-657526008 37273154
-657410991 35697418
-657290702 34105573
-657169776 32557581
-657078185 31417028
-656931341 29640911
-656804855 28158598
-656701858 26981450
-656561284 25414879
-656434162 24035169
-656264060 22239484
-656144868 21013183
-655979257 19349731
-655839806 17983069
-655682778 16478777
-655536953 15112593
-655372942 13609160
-655198222 12043684
-655022922 10508056
-654849742 9023276
-654668267 7499703
-654494631 6071087
-654322808 4683872
-654102719 2943228
-653927860 1587697
-653767883 367654
-653562293 -1173412
-653374100 -2558917
-653146318 -4205436
-652962728 -5509445
-652739675 -7067469
-652490169 -8777814
-652278186 -10205392
-652081783 -11508107
-651819940 -13216420
-651636725 -14393268
-651354545 -16177434
-651124301 -17608874
-650892394 -19029553
-650620651 -20668510
-650418847 -21868398
-650133139 -23543102
-649948262 -24612308
-649623090 -26466464
-649413613 -27643755
-649167829 -29008620
-648903365 -30458065
-648582337 -32191899
-648336990 -33498790
-648063875 -34935763
-647754590 -36541183
-647434158 -38180947
-647134603 -39693072
-646886267 -40931958
-646597643 -42355656
-646277737 -43914025
-645940454 -45535496
-645712819 -46617755
-645321581 -48455889
-645024992 -49831438
-644785204 -50932633
-644402370 -52671153
-644073662 -54145261
-643775091 -55469803
-643417201 -57039984
-643116179 -58346327
-642728719 -60009113
-642447094 -61204901
-642140097 -62496496
-641765337 -64056794
-641336253 -65821825
-640980501 -67268413
-640707171 -68369800
-640350867 -69792765
-639887417 -71622638
-639579077 -72827302
-639230860 -74175833
-638772933 -75930502
-638392274 -77373360
-638128991 -78363173
-637722316 -79879306
-637235232 -81675361
-636942403 -82744991
-636488037 -84390012
-636036304 -86008282
-635742389 -87052208
-635301256 -88606057
-634863131 -90134282
-634421332 -91660552
-634092220 -92788123
-633682916 -94179493
-633163388 -95928497
-632727122 -97382836
-632359650 -98597919
-631973883 -99863946
-631468103 -101509350
-631007160 -102994916
-630621530 -104227755
-630156728 -105701870
-629627435 -107365131
-629312150 -108348267
-628851101 -109775908
-628342338 -111337760
-627849622 -112837127
-627404897 -114179537
-626950692 -115540091
-626506786 -116859785
-625922000 -118583523
-625469627 -119905680
-625046727 -121132990
-624447535 -122857813
-623948424 -124282185
-623490533 -125579257
-622961382 -127066899
-622481090 -128406903
-621957592 -129856541
-621565552 -130934837
-620925371 -132682438
-620475421 -133901118
-619970501 -135259423
-619483369 -136560754
-618891338 -138130488
-618307107 -139667075
-617861870 -140829938
-617353112 -142150226
-616722121 -143775384
-616298113 -144859909
-615661038 -146478239
-615145196 -147778950
-614589937 -149169573
-613975906 -150696150
-613568783 -151701928
-612904831 -153331439
-612388519 -154589547
-611758294 -156114688
-611116485 -157656166
-610676538 -158706117
-609966967 -160388259
-609410973 -161696751
-608961374 -162748805
-608314697 -164252682
-607672535 -165735341
-607154525 -166923701
-606561746 -168275334
-605835921 -169918546
-605309961 -171101300
-604780976 -172284203
-604110480 -173774103
-603426570 -175283107
-602863724 -176517018
-602265320 -177821106
-601709027 -179026340
-600882726 -180804165
-600427228 -181777953
-599777719 -183158960
-599185799 -184409898
-598524395 -185799207
-597757731 -187398609
-597249454 -188452547
-596531072 -189933554
-595814581 -191400778
-595248014 -192554105
-594446310 -194175860
-593909203 -195255754
-593145082 -196783075
-592576864 -197912063
-591764040 -199517179
-591171803 -200679475
-590512405 -201966519
-589758109 -203429793
-589100881 -204697049
-588418673 -206004977
-587830183 -207127175
-587050148 -208606107
-586259042 -210096244
-585662974 -211212586
-584934200 -212570069
-584275693 -213789755
-583586182 -215059928
-582727613 -216631743
-582121234 -217735407
-581422901 -218999901
-580716200 -220272513
-580076197 -221418983
-579284637 -222829114
-578479340 -224254945
-577806796 -225439037
-577134739 -226616263
-576271377 -228119890
-575450958 -229539775
-574908661 -230473590
-573981439 -232061621
-573408481 -233037542
-572634474 -234349473
-571640473 -236023580
-571086867 -236950811
-570218487 -238397914
-569355959 -239826494
-568657233 -240977447
-567912549 -242197940
-567087042 -243543552
-566284811 -244843908
-565693459 -245797883
-564868190 -247122809
-564028248 -248463713
-563086519 -249958135
-562421172 -251008316
-561544478 -252385022
-560707369 -253692150
-560110691 -254619478
-559270398 -255919313
-558375112 -257296439
-557682609 -258356201
-556663674 -259906984
-555857690 -261126549
-555195263 -262124238
-554328689 -263423122
-553466878 -264707884
-552627090 -265953193
-551832496 -267125529
-551032466 -268300095
-550226014 -269478267
-549363290 -270732246
-548315585 -272246296
-547706548 -273122029
-546766724 -274467133
-545970022 -275601493
-545042108 -276915921
-544099246 -278244156
-543279243 -279393342
-542443171 -280559382
-541528985 -281827884
-540573717 -283146229
-539854593 -284133897
-538970018 -285343223
-537994402 -286669945
-537146185 -287817454
-536144566 -289165422
-535245568 -290368829
-534609031 -291217245
-533612084 -292539996
-532567886 -293917606
-531851194 -294858545
-530959560 -296023994
-530004612 -297265897
-529139443 -298385468
-528035079 -299806944
-527087590 -301019752
-526234512 -302106431
-525500952 -303036896
-524450267 -304363276
-523593998 -305438756
-522724398 -306525997
-521741985 -307748299
-520723733 -309008546
-519754824 -310201504
-518805436 -311364599
-517975961 -312376106
-516904317 -313676518
-515970490 -314803854
-515191842 -315739730
-514139698 -316998424
-513166363 -318156844
-512041703 -319488257
-511171494 -320513260
-510275908 -321563471
-509182634 -322839118
-508428456 -323715046
-507308844 -325009342
-506348540 -326113753
-505405869 -327192789
-504407605 -328330001
-503488382 -329372244
-502420206 -330577489
-501574246 -331527550
-500497246 -332731431
-499463265 -333881316
-498320054 -335145999
-497594652 -335944869
-496572370 -337065965
-495546111 -338185909
-494459779 -339365438
-493327495 -340588381
-492521179 -341455254
-491296200 -342765914
-490293562 -343833052
-489459538 -344716898
-488460634 -345770926
-487169675 -347125842
-486369768 -347961287
-485363887 -349007449
-484339631 -350067707
-483203603 -351237796
-482210402 -352255753
-481227835 -353258234
-480190504 -354311685
-478961112 -355553709
-477858132 -356662092
-476893278 -357627109
-475745523 -358769551
-474679032 -359825781
-473830799 -360662217
-472751962 -361721425
-471715244 -362734433
-470713514 -363708774
-469553731 -364831382
-468313702 -366025226
-467203499 -367088479
-466115291 -368125568
-465194457 -368999229
-464179330 -369958217
-463161343 -370915581
-461796086 -372192779
-460806197 -373114014
-459877899 -373974284
-458728783 -375034330
-457453303 -376204696
-456526602 -377050929
-455291445 -378173508
-454270329 -379096991
-453028183 -380214837
-451872855 -381249139
-450743207 -382255438
-449850827 -383046896
-448666327 -384092718
-447694653 -384946636
-446614512 -385891676
-445283679 -387050009
-444064706 -388105167
-443040238 -388987688
-441896915 -389968019
-440795147 -390908176
-439813104 -391742436
-438367247 -392964346
-437260313 -393894735
-436363431 -394645354
-434976782 -395800231
-434108080 -396520264
-432773847 -397620984
-431666542 -398529761
-430649406 -399360777
-429275265 -400477789
-428191852 -401353896
-426931342 -402368167
-425754191 -403310489
-424664832 -404178363
-423646658 -404985921
-422291344 -406055507
-421344229 -406799328
-420139336 -407741314
-418779760 -408798504
-417572174 -409732447
-416557520 -410513517
-415214035 -411542601
-414211297 -412306901
-412929148 -413279494
-411702726 -414204926
-410708491 -414951667
-409417568 -415916604
-407998364 -416971418
-407156716 -417594009
-405744275 -418633908
-404654692 -419431911
-403292154 -420424712
-402109591 -421281795
-401168086 -421961140
-399632277 -423063573
-398687880 -423737968
-397285134 -424734762
-396105441 -425568535
-395026667 -426327386
-393880828 -427129668
-392292161 -428235656
-391437653 -428827507
-389846789 -429923747
-388681840 -430721875
-387514544 -431517714
-386237958 -432383620
-385277967 -433031734
-384061116 -433849521
-382556047 -434855249
-381582043 -435502728
-379993287 -436553205
-378795494 -437340558
-377789270 -437998930
-376227745 -439015136
-375021154 -439795801
-374070336 -440408193
-372729033 -441267926
-371224323 -442226631
-370011118 -442995190
-368733629 -443800229
-367580386 -444523251
-366347552 -445292283
-365291111 -445948099
-363685541 -446939203
-362675834 -447559040
-361480244 -448289562
-359956926 -449214972
-358544849 -450067469
-357319770 -450802931
-356066316 -451551466
-354926520 -452228660
-353485159 -453080319
-352519842 -453647770
-350969759 -454554076
-349720043 -455280392
-348398688 -456044117
-347247823 -456705775
-345784613 -457542289
-344658661 -458182411
-343482735 -458847630
-342189539 -459575295
-340646293 -460438345
-339236285 -461221847
-338126186 -461835330
-336803516 -462562429
-335300947 -463383351
-334219522 -463970858
-333017493 -464620631
-331696401 -465330829
-330306850 -466073397
-329031989 -466750695
-327798153 -467402582
-326418975 -468127068
-324935502 -468901419
-323791409 -469495149
-322250112 -470290249
-320897326 -470983619
-319810473 -471537659
-318343954 -472280980
-317035867 -472939887
-315666278 -473625633
-314506692 -474202932
-313123363 -474887678
-311863429 -475507622
-310284177 -476279695
-309247293 -476783603
-307789628 -477487984
-306495239 -478109541
-305147052 -478753020
-303549577 -479510335
-302454379 -480026319
-300962632 -480724940
-299522920 -481394621
-298170836 -482019469
-297032516 -482542480
-295783275 -483113258
-294114143 -483870677
-292743377 -484488266
-291581864 -485008455
-290215220 -485616857
-288588788 -486335777
-287205670 -486942771
-285997471 -487469720
-284626614 -488063918
-283477443 -488559011
-281764296 -489291987
-280730035 -489731558
-279011758 -490456962
-277604854 -491046391
-276614856 -491458722
-275306436 -492000599
-273514463 -492737071
-272272075 -493243841
-271014881 -493753464
-269338632 -494427990
-268110161 -494918734
-267028990 -495348126
-265361812 -496005661
-264217492 -496453766
-262738680 -497028989
-261299084 -497584783
-259730444 -498185722
-258685666 -498583274
-257038743 -499205581
-255677538 -499715903
-254174677 -500275114
-252850420 -500764208
-251600399 -501222748
-250160603 -501747136
-248516198 -502341126
-247423249 -502733026
-245901190 -503274953
-244628464 -503724683
-243063175 -504273528
-241512196 -504812728
-240161579 -505278530
-238911317 -505706625
-237636711 -506139996
-235861684 -506738381
-234723877 -507118816
-233018161 -507684562
-231666929 -508128847
-230615127 -508472306
-229215183 -508926233
-227440793 -509496308
-225937569 -509974670
-224576878 -510404050
-223489696 -510744652
-221821220 -511263108
-220506010 -511668166
-219178380 -512073814
-217554101 -512565690
-216419523 -512906398
-214651459 -513432636
-213361307 -513813025
-212139113 -514170577
-210314439 -514699323
-208828842 -515125347
-207387592 -515534831
-206341123 -515829797
-204716074 -516283927
-203492362 -516622760
-202097281 -517005759
-200354861 -517479208
-199188728 -517793030
-197620360 -518211266
-196301623 -518559537
-194507545 -519028369
-193113506 -519388712
-191945492 -519687977
-190274742 -520111850
-188998246 -520432376
-187404561 -520828511
-186132984 -521141373
-184702893 -521489839
-183172898 -521858673
-181805615 -522184812
-180415814 -522512971
-178974611 -522849704
-177228598 -523252804
-176084415 -523514083
-174499924 -523872151
-172777792 -524256385
-171400211 -524560047
-170179302 -524826431
-168473597 -525194282
-167286251 -525447383
-165897343 -525740372
-164445210 -526043151
-162635451 -526415434
-161197453 -526707242
-159987962 -526949940
-158485249 -527247995
-156741597 -527589012
-155733113 -527783883
-153894136 -528134777
-152662354 -528366600
-151099385 -528657048
-149694204 -528914640
-148008664 -529219219
-146720675 -529448725
-145204435 -529715314
-143782914 -529961731
-142323660 -530211150
-140700786 -530484330
-139427803 -530695518
-137963891 -530935020
-136476959 -531174613
-135047351 -531401481
-133318723 -531671238
-132108867 -531857071
-130668538 -532075122
-129218655 -532291128
-127401962 -532556845
-126191487 -532730848
-124795495 -532928497
-123400234 -533122811
-121941017 -533322581
-120460181 -533521706
-118692076 -533754707
-117194277 -533948045
-115710297 -534135947
-114344617 -534305660
-112953851 -534475332
-111280056 -534675309
-110000203 -534825111
-108627036 -534982840
-106758731 -535192470
-105400259 -535341297
-104058239 -535485352
-102537875 -535644984
-101032378 -535799326
-99765350 -535926346
-97848459 -536113527
-96711812 -536221682
-95231523 -536359374
-93386031 -536526029
-92295587 -536621891
-90836689 -536747112
-89345341 -536871537
-87647237 -537008803
-86161972 -537125019
-84845197 -537225053
-83009310 -537359820
-81511231 -537465735
-80057562 -537565028
-78680366 -537655935
-77525587 -537729790
-75567696 -537850071
-74431346 -537917033
-72851826 -538006636
-71453842 -538082572
-69628175 -538176978
-68354366 -538239654
-66928821 -538306685
-65393707 -538375195
-63974720 -538435136
-62542059 -538492355
-60752762 -538559162
-59619779 -538598792
-58090280 -538649005
-56650381 -538692826
-55086928 -538736620
-53618570 -538774160
-52256627 -538805871
-50597369 -538840462
-49135007 -538867270
-47686524 -538890424
-46239061 -538910184
-44501437 -538929445
-43046989 -538941826
-41814078 -538949652
-40330688 -538955822
-38574336 -538958542
-37373658 -538957542
-35758751 -538952533
-33962834 -538942027
-32572314 -538930323
-31011356 -538913473
-29640026 -538895429
-27996697 -538869813
-26810727 -538848622
-25071477 -538813445
-23589953 -538779633
-22456150 -538751365
-20914809 -538709613
-19387031 -538664445
-17916358 -538617408
-16495866 -538568662
-14712583 -538502854
-13128316 -538440083
-11848801 -538386428
-10549877 -538329252
-8821895 -538248964
-7384396 -538178495
-5947265 -538104702
-4408757 -538022000
-2820625 -537932613
-1213639 -537838007
-25993 -537765400
1415721 -537674188
3012998 -537569200
4490401 -537468406
6103824 -537354286
7664670 -537239863
8968410 -537141253
10591722 -537014611
11895325 -536909807
13407130 -536784802
14697804 -536675137
16418707 -536524694
17930800 -536388520
19496573 -536243581
20590896 -536139906
22338464 -535970288
23780728 -535826541
25239097 -535677730
26802365 -535514348
28126569 -535372819
29698506 -535201081
31260717 -535026389
32655849 -534866991
34136634 -534694309
35617070 -534518061
37104856 -534337302
38627644 -534148514
40203963 -533949061
41498564 -533782186
43162067 -533563694
44707115 -533356660
46071222 -533170588
47510960 -532970853
48964512 -532765714
50462547 -532550626
51763604 -532360793
53482990 -532105603
54641374 -531930901
56048477 -531715678
57610643 -531472866
58987695 -531255445
60593924 -530997832
62254282 -530726996
63721897 -530483750
65003603 -530268358
66391190 -530032061
67957242 -529761479
69593892 -529474284
70767545 -529265551
72519233 -528949687
73897192 -528697566
75480843 -528403838
76703211 -528174210
78218611 -527886011
79492963 -527640631
80985021 -527349818
82538857 -527042928
83863952 -526777959
85641046 -526417892
87127331 -526112594
88526568 -525821713
89801690 -525553704
91313737 -525232272
93060014 -524856145
94246643 -524597556
95912993 -524230317
97186842 -523946337
98674454 -523611141
99975998 -523314718
101788484 -522897020
103189902 -522570129
104465294 -522269655
106072633 -521886925
107390317 -521569790
108938081 -521193388
110205210 -520882100
111854826 -520472611
113100751 -520160151
114336821 -519847451
116207558 -519369048
117545894 -519022988
118895113 -518670892
120412693 -518270987
121561166 -517965617
122988620 -517582782
124427779 -517193117
126181320 -516713308
127470699 -516356979
128991960 -515932717
130578424 -515485821
131633440 -515186111
133089841 -514769061
134484504 -514366081
135997298 -513924967
137527453 -513474546
138922585 -513060143
140364492 -512628100
141851043 -512178686
143005875 -511826753
144442253 -511385590
145873371 -510942253
147618844 -510396402
148784377 -510028765
150476470 -509490541
151739278 -509085387
152976707 -508685486
154573328 -508165268
155956378 -507710769
157418659 -507226320
158980136 -506704554
160453930 -506207857
161771552 -505760308
162818785 -505402247
164633603 -504776795
165951193 -504318765
167280682 -503853231
168717894 -503346161
170055154 -502870787
171645571 -502300930
173039122 -501797590
174114806 -501406486
175566802 -500874993
177202246 -500271432
178563785 -499764969
179791260 -499305260
181181831 -498780894
182486264 -498285548
183856429 -497761623
185578366 -497097914
186773595 -496633758
188213446 -496070827
189558771 -495541111
190798180 -495049890
192461303 -494385890
193905663 -493804709
194999710 -493361680
196393489 -492793764
198006426 -492131622
199270043 -491609178
200413457 -491133619
202091853 -490430699
203428333 -489866832
204892616 -489244813
206310863 -488638120
207486277 -488132139
208897635 -487520791
210223449 -486942707
211638483 -486321659
213098790 -485676327
214136826 -485214869
215553718 -484581312
217169140 -483853787
218571130 -483217880
219504528 -482792186
221179785 -482023470
222306847 -481502907
223546201 -480927317
225314609 -480100263
226479901 -479551565
227814819 -478919358
229351267 -478186885
230584533 -477595200
231914002 -476953608
232992787 -476430125
234403491 -475741685
235970430 -474971812
237164071 -474381670
238426765 -473753914
240032944 -472950211
240939986 -472493771
242500296 -471704237
243868132 -471007546
245104042 -470374378
246632470 -469586513
247726858 -469019086
249055420 -468326529
250213398 -467719562
251805609 -466879899
253128308 -466177868
254173629 -465620158
255581322 -464865054
257032572 -464081690
258478549 -463296209
259385139 -462801196
260773795 -462039162
262078682 -461318886
263304276 -460638648
264883707 -459756669
266192456 -459021258
267563077 -458246605
268493429 -457718166
269979790 -456869504
271253469 -456137943
272437580 -455454224
274004193 -454544286
275271986 -453803425
276482124 -453092494
277587534 -452439865
279167656 -451501603
280213078 -450877355
281746165 -449956866
282678769 -449393971
284281630 -448421297
285471222 -447695116
286809553 -446873745
287704463 -446321909
289309249 -445327081
290279935 -444722054
291821091 -443756338
292769015 -443159221
294170896 -442271756
295261662 -441577605
296907644 -440524059
297918054 -439873698
299406959 -438910293
300343066 -438301483
301721710 -437400488
302866754 -436648181
304222258 -435752910
305412398 -434962646
306566668 -434192421
307865548 -433321229
308958150 -432584709
310308542 -431669741
311510406 -430851042
312829130 -429947984
313957324 -429171431
315334409 -428218577
316551263 -427372008
317775665 -426515822
318943456 -425695124
320266825 -424760227
321173776 -424116511
322489483 -423178323
323870013 -422188339
325081261 -421315023
326022148 -420633575
327499758 -419557965
328432444 -418875590
329630036 -417995485
331134028 -416883932
332310273 -416009710
333511555 -415112416
334495032 -414374437
335864934 -413341403
336861774 -412585949
338075398 -411661925
339453884 -410606646
340459126 -409833232
341587696 -408961025
342764749 -408046922
343870682 -407183911
345297094 -406064858
346502259 -405114116
347697621 -404166316
348748869 -403328818
349759469 -402520186
351005545 -401518365
351993994 -400719902
353137648 -399791881
354575220 -398618952
355551572 -397818243
356662741 -396902917
357819284 -395945606
359129254 -394855584
360283405 -393890159
361429352 -392926876
362572803 -391960974
363446097 -391220090
364805199 -390061527
365977706 -389056583
366872864 -388285936
368137351 -387192259
369157345 -386305697
370438029 -385187008
371589496 -384175893
372601128 -383283399
373746288 -382268370
374875413 -381262601
376106333 -380160517
376890727 -379455134
378212094 -378261398
379415554 -377168165
380524801 -376155404
381434495 -375321152
382436224 -374398634
383564593 -373354609
384717050 -372282922
385881270 -371194744
387092009 -370057122
388071233 -369132555
389051548 -368202921
390082844 -367220551
391266309 -366087649
392210561 -365179432
393368059 -364060853
394482313 -362978559
395523745 -361962081
396563215 -360942747
397453280 -360066111
398676918 -358855151
399843409 -357694465
400909714 -356628061
401859363 -355673947
402747110 -354778270
403796838 -353714453
405146129 -352339493
406140150 -351321079
407088501 -350345085
408146668 -349251002
409016939 -348347155
410013003 -347308157
411071019 -346199235
412190693 -345019692
413178374 -343974041
414351071 -342726184
415356204 -341651118
416401172 -340528006
417266309 -339593945
418207499 -338573392
419440948 -337228970
420277687 -336312417
421190796 -335307994
422454520 -333910577
423218399 -333061736
424205527 -331960144
425166955 -330882135
426273123 -329635560
427234255 -328546932
428237237 -327405406
429250760 -326246133
430074645 -325299474
431041710 -324183351
431984306 -323090281
433139258 -321743916
433937863 -320808383
434933178 -319637137
436116556 -318236897
436904285 -317300141
437900133 -316110504
438969924 -314825771
439706408 -313937206
440824086 -312582280
441770833 -311428428
442520209 -310511095
443503473 -309302010
444471398 -308105700
445566020 -306745454
446413999 -305686292
447383490 -304469514
448119008 -303542197
449136244 -302253686
449944151 -301225313
450876306 -300033220
451888599 -298731822
452685135 -297702762
453678268 -296413443
454607807 -295200315
455388780 -294176274
456565223 -292625315
457269175 -291692408
458369830 -290226414
459230660 -289073532
460024905 -288004859
460761443 -287009534
461688342 -285751033
462671036 -284409489
463551699 -283200796
464393200 -282040106
465362951 -280695484
466258931 -279446388
466970092 -278450277
467946593 -277075708
468649989 -276080650
469575698 -274764748
470417401 -273561937
471166113 -272486896
472268442 -270895257
473078040 -269719493
473878951 -268550619
474543844 -267575886
475445081 -266248286
476381105 -264861576
477062760 -263846613
477960523 -262503245
478811213 -261223290
479530178 -260136140
480383536 -258839300
481139262 -257684901
481973127 -256404608
482819302 -255098327
483600535 -253885892
484521902 -252447973
485202856 -251379623
486076417 -250002007
486763259 -248913197
487543902 -247669580
488395352 -246305666
489313811 -244825535
490133232 -243497132
490744812 -242500771
491677305 -240973441
492343460 -239876246
493125136 -238582223
493984719 -237150951
494580323 -236154080
495539728 -234539345
496234798 -233362506
496825041 -232358481
497722268 -230823951
498405836 -229648030
499271631 -228150059
499905075 -227047952
500643152 -225757166
501357015 -224501858
502123236 -223146868
502921591 -221726556
503629128 -220460469
504371005 -219125422
504993087 -217999952
505770757 -216585196
506488250 -215272129
507164468 -214027668
507779059 -212890714
508612231 -211340296
509217218 -210207847
509888100 -208945419
510634411 -207532750
511333061 -206202261
512010802 -204904060
512639174 -203693712
513491682 -202041159
513991803 -201066002
514814183 -199453205
515404909 -198287486
516006860 -197093314
516764127 -195581860
517516244 -194070425
518106041 -192877923
518801478 -191463502
519452165 -190131821
520138091 -188719224
520745587 -187460496
521421663 -186051089
522033531 -184767632
522550988 -183676266
523173346 -182356332
523885648 -180835687
524545494 -179417388
525120986 -178172716
525863241 -176556616
526345662 -175499655
526915772 -174243771
527696689 -172511358
528278668 -171210988
528820707 -169992607
529356671 -168780901
529986469 -167348045
530696851 -165719970
531284557 -164363351
531788577 -163192799
532294442 -162011257
532899167 -160589863
533580112 -158977449
534113634 -157705174
534618104 -156494830
535285617 -154882134
535844568 -153521756
536360875 -152256952
537029352 -150607438
537474500 -149501402
538052917 -148054997
538585146 -146714704
539247823 -145033090
539775343 -143684085
540323250 -142273029
540803900 -141026709
541224521 -139929439
541869866 -138233723
542329577 -137016603
542864845 -135589620
543390335 -134178237
543969091 -132611544
544491182 -131186996
544978061 -129848721
545422675 -128618196
545950807 -127145867
546477071 -125667013
546880458 -124525363
547462679 -122864945
547974411 -121392966
548472999 -119947208
548857181 -118825234
549314315 -117481013
549839655 -115923630
550256780 -114677253
550850376 -112888267
551285113 -111566390
551784310 -110036058
552146449 -108917378
552622399 -107436007
553039229 -106128058
553570216 -104447235
553983206 -103128304
554441761 -101651649
554808685 -100460613
555308204 -98825341
555654976 -97680533
556178362 -95937403
556632928 -94408215
556951808 -93326803
557400783 -91791782
557891809 -90095939
558179598 -89093528
558595924 -87632033
559055197 -86003797
559481104 -84478456
559829801 -83218312
560286918 -81550490
560638984 -80253364
560991996 -78941457
561421986 -77327793
561821435 -75812881
562096952 -74758835
562514967 -73144996
562867824 -71768616
563205443 -70439251
563682165 -68540843
564005688 -67237852
564380627 -65712485
564666975 -64536167
565027114 -63042334
565332120 -61764316
565688769 -60254480
566077331 -58590013
566438015 -57026113
566714730 -55813599
567010263 -54506083
567406077 -52733953
567678894 -51498092
568068564 -49711740
568361683 -48351064
568631570 -47084922
568931519 -45662313
569297613 -43903170
569553563 -42657868
569808976 -41402088
570115041 -39879472
570440677 -38237409
570730408 -36756507
571026288 -35224078
571281860 -33883442
571520034 -32619398
571839084 -30903101
572056457 -29718096
572368337 -27994770
572609696 -26641682
572852778 -25261076
573106103 -23802468
573351150 -22371479
573650577 -20594958
573887886 -19164121
574102026 -17854846
574370879 -16185573
574577170 -14884672
574797194 -13477074
575025911 -11990890
575234875 -10611648
575469741 -9035827
575696004 -7490811
575929373 -5868100
576114113 -4561419
576350789 -2857298
576553142 -1372045
576704152 -245769
576893968 1192686
577106939 2838404
577290249 4283401
577465026 5687138
577634968 7077768
577825564 8669382
578020868 10337683
578175424 11686474
578334112 13099287
578491491 14530180
578664821 16142685
578841483 17828570
578966306 19047408
579140277 20787279
579254083 21953150
579428406 23784916
579558168 25187344
579666248 26382824
579803466 27939231
579949981 29652868
580051777 30877762
580190027 32590562
580282499 33770596
580405086 35381581
580511918 36832983
580638998 38623483
580728788 39935118
580825102 41389736
580923427 42931269
581003092 44226957
581093016 45745824
581182760 47328802
581271102 48962043
581348278 50458932
581414147 51795925
581494680 53516964
581539334 54518316
581615745 56323604
581675149 57821517
581718789 58984942
581786293 60912888
581831835 62321932
581878530 63882330
581909771 65007785
581955427 66805187
581991221 68383490
582019608 69783357
582042836 71065520
582063890 72379389
582086367 74027675
582103104 75536487
582116173 77045483
582125845 78609106
582131777 80258535
582133370 81604619
582132076 82934764
582125665 84759087
582119357 85837008
582106281 87464888
582090437 88966147
582067470 90710212
582046712 92037168
582017822 93641596
581992949 94867590
581959296 96364409
581916843 98058706
581884745 99231518
581838705 100788489
581790980 102278575
581733727 103934821
581680884 105360883
581632159 106603525
581570424 108094077
581491811 109878181
581428477 111237192
581353476 112769683
581278391 114231550
581208448 115536451
581122277 117077867
581018087 118856118
580929664 120300887
580852716 121515402
580753313 123031375
580630406 124831945
580554516 125906957
580443668 127431602
580321806 129050854
580197935 130641661
580066087 132279679
579959322 133567961
579820866 135192168
579696891 136605473
579579028 137915935
579442492 139396525
579272417 141188894
579144288 142504025
579001298 143938601
578863745 145287802
578712939 146734519
578533011 148419158
578364442 149959328
578229080 151171091
578027753 152934801
577892839 154092367
577679502 155885457
577495669 157396042
577344557 158615219
577151954 160141278
576931438 161852271
576785874 162961661
576585144 164466680
576328642 166350262
576143368 167684657
575932757 169176361
575759976 170381017
575539119 171896974
575273047 173689423
575099228 174841366
574855835 176430318
574606235 178031952
574417765 179223485
574168797 180774980
573908259 182372329
573648084 183941895
573430938 185233172
573217790 186484765
572929312 188154587
572658804 189696246
572367070 191333847
572132609 192631876
571843844 194209310
571578578 195638489
571326411 196980108
571019080 198593673
570749179 199991920
570505667 201238897
570188415 202843507
569913138 204218125
569630684 205612104
569352147 206970940
569029490 208526055
568670088 210235173
568413843 211439383
568040980 213171044
567752800 214493238
567453456 215852198
567115352 217369964
566756131 218963232
566423694 220420580
566176303 221494728
565798359 223119140
565435108 224662074
565146151 225876993
564737687 227576152
564426245 228857768
564072787 230298111
563632736 232070881
563323487 233303545
562976864 234672636
562583912 236209110
562178222 237778485
561840320 239072888
561516415 240303085
561104246 241853900
560729902 243248592
560372699 244567483
559932381 246177643
559462437 247877645
559112981 249129742
558757829 250391991
558342027 251856955
557965519 253171816
557516114 254727100
557012926 256450722
556683924 257567775
556260896 258992837
555745878 260711128
555399238 261857593
554903775 263482572
554491946 264821264
554014816 266358943
553606519 267663727
553145722 269124302
552728392 270436382
552223459 272010567
551828346 273232427
551260677 274972974
550842863 276243042
550472797 277360336
549990533 278805829
549515929 280216948
549033607 281639659
548571422 282992451
548025753 284576636
547531442 285999857
547101162 287229734
546553988 288781886
545974870 290410523
545456190 291857124
545059964 292954668
544467976 294582560
544008217 295837175
543442925 297368428
542939548 298721634
542407068 300142693
541858833 301594856
541420764 302747380
540873158 304178480
540268968 305745296
539739709 307107519
539174180 308552694
538733084 309672553
538236362 310926075
537600417 312519442
537028399 313941815
536436769 315402374
535889149 316744875
535292557 318197315
534860502 319242700
534155968 320935898
533656029 322128911
533074661 323507537
532499635 324862072
531843090 326397813
531252176 327770345
530682279 329085510
530132777 330345786
529453586 331893062
528889630 333169194
528255443 334595052
527678768 335883290
527149631 337058470
526557402 338366099
525823534 339975396
525207127 341317804
524533851 342774511
524050062 343815178
523470562 345055144
522742095 346603826
522022540 348122769
521454711 349313976
520753292 350776499
520177556 351969689
519421768 353526227
518917628 354558399
518293764 355829029
517458195 357519463
516840876 358760115
516225223 359990547
515577400 361277962
514975002 362468468
514202510 363985899
513588525 365184676
512868863 366581678
512216214 367841133
511418741 369370571
510893948 370371424
510024664 372019594
509500015 373008567
508767731 374381776
507929125 375944256
507391959 376939499
506480351 378618642
505884806 379708995
505077886 381178123
504428865 382352989
503728771 383613621
503027423 384869634
502194330 386352759
501581697 387437366
500758941 388886032
500086767 390062882
499260257 391501817
498625267 392601304
497914796 393825367
497105961 395211123
496177460 396791827
495655160 397676329
494875904 398989802
493930586 400573360
493265106 401681770
492509585 402933847
491619530 404400374
491010518 405398595
490041650 406977988
489480958 407887187
488691276 409161800
487704712 410744600
487109823 411693918
486133566 413243620
485454564 414315513
484699420 415501945
483903932 416745377
482948211 418230709
482226561 419346138
481347784 420697405
480721690 421655466
479782114 423086027
478934093 424369850
478081539 425653598
477327042 426783956
476400979 428164061
475713215 429183888
474739520 430620281
473907200 431841303
473210503 432858582
472284715 434203695
471384222 435504829
470470494 436817878
469731508 437874565
468975284 438951083
468113329 440172225
467126786 441562255
466296684 442725628
465448859 443908017
464564572 445135053
463536072 446554313
462713503 447683360
462036232 448608982
461007414 450008228
460151551 451166027
459247268 452383250
458379868 453545019
457384686 454870994
456676667 455809884
455558665 457284946
454829451 458242151
453827469 459551156
452983420 460648269
452040584 461867830
451210797 462936005
450217856 464207921
449281971 465400538
448366728 466561077
447494042 467662382
446626604 468752010
445569476 470073162
444622784 471250061
443703027 472387882
442785901 473517010
441995502 474485795
440806344 475935865
439852239 477092879
438952297 478179012
437941528 479392939
437067930 480437082
436295829 481356053
435231549 482616894
434291072 483725430
433165775 485044928
432193549 486178952
431354685 487152999
430432249 488219393
429321823 489496649
428536573 490395643
427551821 491518125
426323116 492911078
425354858 494002872
424428307 495042815
423347891 496249545
422450981 497246519
421585167 498204832
420412711 499496183
419517643 500477129
418304659 501799794
417301881 502887473
416405070 503855822
415292130 505051818
414376112 506031478
413455731 507011546
412226854 508313510
411492384 509088081
410221721 510421847
409275703 511409717
408369471 512351967
407104373 513660730
406280257 514509174
405232266 515583442
404223870 516612236
402923005 517932388
402057370 518806503
400922045 519947715
399878403 520991566
398709688 522154643
397710358 523144269
396630788 524208333
395617648 525202210
394746702 526052973
393628603 527140284
392553682 528180469
391424123 529268140
390198966 530441671
389258690 531337983
388296271 532251526
387061745 533417649
386144895 534279575
384757657 535577077
383742683 536521371
382810921 537384536
381580261 538519181
380498304 539511669
379577233 540352872
378338173 541479152
377425616 542304755
376258547 543355840
375205252 544299880
373742905 545603392
372996515 546265528
