2980
249526721 237642035
390621181 227878813
249597289 238601809
390727891 229379501
249665191 239583472
390831652 230930246
249719294 240414453
390919817 232333026
249781612 241436752
391012271 233906370
249831207 242311215
391092265 235371675
249883336 243303382
391176137 237039255
249931699 244309351
391247913 238604223
249973726 245271460
391305334 239976590
250009990 246189878
391366699 241602767
250041834 247088638
391416298 243084110
250073909 248118981
391465573 244774861
250096904 248972823
391503040 246287905
250118567 249917849
391535515 247869543
250138054 250973003
391560319 249392194
250150922 251886652
391578940 250930074
250160151 252810104
391590804 252417567
250165274 253656350
391596541 253863245
250167222 254645210
391596300 255435248
250165043 255583899
391588966 257058750
250158881 256529653
391575178 258614726
250148420 257499916
391555762 260105533
250134589 258422335
391527132 261758644
250115533 259412098
391495221 263236155
250091243 260435347
391455848 264767513
250066489 261319820
391412838 266211743
250033807 262334157
391361514 267728804
250000829 263237749
391298918 269369479
249963944 264147518
391227864 271034339
249920592 265116605
391163259 272413337
249877683 265994788
391087228 273910263
249825043 266987208
390992917 275619155
249768245 267975517
390904984 277095504
249708830 268936414
390808782 278606581
249645313 269896839
390696229 280261361
249583950 270770383
390582117 281836157
249508641 271781579
390472985 283260997
249437326 272686851
390342032 284881878
249355757 273669366
390227648 286229350
249273383 274612357
390085558 287826663
249200777 275407862
389948425 289298052
249107159 276390429
389785392 290969319
249008757 277377148
389641386 292383520
248906756 278356332
389472657 293975300
248801058 279329692
389304915 295495710
248695913 280260942
389112505 297172100
248602662 281059094
388954838 298497468
248485470 282028805
388739075 300248009
248364578 282993948
388569829 301574830
248237192 283976119
388358666 303178654
248112788 284904087
388147823 304727993
247988088 285806085
387941665 306197123
247843883 286817101
387720532 307726940
247720869 287654627
387498284 309220420
247576619 288609912
387256858 310796824
247435938 289515830
387025388 312266829
247275769 290518763
386780125 313783623
247133222 291387787
386498687 315476375
246965107 292386326
386236137 317013003
246805454 293310086
386003657 318341829
246652280 294175498
385716785 319943183
246459352 295238485
385426873 321521339
246303466 296076834
385163321 322923316
246121153 297035572
384851670 324543628
245934542 297994193
384553831 326056535
245745879 298941499
384259362 327520280
245561667 299846570
383946678 329041795
245369211 300772415
383610929 330640230
245193221 301602395
383299664 332091357
244973381 302618128
382970224 333596856
244759134 303586815
382634569 335100417
244572354 304415197
382309159 336530440
244343888 305409167
381959201 338039576
244152931 306224495
381618896 339479978
243908479 307248800
381209135 341180802
243705507 308083545
380870215 342561295
243474072 309018801
380498741 344048440
243229279 309989810
380105323 345595293
242980826 310957146
379725229 347063591
242739399 311880446
379322572 348592363
242530851 312665386
378897264 350178741
242274785 313613886
378537728 351498084
242001226 314609423
378109241 353045644
241781355 315396870
377703554 354487070
241495433 316404698
377264418 356022433
241249357 317258055
376853761 357435785
240958872 318249472
376399645 358974553
240720393 319051020
375966843 360418461
240426987 320022517
375527859 361861360
240163643 320881246
375033926 363459889
239854671 321873479
374620377 364778731
239587208 322719607
374141159 366285608
239299823 323616046
373668837 367749183
239027915 324452531
373162645 369294817
238716640 325396708
372644963 370852007
238418827 326287150
372188101 372207232
238079617 327286594
371671258 373719687
237801257 328095427
371197719 375086811
237491633 328983554
370684100 376550244
237193525 329827538
370154355 378039210
236868005 330737111
369620236 379520232
236547731 331620201
369103438 380934553
236221952 332506854
368562870 382394942
235855972 333489429
368065600 383721777
235562719 334266792
367453633 385333571
235220440 335163280
366966040 386601675
234846796 336129023
366400958 388054007
234493621 337029904
365837695 389483748
234131939 337940846
365248102 390961774
233808379 338746097
364658249 392422068
233449931 339627836
364054469 393898401
233073068 340543507
363445904 395368150
232707671 341420535
362865500 396753302
232359862 342245786
362277443 398140695
231997302 343096389
361717854 399446369
231627859 343953296
361007919 401083020
231235477 344852849
360481026 402283762
230852969 345719591
359858498 403687587
230436217 346652830
359137961 405292891
230047422 347513331
358524602 406643364
229651148 348380601
357871398 408065806
229263494 349219709
357265030 409372091
228891400 350016713
356627082 410732068
228507156 350831307
355903303 412257691
228066414 351755396
355212250 413697609
227643541 352631969
354589618 414981340
227218778 353502820
353931298 416324964
226806838 354338392
353221155 417758975
226383254 355188588
352495244 419208751
225975506 355998590
351893157 420399199
225548773 356837697
351110815 421930162
225139323 357634733
350393305 423318854
224649638 358577817
349711374 424625368
224258459 359323441
348989376 425994836
223783544 360219653
348320575 427251015
223337335 361052890
347529150 428722491
222932574 361801520
346754562 430147265
222481294 362628288
345998000 431524532
221959337 363574385
345318182 432750271
221541823 364323510
344537226 434144862
221104623 365100823
343848109 435363715
220614274 365964135
343074100 436719882
220161007 366754344
342270255 438114262
219679793 367585237
341440487 439538918
219166703 368462251
340645162 440890744
218680568 369284888
339958609 442047136
218232632 370035881
339102324 443475996
217689060 370938390
338360752 444701645
217236465 371682614
337549079 446030866
216727948 372511116
336717917 447378966
216228639 373316874
335874465 448733790
215770876 374048976
335016007 450099344
215194761 374961558
334176468 451422017
214756486 375649354
333446019 452562739
214212568 376495350
332510914 454009635
213666155 377336930
331749856 455176307
213157987 378112290
330865616 456519743
212614151 378934416
330075908 457708790
212119568 379675341
329171916 459057681
211555152 380513181
328303092 460342020
211064629 381234786
327458187 461579858
210483695 382081671
326600408 462825525
209950081 382852328
325702394 464117923
209437462 383586249
324837815 465351099
208939945 384292638
323969063 466579451
208390140 385066614
322956844 467997276
207817187 385865870
322126403 469149919
207221595 386688946
321188946 470439867
206726941 387366622
320229746 471747612
206109114 388205646
319428682 472830524
205559960 388944627
318469158 474116769
205013826 389673321
317546961 475341984
204399088 390486251
316596778 476593301
203809899 391258262
315713948 477746007
203267085 391963431
314669311 479097853
202660110 392745164
313806112 480205142
202145777 393402059
312791864 481495092
201468505 394259454
311856051 482674815
200888987 394986346
310825579 483962433
200349359 395657696
309919625 485084712
199779196 396361347
308965700 486256713
199088799 397205686
307989933 487445402
198491596 397929356
306963672 488684703
197959336 398569177
305924210 489928732
197368095 399274285
304942104 491093906
196660285 400110760
303950199 492260790
196100789 400766149
303001316 493367868
195465858 401503778
301976735 494553318
194815123 402253111
300988821 495686701
194207987 402946252
300016886 496792643
193600346 403634267
298985798 497956157
193017136 404289325
297918435 499150196
192289590 405099335
296767530 500426000
191744302 405701286
295734524 501560930
191052955 406458228
294760705 502622140
190470453 407090650
293772468 503690548
189818734 407792500
292743934 504793531
189185610 408468616
291607738 506001452
188530851 409161999
290470264 507199827
187836619 409890785
289520259 508192447
187191952 410561724
288325003 509430795
186565207 411208710
287273112 510511036
185861462 411929038
286233998 511569467
185144085 412656715
285218461 512595645
184568314 413235992
284095093 513721414
183859284 413943588
282985019 514824313
183164983 414630408
281918863 515874756
182555179 415228744
280770894 516996260
181838951 415925727
279590432 518139317
181101631 416636796
278523431 519163728
180454284 417255777
277390191 520242714
179745282 417928077
276401799 521176288
179053808 418578149
275191499 522310059
178386005 419200773
274086688 523336078
177702201 419833088
272954427 524378846
176990178 420485939
271809651 525424245
176271113 421139562
270596956 526522027
175598425 421745914
269442549 527557937
174894964 422374775
268414017 528473494
174177734 423010502
267100823 529632425
173505587 423601338
266050653 530551231
172777615 424235918
264872832 531573357
172033482 424878926
263714624 532569931
171285877 425519236
262458909 533640952
170544380 426148736
261370768 534561178
169918491 426675811
260248723 535502505
169088149 427369079
259045033 536503867
168429718 427914017
257809134 537523010
167653287 428551220
256570615 538535246
166920691 429147148
255457440 539437375
166203770 429725395
254223977 540428598
165424238 430348666
253000446 541403215
164722658 430904780
251677304 542447610
163930533 431527221
250526039 543348333
163226407 432075713
249283892 544311888
162477148 432654449
248169342 545169225
161716836 433236593
246882381 546150747
160954418 433815212
245638642 547090796
160170999 434404462
244391122 548025382
159407133 434973876
243125624 548965002
158729595 435474739
242002960 549791525
157879957 436097297
240659904 550771683
157179813 436605734
239345693 551721785
156354132 437200066
238099470 552614584
155649946 437702480
236949427 553431501
154799522 438303800
235711064 554303731
154146179 438761765
234374670 555236447
153275065 439367022
233114102 556108170
152559017 439859988
231883313 556951803
151779045 440392336
230550337 557857197
151008309 440913678
229272228 558717308
150188317 441463251
227918164 559620043
149346280 442022189
226772745 560376917
148603124 442510975
225409734 561269563
147745370 443069915
224122385 562104731
147034188 443529138
222763936 562977745
146236235 444039886
221528064 563764657
145356709 444597374
220145189 564636963
144644010 445044944
218946126 565386359
143840382 445545166
217684639 566167842
142962886 446086023
216402961 566954615
142144794 446585282
214953020 567835972
141381864 447046576
213608109 568645291
140552573 447543321
212324774 569410259
139746152 448021734
211102239 570132406
138895684 448521367
209750123 570923674
138184998 448935041
208343708 571738507
137307010 449441305
206920085 572554848
136501876 449900938
205573625 573319166
135645291 450385123
204326358 574020483
134758282 450881308
202852974 574840703
134036974 451280929
201631960 575513717
133182640 451749788
200156198 576319083
132343508 452205625
198809776 577046217
131547670 452633690
197554029 577717851
130670241 453100873
196097469 578489046
129839580 453538578
194905206 579114077
129016963 453967686
193434342 579877485
128133992 454423485
192110416 580557424
127295172 454851924
190710845 581268841
126498112 455254938
189250601 582003073
125549979 455729173
187927640 582661246
124749593 456125168
186499305 583364388
123951436 456516127
185163895 584014825
123025950 456964569
183732344 584704667
122219259 457351194
182465190 585308917
121374942 457751634
180987089 586006246
120481715 458170601
179644501 586632671
119577485 458589869
178063599 587361833
118798725 458947063
176719663 587974549
117905767 459352225
175427165 588557652
117104476 459711804
173896509 589240428
116146218 460136895
172523976 589845545
115325252 460496837
171224121 590412443
114461327 460871407
169763025 591042527
113504151 461281399
168350337 591644593
112707469 461618651
166828078 592285540
111869933 461969307
165522064 592829008
111024037 462319434
163972582 593466132
110093983 462699748
162574971 594033716
109212234 463055836
161042466 594648390
108384909 463386007
159661843 595195292
107417570 463767245
158175469 595776859
106628301 464074480
156786188 596313697
105666620 464444210
155497493 596805873
104833344 464760488
153901222 597407820
103895488 465111947
152540538 597914236
102984826 465448664
151145886 598426931
102154486 465751790
149503624 599022434
101190384 466099113
148136552 599511401
100402140 466379398
146811656 599979460
99460905 466709761
145140109 600561842
98576220 467016006
143694429 601058236
97603566 467347947
142318428 601524450
96749098 467635464
140925277 601990285
95794284 467952240
139453065 602475815
94964427 468223710
137959680 602961280
94101383 468502258
136363839 603472239
93181395 468794955
135079655 603877575
92268020 469081250
133633088 604327954
91295490 469381398
132042484 604815612
90429971 469644469
130562094 605262390
89551304 469907648
129041088 605714331
88637373 470177249
127658008 606119074
87642632 470465908
126210484 606536355
86852762 470691580
124612317 606989582
85909461 470957003
123083163 607415917
85015422 471204472
121782766 607772858
84051505 471466838
120232738 608191602
83098631 471721681
118717055 608594026
82162342 471967729
117145644 609003919
81304818 472189300
115729728 609366885
80344309 472433204
114073022 609783941
79541550 472633596
112802797 610098145
78557436 472874980
111217386 610483564
77707650 473079635
109646646 610858047
76721460 473312761
108276793 611178667
75860991 473512336
106655844 611550895
74880662 473735372
105286485 611859315
73952567 473942278
103685976 612212815
73035230 474142738
102156762 612543557
72156144 474331075
100715479 612849026
71125378 474547228
99095511 613185141
70198611 474737270
97632403 613482155
69257227 474926151
96075112 613791471
68354539 475103342
94633691 614071524
67427460 475281329
92997764 614382107
66468620 475461169
91488777 614661762
65529433 475633149
89998422 614931549
64638546 475792476
88479924 615199888
63793513 475940183
87145314 615430291
62837775 476103236
85439613 615717363
61871740 476263737
83865563 615974933
60963138 476410751
82489703 616194310
59931172 476573096
80884765 616443435
59065946 476705424
79488249 616654279
58055118 476855654
77758754 616907765
57187492 476980856
76223594 617125708
56308473 477104180
74938803 617303011
55290777 477242541
73321748 617519580
54362974 477364554
71639396 617737114
53381250 477489380
70272133 617908072
52536984 477593215
68747664 618092528
51548808 477710631
67239591 618268620
50661125 477812324
65710197 618440731
49614721 477927610
64164274 618608089
48726222 478021604
62656742 618764897
47756701 478120096
61147690 618915548
46883263 478205190
59475336 619075131
45852829 478301153
57883091 619219876
44998575 478377081
56535044 619336944
44050463 478457503
54993491 619464666
43042424 478538575
53358209 619592989
42115747 478609076
51851839 619704675
41186259 478675919
50367586 619808611
40297008 478736241
48699213 619918207
39319769 478798446
47100427 620016053
38394393 478853409
45704676 620095734
37354962 478910577
44002330 620185682
36471814 478955355
42492211 620258821
35563269 478997784
40899596 620329185
34614018 479038177
39538329 620383820
33647184 479075184
37886183 620443315
32678882 479108069
36399610 620490463
31657628 479138222
34874456 620532552
30811512 479159683
33367965 620567882
29803246 479181092
31870151 620596858
28867945 479196903
30241773 620621403
27876754 479209407
28578367 620638996
26935339 479217233
27181550 620647929
25978170 479221144
25483750 620651611
25087672 479221121
24151753 620648987
24189458 479217521
22462080 620638684
23182413 479209214
20935680 620622672
22200386 479196764
19377710 620599762
21271162 479181030
17952944 620573005
20312721 479160771
16279813 620534498
19473511 479139672
14676936 620490429
18471111 479110356
13352158 620448701
17568000 479080108
11744386 620391609
16575070 479042653
10170867 620328881
15644142 479003541
8676715 620263040
14702126 478960025
7076062 620185718
13660125 478907271
5519566 620103790
12839119 478862287
4037294 620019590
11864801 478804990
2549601 619929015
10938409 478746571
974605 619826497
10019564 478684829
-712256 619709131
9039798 478614824
-2070363 619608946
8093012 478543081
-3715729 619480762
7188551 478470785
-5366539 619344650
6191271 478386805
-6823873 619218237
5302949 478308231
-8440822 619071108
4219598 478207592
-9918840 618930291
3293946 478117407
-11344640 618788713
2394261 478026042
-13008005 618616419
1505790 477932222
-14499870 618455351
586116 477831341
-15962316 618291450
-361142 477723425
-17529150 618109240
-1387233 477601928
-19059700 617924637
-2369326 477481155
-20694245 617720264
-3306149 477361853
-22141914 617533014
-4118446 477255167
-23753366 617317670
-5078340 477125208
-25086238 617134045
-6000774 476996345
-26614373 616917371
-6979921 476855289
-28331099 616666110
-7854885 476725515
-29633927 616469876
-8817126 476578726
-31367870 616201260
-9841966 476417691
-32692467 615990319
-10731320 476274010
-34305569 615726707
-11606800 476128993
-35879225 615462406
-12615388 475957517
-37368296 615205811
-13480572 475806653
-38971803 614922410
-14433521 475636446
-40392643 614665141
-15405327 475458501
-41968240 614373073
-16284935 475293626
-43430345 614095654
-17220241 475114326
-44904107 613809784
-18105459 474940837
-46449704 613503234
-19068098 474747980
-47938275 613201449
-19994461 474558253
-49462980 612885664
-20915571 474365568
-51051573 612549442
-21855927 474164697
-52607129 612213068
-22874502 473942361
-53909706 611925946
-23707668 473756809
-55601597 611545567
-24629576 473547616
-56955676 611235062
-25534183 473338377
-58462017 610883277
-26543396 473100286
-60063645 610501864
-27436281 472885533
-61507086 610151591
-28299634 472674205
-63015715 609778861
-29191696 472452041
-64530139 609397853
-30208693 472194024
-66103474 608994736
-31158135 471948575
-67592309 608606408
-32043544 471715689
-68987072 608236544
-33000882 471459535
-70384241 607860132
-33887502 471218259
-71969049 607425985
-34738982 470982872
-73565391 606980933
-35679974 470718541
-74904293 606601637
-36649913 470441445
-76313517 606196471
-37476871 470201470
-77940933 605720954
-38372321 469937737
-79491479 605260271
-39352900 469644283
-80924204 604827954
-40218946 469381048
-82238913 604425615
-41131539 469099532
-83719724 603965965
-41978010 468834608
-85389083 603439525
-42872661 468550609
-86854213 602970243
-43796742 468252937
-88230502 602523221
-44764425 467936484
-89781829 602012120
-45605898 467657351
-91169916 601548282
-46541889 467342523
-92720917 601022691
-47413113 467045356
-94061930 600562011
-48330091 466728268
-95616832 600020567
-49163592 466436191
-96979632 599539553
-50151421 466085258
-98378244 599039595
-50924357 465807038
-99974018 598461322
-51822440 465479754
-101331831 597962674
-52792004 465121547
-102688049 597458520
-53674132 464791228
-104327101 596841064
-54471405 464489048
-105630182 596343767
-55399536 464132899
-107080284 595783661
-56267224 463795671
-108528928 595217034
-57251211 463408222
-110098559 594595051
-58095533 463071491
-111398107 594073737
-58875123 462757051
-112735829 593531068
-59767858 462392799
-114347659 592869019
-60630695 462036487
-115776912 592274442
-61594809 461633373
-117151355 591695960
-62510217 461245733
-118611493 591074171
-63370114 460877237
-119929399 590506513
-64252128 460494847
-121472637 589833991
-65080391 460131666
-122767971 589262966
-65925294 459757082
-124281583 588588115
-66833747 459349668
-125558641 588012327
-67665092 458972585
-126927131 587388768
-68571621 458556744
-128452809 586685559
-69336436 458202110
-129812152 586051843
-70162115 457815328
-131158758 585417361
-71101187 457370445
-132602521 584729645
-71886210 456994449
-134056479 584029228
-72751127 456575844
-135323764 583412277
-73594289 456163359
-136789628 582691099
-74435805 455747311
-138096248 582041395
-75352934 455288880
-139538931 581316465
-76110030 454906488
-140878617 580636131
-77049630 454426911
-142296347 579908605
-77817914 454030628
-143541289 579263298
-78697441 453572354
-145022784 578487465
-79529172 453134427
-146468581 577721982
-80332322 452707316
-147821950 576997913
-81221930 452229341
-148976780 576374276
-82091585 451757085
-150415159 575590011
-82893241 451317347
-151766242 574845711
-83720716 450858978
-153037202 574138752
-84522669 450410386
-154412583 573366236
-85295983 449973721
-155898235 572522989
-86137075 449494190
-157069916 571851462
-86960506 449020058
-158410957 571075798
-87784983 448540660
-159834773 570243935
-88591098 448067393
-161065479 569517938
-89434431 447567429
-162464230 568684920
-90282314 447059733
-163813452 567873382
-91047734 446597046
-165162936 567053750
-91862362 446100025
-166488518 566240848
-92742382 445557748
-167799482 565429260
-93526836 445069632
-169021806 564665639
-94239968 444621996
-170313904 563851127
-95059892 444102704
-171600969 563032268
-95854181 443594895
-173082831 562080101
-96668777 443069205
-174341813 561263198
-97474597 442544259
-175662019 560398657
-98226135 442050228
-176947335 559549118
-98995492 441540001
-178066133 558803288
-99834986 440978043
-179416836 557894920
-100675849 440409664
-180687983 557032054
-101449500 439881806
-181923287 556186020
-102226975 439346557
-183315838 555223348
-102920729 438864862
-184532964 554374120
-103761037 438276210
-185772195 553501897
-104505572 437749847
-186932079 552678543
-105340451 437154196
-188302953 551696634
-106008193 436673634
-189588305 550767261
-106808112 436093036
-190870622 549831591
-107537986 435558568
-191956027 549032915
-108344795 434962484
-193162433 548137943
-109089342 434407434
-194588041 547070412
-109850481 433835042
-195664586 546257060
-110622382 433249372
-197012085 545230171
-111377687 432671191
-198093336 544399019
-112081307 432127990
-199400890 543385307
-112854351 431526043
-200615692 542434980
-113585143 430951992
-201749604 541540453
-114402460 430304152
-202990258 540553363
-115026474 429805354
-204205321 539578083
-115867640 429127190
-205473553 538551009
-116558922 428564842
-206680762 537564611
-117307384 427950815
-207769192 536667880
-118078977 427312130
-209037512 535614015
-118689640 426802526
-210273940 534577299
-119494150 426125524
-211428533 533600775
-120239435 425492588
-212625681 532579574
-120960522 424874859
-213630409 531715616
-121657883 424272401
-214937243 530582360
-122364780 423656577
-215944711 529701284
-123055266 423050014
-217121627 528663740
-123776961 422410654
-218390119 527535366
-124469897 421791541
-219554518 526490256
-125115074 421210439
-220596988 525546918
-125836550 420555237
-221687637 524552145
-126609717 419846711
-222953839 523387083
-127294918 419213213
-223974644 522439769
-128009552 418546845
-225141955 521347586
-128611692 417980836
-226310067 520245023
-129369737 417262310
-227330790 519273598
-129975660 416683134
-228559025 518094695
-130691273 415993504
-229574582 517111590
-131381246 415322765
-230753973 515960293
-132111675 414606392
-231858152 514872957
-132683119 414041368
-232932932 513805674
-133375688 413351127
-233994268 512743019
-134122262 412600286
-235022376 511705269
-134741407 411972198
-236118636 510589544
-135444196 411253241
-237322054 509353703
-136026167 410652980
-238280586 508360956
-136709936 409941973
-239401743 507190213
-137343455 409277603
-240398200 506140917
-138041870 408538833
-241534468 504934191
-138619956 407922246
-242505509 503894203
-139302285 407188449
-243663822 502642973
-139964386 406470087
-244641638 501577557
-140567720 405809989
-245674421 500443012
-141211987 405099240
-246685367 499323142
-141808389 404435823
-247694826 498195595
-142459882 403705024
-248748534 497008546
-143123085 402954454
-249738624 495883650
-143777204 402207508
-250816886 494647936
-144367142 401528096
-251868927 493431418
-144937044 400866504
-252856573 492279459
-145602381 400087492
-253817949 491148792
-146203168 399377831
-254787686 489998812
-146843856 398614424
-255801840 488785824
-147400055 397946070
-256882271 487481756
-147995014 397225272
-257756049 486418069
-148667387 396403274
-258828235 485101617
-149171594 395781623
-259794688 483904214
-149812911 394984333
-260651783 482833624
-150426450 394214557
-261583982 481659818
-151001024 393487344
-262604370 480363558
-151552792 392783144
-263554334 479145868
-152198438 391951734
-264481332 477947322
-152762856 391218278
-265395801 476754849
-153348809 390450168
-266404967 475427023
-153866529 389765758
-267317610 474215293
-154414913 389034836
-268266527 472944225
-154998377 388250299
-269203361 471677973
-155541442 387513621
-270119097 470429129
-156174758 386646504
-270954289 469280387
-156694294 385928616
-271856392 468028997
-157218409 385198310
-272797615 466711382
-157746825 384455712
-273673481 465474092
-158333088 383624285
-274543940 464233580
-158917101 382788023
-275424459 462967518
-159375121 382126466
-276270450 461740288
-159939497 381304262
-277125269 460489293
-160496860 380484523
-278010352 459182184
-161027248 379697163
-278901696 457853438
-161500909 378987891
-279700058 456652546
-162023941 378197853
-280556419 455352898
-162590359 377334031
-281471852 453950164
-163090239 376564415
-282274786 452708156
-163607000 375761505
-283074934 451459404
-164122212 374953461
-283956578 450070438
-164584654 374221642
-284810108 448712479
-165161810 373299431
-285512328 447585259
-165587107 372613450
-286373802 446189829
-166144619 371705789
-287228303 444791725
-166609401 370941645
-287964775 443575336
-167087944 370147642
-288786074 442206132
-167594929 369298276
-289517116 440975895
-168034468 368554954
-290362188 439539962
-168521574 367723491
-291183915 438129192
-169023221 366858563
-291890526 436904368
-169483707 366056706
-292609304 435647123
-169935424 365262614
-293463114 434138507
-170409342 364421325
-294198350 432825896
-170901605 363538409
-294960366 431451967
-171341915 362740671
-295674664 430151307
-171807360 361888980
-296367460 428877734
-172252876 361065470
-297157389 427410757
-172674446 360278584
-297864263 426084301
-173156458 359369561
-298605048 424679956
-173558542 358603487
-299246769 423451345
-174020376 357714616
-300039836 421917108
-174419025 356939472
-300760839 420506683
-174873152 356047331
-301428121 419187766
-175267828 355263897
-302134292 417777400
-175690856 354415626
-302786566 416461023
-176122951 353539798
-303480353 415046107
-176590656 352580823
-304117821 413732292
-176961233 351812683
-304798491 412314512
-177369002 350958727
-305463158 410914799
-177810081 350024452
-306116288 409524285
-178159069 349277249
-306764715 408128577
-178590354 348343824
-307422155 406697575
-178967815 347517553
-308068866 405273868
-179388586 346585905
-308738257 403782969
-179768710 345734395
-309356858 402389128
-180111072 344959240
-309930342 401082767
-180498574 344072200
-310522222 399719792
-180886136 343174444
-311180596 398185632
-181245824 342331505
-311807462 396706667
-181603791 341483003
-312378479 395343513
-181993943 340546976
-312971565 393911077
-182328970 339733561
-313570008 392448031
-182697828 338827384
-314102689 391130362
-183073128 337893585
-314670310 389709813
-183400062 337070122
-315252598 388234364
-183765939 336137158
-315834544 386740760
-184120745 335220528
-316411283 385241118
-184410105 334464022
-316953091 383814107
-184790385 333457162
-317412127 382590853
-185074910 332694134
-318034389 380911059
-185413525 331774853
-318529955 379554913
-185740628 330874877
-319034552 378156718
-186056952 329992992
-319523811 376783758
-186402486 329016193
-320105675 375127986
-186707839 328140837
-320560688 373815186
-187017052 327242360
-321105001 372223181
-187320250 326349143
-321543138 370924046
-187618603 325457946
-322042548 369423266
-187898858 324609319
-322565974 367826603
-188182994 323737146
-322976612 366556343
-188498110 322755447
-323454552 365057574
-188755845 321940774
-323965054 363431583
-189061088 320961706
-324411442 361987639
-189340615 320051032
-324844589 360565923
-189622646 319117945
-325287543 359090158
-189864219 318306857
-325712854 357651498
-190138917 317370688
-326167866 356087823
-190406535 316443850
-326583168 354637474
-190671614 315510749
-327018758 353091454
-190927160 314596357
-327418772 351648288
-191163386 313737544
-327826164 350154384
-191424654 312771805
-328256975 348546842
-191647894 311932806
-328595577 347262401
-191905954 310946279
-328998386 345709178
-192125302 310093014
-329368463 344256859
-192355519 309182178
-329787803 342580374
-192613626 308141400
-330156694 341077032
-192827988 307260426
-330496793 339666076
-193030919 306411813
-330870401 338087024
-193244047 305504460
-331213964 336606629
-193468003 304532271
-331540000 335175257
-193682176 303583548
-331864469 333723730
-193892443 302632979
-332230844 332050409
-194081258 301762266
-332535358 330630263
-194286380 300796889
-332855584 329106308
-194488688 299823665
-333177625 327540194
-194653370 299015028
-333479432 326040011
-194848428 298036960
-333738336 324726482
-195024583 297133589
-334049970 323110745
-195217771 296119420
-334345890 321539055
-195377598 295260578
-334630379 319991211
-195545756 294336249
-334909806 318433156
-195728363 293306677
-335157165 317020425
-195872678 292472588
-335411614 315531992
-196044657 291453236
-335661180 314034869
-196202558 290491123
-335926265 312401023
-196337910 289644824
-336145722 311011672
-196479550 288736181
-336388515 309432571
-196624090 287782669
-336632410 307798011
-196772236 286775400
-336853093 306273501
-196895416 285912688
-337064508 304768681
-197033786 284913732
-337274960 303223574
-197165099 283933686
-337473702 301717093
-197283053 283024037
-337648308 300351936
-197401487 282079913
-337852445 298701486
-197515743 281136780
-338038732 297138660
-197616145 280279020
-338220141 295558683
-197729205 279276978
-338384160 294075054
-197826319 278382155
-338535257 292656550
-197930171 277385960
-338707864 290967722
-198020645 276480763
-338860761 289402648
-198104214 275609693
-338985985 288065854
-198202074 274540931
-339142241 286318208
-198274336 273713115
-339269309 284822023
-198362949 272645836
-339389055 283340349
-198436842 271704676
-339509848 281763445
-198502864 270817362
-339611069 280367426
-198567488 269898833
-339723390 278723486
-198626708 269005547
-339828213 277080617
-198692551 267942065
-339918193 275567563
-198747893 266977479
-340003448 274025216
-198794012 266111905
-340080966 272507572
-198840490 265167933
-340148218 271077815
-198886666 264137884
-340218089 269447022
-198925041 263188269
-340278822 267867437
-198956391 262326253
-340325894 266499661
-198988345 261335034
-340378568 264752817
-199013458 260439082
-340417542 263235766
-199037170 259443414
-340449580 261751707
-199054999 258532318
-340476197 260228805
-199068949 257634638
-340495438 258797353
-199080604 256596856
-340510031 257237403
-199086473 255766993
-340518471 255494512
-199089453 254791033
-340519092 253994979
-199088055 253776324
-340514317 252630146
-199082287 252788094
-340501185 250923308
-199073243 251887406
-340483622 249462377
-199060562 250985187
-340456532 247799450
-199042336 249988381
-340426404 246334384
-199019656 248990430
-340391106 244895670
-198997765 248172745
-340341087 243163112
-198968630 247224006
-340291001 241658945
-198932317 246190276
-340239485 240275918
-198893492 245210352
-340176386 238745770
-198858107 244399108
-340097482 237019125
-198812773 243445872
-340025915 235588515
-198764015 242504421
-339938281 233971808
-198703032 241421558
-339845418 232387073
-198645411 240474735
-339754534 230939051
-198591886 239649069
-339649091 229363391
-198528485 238726785
-339534391 227754718
-198456006 237734425
-339429160 226359765
-198376984 236715470
-339308670 224843196
-198308293 235875012
-339182511 223334532
-198221121 234860248
-339031322 221617984
-198135140 233908423
-338902974 220228499
-198042430 232929281
-338745143 218593919
-197961073 232105456
-338581038 216970297
-197865429 231174354
-338430284 215538813
-197750392 230101807
-338253756 213927301
-197653813 229236752
-338086895 212461347
-197543764 228286139
-337905134 210921172
-197433152 227364529
-337717809 209389490
-197319742 226451381
-337541734 207996362
-197185139 225405210
-337317299 206279734
-197072391 224557397
-337117768 204804113
-196935744 223561451
-336918084 203370679
-196799883 222602548
-336684631 201745062
-196664370 221674464
-336461388 200236936
-196540228 220847131
-336221875 198665087
-196375988 219783448
-335975235 197092398
-196238468 218917782
-335757612 195740479
-196084733 217974872
-335495899 194155742
-195934574 217077383
-335256456 192742386
-195780489 216178822
-334957688 191024166
-195595688 215128905
-334700972 189585149
-195437089 214250310
-334428615 188093573
-195275177 213373305
-334146458 186583969
-195088052 212383193
-333874287 185159974
-194902915 211426747
-333573083 183618584
-194726298 210534388
-333229251 181900520
-194550949 209666652
-332926157 180420325
-194330043 208597718
-332621830 178964476
-194157908 207782423
-332299915 177455696
-193962483 206874449
-331992490 176043106
-193743004 205875821
-331651639 174507428
-193550500 205017286
-331281634 172874667
-193339300 204093003
-330929555 171352267
-193125219 203173946
-330612220 170004834
-192885461 202164821
-330247796 168484904
-192666301 201260035
-329860942 166901900
-192459904 200422562
-329521475 165537363
-192229472 199503522
-329105001 163893058
-191972759 198498506
-328757483 162544924
-191733326 197578146
-328355837 161012609
-191502669 196706295
-327968808 159561036
-191254300 195782955
-327542458 157989024
-191016435 194913026
-327161296 156606550
-190752590 193963772
-326695519 154945189
-190475573 192984078
-326313587 153604886
-190225145 192112697
-325866642 152060489
-189955805 191189980
-325421355 150546520
-189703209 190337689
-324970266 149036881
-189416185 189383939
-324554641 147666475
-189132159 188454916
-324109803 146220713
-188881729 187647476
-323603883 144601705
-188593337 186730683
-323198392 143322750
-188289566 185779516
-322673073 141689552
-187977926 184818555
-322174169 140162290
-187711977 184009918
-321737451 138843697
-187416459 183123267
-321260416 137422189
-187107669 182209687
-320696870 135767264
-186787866 181276895
-320229439 134413885
-186480949 180394010
-319764804 133085326
-186173227 179520491
-319209716 131519225
-185835117 178573723
-318664328 130002071
-185530219 177731226
-318193830 128709834
-185183948 176786919
-317623299 127162761
-184901119 176025176
-317128683 125838630
-184564183 175128552
-316536964 124274688
-184205036 174185382
-315943109 122726415
-183872205 173322509
-315466796 121499525
-183515792 172410039
-314820509 119855367
-183147119 171478332
-314263701 118457226
-182799970 170611944
-313719189 117105891
-182464090 169783461
-313136077 115675702
-182080375 168848389
-312581959 114332386
-181765088 168088908
-311959278 112840630
-181396042 167209759
-311362237 111427439
-180991043 166256807
-310779940 110064832
-180638851 165437881
-310107500 108509987
-180263879 164575692
-309463061 107038135
-179885968 163716583
-308922971 105817975
-179476931 162797532
-308294407 104412861
-179100895 161962267
-307638268 102962775
-178704845 161092247
-306961359 101484125
-178295589 160203386
-306296565 100048594
-177878732 159308349
-305683351 98738681
-177500835 158505731
-304986609 97266475
-177128146 157722131
-304349141 95934159
-176714302 156861027
-303688895 94568609
-176304039 156016511
-302953959 93065332
-175869639 155131972
-302369438 91882008
-175435808 154258249
-301648404 90436938
-174991734 153373635
-300913708 88980685
-174601398 152604002
-300218622 87617611
-174146090 151715408
-299555285 86329772
-173709804 150872956
-298800438 84879312
-173251519 149997288
-298101412 83550052
-172804730 149152507
-297372121 82177185
-172357768 148315997
-296634765 80803271
-171972052 147600869
-295910953 79468096
-171485767 146708004
-295142860 78065528
-171048485 145913234
-294379083 76685093
-170538075 144995048
-293681059 75435651
-170084585 144187642
-292904538 74059030
-169673272 143462004
-292192331 72808507
-169164948 142573798
-291435971 71492843
-168663240 141706248
-290653533 70144956
-168238139 140978087
-289762996 68626740
-167752488 140153809
-289031259 67391639
-167251701 139312156
-288241042 66070105
-166778716 138524818
-287389050 64659244
-166284670 137710127
-286698594 63526310
-165799834 136918124
-285885797 62204355
-165305339 136117839
-284954996 60705734
-164762554 135247940
-284191754 59488789
-164297212 134509125
-283412228 58256730
-163724587 133608627
-282528936 56873657
-163214906 132814978
-281732098 55637570
-162772274 132131630
-280838261 54263861
-162244600 131324016
-279972063 52945339
-161671712 130455692
-279125678 51668821
-161145486 129665723
-278288062 50416841
-160625411 128892032
-277380285 49072457
-160129228 128160290
-276602232 47930322
-159580716 127358528
-275687721 46599615
-159019832 126546299
-274873382 45425159
-158484057 125777497
-274006920 44186189
-157980429 125061003
-273032922 42806337
-157427077 124280556
-272094483 41489523
-156871168 123503532
-271315247 40405377
-156310700 122727144
-270397514 39139152
-155771560 121986824
-269492814 37901956
-155220004 121235963
-268475446 36523551
-154623484 120431174
-267530781 35255630
-154040202 119651435
-266609053 34029419
-153490804 118923385
-265800865 32962993
-152885990 118128948
-264799590 31652919
-152330737 117406008
-263888179 30470971
-151756642 116664869
-262962728 29280932
-151139354 115875040
-261973687 28020211
-150576677 115161364
-261056763 26861487
-149954557 114379149
-260081406 25639389
-149404420 113693349
-259056008 24366040
-148763715 112901522
-258026791 23099560
-148175562 112181056
-257165753 22048826
-147575894 111452706
-256187387 20864499
-147014227 110776124
-255140528 19608380
-146420366 110066580
-254165555 18448701
-145755337 109278998
-253181218 17287696
-145203286 108630744
-252154224 16086732
-144541171 107859760
-251222938 15006699
-143926784 107150619
-250184068 13811866
-143275416 106405280
-249174311 12660446
-142703781 105756601
-248041306 11379967
-142022024 104989492
-247133851 10363028
-141434800 104334369
-245976635 9077172
-140787130 103617758
-245072477 8080953
-140142071 102910148
-243919157 6820802
-139462202 102170863
-242862126 5676156
-138837808 101497706
-241773591 4507540
-138221979 100839154
-240858515 3533003
-137545226 100121519
-239770224 2383220
-136959675 99505659
-238654501 1214724
-136207653 98721507
-237588145 107516
-135564272 98056623
-236440004 -1074277
-134951504 97428438
-235436073 -2098967
-134259798 96725192
-234313944 -3234851
-133650534 96110848
-233263120 -4289629
-132992826 95452936
-232214887 -5333309
-132300590 94766333
-231085448 -6448460
-131605156 94082523
-229955269 -7554724
-130879803 93375580
-228819958 -8656445
-130284416 92800042
-227664336 -9768154
-129587718 92131931
-226617831 -10766532
-128861402 91441497
-225474220 -11848571
-128168258 90788313
-224328726 -12923104
-127446091 90113645
-223260420 -13916953
-126762580 89480540
-222120579 -14968641
-126051333 88827303
-220939187 -16049287
-125356058 88194153
-219851054 -17036279
-124678755 87582460
-218704822 -18067409
-123962631 86941110
-217498442 -19143267
-123293017 86346383
-216431942 -20086459
-122610021 85744664
-215246535 -21126182
-121890936 85116434
-213978421 -22228504
-121194989 84513523
-212844824 -23205293
-120432785 83858910
-211763684 -24129397
-119694297 83230284
-210560866 -25149009
-119030704 82670077
-209399744 -26124872
-118295233 82054298
-208153976 -27162797
-117478056 81376339
-207087079 -28044299
-116731317 80762490
-205858561 -29050973
-116027492 80188823
-204549056 -30114254
-115355760 79645708
-203391986 -31045473
-114597454 79037703
-202113438 -32065508
-113779215 78387659
-200958432 -32978982
-113122448 77870365
-199822812 -33869796
-112356027 77271687
-198587929 -34830306
-111634684 76713078
-197249146 -35862111
-110817246 76085690
-196107920 -36733916
-110040456 75494993
-194914710 -37637885
-109360717 74982446
-193639537 -38595499
-108559572 74383518
-192404498 -39514732
-107832949 73845090
-191203712 -40400768
-107039266 73262123
-189926947 -41334611
-106327673 72743987
-188621935 -42280405
-105496128 72143890
-187460240 -43114991
-104752516 71612119
-186179770 -44026968
-103924576 71025399
-184789061 -45008117
-103264211 70561443
-183566576 -45862620
-102474331 70011127
-182273919 -46758143
-101704812 69479812
-181021414 -47618044
-100928199 68948373
-179711199 -48509417
-100144214 68416715
-178461247 -49352090
-99285895 67840157
-177226900 -50176926
-98489063 67310011
-175885066 -51065409
-97723258 66805105
-174612816 -51900013
-96911331 66274668
-173351401 -52720072
-96149163 65781273
-172163697 -53485495
-95269427 65217182
-170675162 -54435667
-94579282 64778684
-169433141 -55220780
-93666835 64204333
-168088281 -56063062
-92977113 63774221
-166809039 -56856746
-92104331 63234902
-165628827 -57582549
-91268172 62723360
-164228189 -58435952
-90555993 62291605
-162962455 -59199785
-89707650 61781996
-161493223 -60077712
-88838608 61265206
-160145950 -60874602
-88014791 60780180
-158823172 -61649466
-87258097 60338818
-157601382 -62358585
-86410133 59848903
-156274752 -63121441
-85635027 59405380
-154840870 -63937702
-84783670 58922922
-153563376 -64657754
-83924575 58441027
-152183379 -65428031
-83178507 58026539
-150789950 -66197905
-82281391 57533027
-149525452 -66889722
-81523307 57120137
-148212419 -67601269
-80654647 56651650
-146750616 -68385311
-79800723 56195895
-145526096 -69035543
-78913424 55727319
-143970047 -69853271
-78112850 55308877
-142641311 -70544021
-77256624 54865869
-141278060 -71245560
-76462185 54458983
-139974741 -71909526
-75573290 54008427
-138616806 -72594360
-74708458 53574809
-137117650 -73342224
-73828263 53138260
-135698988 -74042067
-73022153 52742649
-134332695 -74708893
-72166621 52327145
-133089338 -75309630
-71344871 51932250
-131746571 -75951918
-70433763 51499198
-130288839 -76641627
-69591061 51103111
-128784950 -77344963
-68747059 50710676
-127519445 -77930389
-67965745 50351170
-126090117 -78584583
-67091296 49953096
-124682428 -79221639
-66193339 49549006
-123194380 -79887301
-65391238 49192043
-121811059 -80499001
-64458796 48781782
-120356110 -81135023
-63527310 48376966
-119039527 -81704097
-62671255 48009334
-117526522 -82350531
-61806058 47642039
-116070197 -82965176
-60997928 47302819
-114623642 -83568381
-60058488 46913129
-113184527 -84161289
-59189072 46556916
-111800651 -84724705
-58327888 46208252
-110405608 -85286019
-57502936 45878136
-108967950 -85857530
-56631387 45533476
-107498310 -86434501
-55738399 45184688
-106134624 -86963348
-54829839 44834315
-104701794 -87512271
-53884049 44474378
-103285158 -88048236
-53116816 44185970
-101747946 -88622258
-52101552 43809225
-100425055 -89109976
-51258957 43500773
-98960047 -89643352
-50418487 43196892
-97355231 -90219537
-49503714 42870434
-95986290 -90704381
-48586950 42547729
-94560312 -91202940
-47630894 42215931
-93063960 -91719018
-46813451 41936057
-91667949 -92193976
-45922183 41634902
-90257974 -92667328
-45004707 41329226
-88669844 -93192874
-44046263 41014577
-87148882 -93688660
-43155756 40726496
-85679563 -94160644
-42235047 40432945
-84174440 -94637058
-41345679 40153521
-82699926 -95096872
-40513309 39895673
-81357146 -95509677
-39642376 39629659
-79905443 -95949636
-38620685 39322510
-78496455 -96370379
-37704903 39051687
-76954975 -96823639
-36851744 38803187
-75462414 -97255522
-35922240 38536609
-73892178 -97702485
-35114412 38308439
-72368309 -98129023
-34168798 38045485
-70975013 -98512808
-33260484 37797088
-69344486 -98954437
-32285472 37534996
-68077311 -99292082
-31388138 37297931
-66506482 -99703901
-30458678 37056553
-65054486 -100077952
-29514815 36815768
-63558960 -100456598
-28625629 36592913
-61945110 -100857690
-27658804 36354969
-60402119 -101233905
-26750818 36135638
-59007438 -101567864
-25936645 35942361
-57602588 -101898427
-24895049 35699761
-56059269 -102254843
-24032649 35502848
-54396278 -102631035
-23178874 35311420
-52876714 -102967673
-22156497 35086777
-51561612 -103253551
-21315993 34905832
-49857774 -103616414
-20363742 34704892
-48548782 -103889438
-19457444 34517646
-46856241 -104235073
-18500524 34324161
-45383492 -104529063
-17585917 34143273
-43873745 -104823926
-16616033 33955756
-42330834 -105118469
-15706234 33783873
-40912369 -105383208
-14712993 33600655
-39369513 -105664601
-13800395 33436379
-37892153 -105927654
-12853675 33270066
-36244893 -106213601
-11940205 33113548
-34836884 -106451879
-10965053 32950738
-33254442 -106712941
-10123283 32813742
-31703993 -106961824
-9111361 32653391
-30229743 -107192154
-8162175 32507278
-28623079 -107436169
-7271415 32373934
-27081316 -107663472
-6366090 32242148
-25574317 -107879175
-5355356 32099461
-24196249 -108070829
-4539732 31987731
-22606858 -108285250
-3494473 31848993
-21047643 -108488715
-2547326 31727585
-19561249 -108676341
-1597191 31609903
-17982275 -108868889
-730028 31506083
-16416877 -109052913
185692 31400160
-14910216 -109223583
1159621 31291680
-13397160 -109388620
2072654 31193886
-11807670 -109555143
3094850 31088877
-10341923 -109702488
4051866 30994843
-8890869 -109842491
4931506 30912059
-7353930 -109984423
5835570 30830611
-5607314 -110137789
6753761 30751658
-4087710 -110264368
7741175 30670985
-2668658 -110376819
8771615 30591469
-1144866 -110491389
9719956 30522501
406224 -110601446
10680809 30456737
1996682 -110707422
11483166 30404990
3585186 -110806328
12431910 30347523
5162707 -110897690
13477024 30288880
6521457 -110970908
14404708 30240918
8239206 -111056223
15260698 30200074
9558634 -111116262
16232714 30157661
11204162 -111184457
17218717 30118946
12790475 -111243180
18105188 30087841
14237219 -111290731
19168317 30055159
15908849 -111338544
20132934 30029865
17482924 -111376580
20988522 30010899
18961381 -111406137
21906187 29994181
20407798 -111429272
22841469 29981002
22145642 -111449508
23894696 29970823
23556423 -111459867
24787255 29966063
25051826 -111464911
25700733 29964864
26712031 -111463355
26678443 29967697
28230001 -111455343
27580098 29974081
29739631 -111441131
28515051 29984523
31361943 -111418916
29478932 29999364
32898225 -111391250
30411890 30017670
34439787 -111357003
31492340 30043715
35863769 -111319595
32364971 30068548
37475387 -111270568
33294544 30098736
38942369 -111219762
34237712 30133304
40569502 -111156519
35160159 30170951
42125400 -111089263
36213870 30218604
43533995 -111022654
37062805 30260604
45259677 -110933634
38064107 30314282
46741536 -110850672
38942198 30365045
48351487 -110753705
39951819 30427677
49745803 -110663971
40889598 30489943
51251479 -110561066
41862235 30558689
52920536 -110439704
42839163 30632011
54455288 -110321334
43784177 30707016
55879741 -110205659
44691176 30782781
57590694 -110059315
45547642 30857724
59084923 -109924891
46484326 30943469
60638120 -109778614
47431864 31034234
61965135 -109648345
48400438 31131206
63707259 -109469913
49320506 31227249
65219841 -109308155
50309036 31334711
66687355 -109145137
51281659 31444768
68143299 -108977478
52194435 31551960
69858861 -108772338
53077595 31659280
71288858 -108595063
54147073 31793998
72813472 -108399758
54975011 31901872
74222866 -108213420
55931632 32030414
75952508 -107977125
56957709 32172944
77275723 -107790675
57820243 32296491
78902650 -107554673
58797244 32440563
80417282 -107328248
59721659 32580924
81937830 -107094417
60711173 32735537
83441451 -106856749
61613645 32880494
85023554 -106599750
62482548 33023622
86605933 -106335586
63483345 33192816
88005343 -106096021
64329657 33339526
89481964 -105837175
65375195 33525381
91022413 -105560489
66188819 33673543
92727301 -105246332
67196198 33861281
94096347 -104988010
68078984 34029713
95599228 -104698214
68956663 34200804
97176409 -104387074
69967153 34402281
98697720 -104080128
70839729 34580143
100161528 -103778440
71776570 34775121
101679836 -103458929
72689979 34969235
103309396 -103108518
73731349 35195393
104619451 -102821175
74518427 35369762
106313859 -102442057
75452411 35580527
107845591 -102092063
76452734 35810908
109340177 -101743880
77427978 36040156
110747793 -101409908
78297357 36248393
112201157 -101058907
79137670 36453151
113685854 -100693842
80180938 36712139
115157975 -100325367
81072531 36937681
116709197 -99930064
81966947 37167846
118289918 -99519799
82879016 37406598
119705997 -99145863
83735169 37634441
121131802 -98763226
84696704 37894647
122630264 -98354436
85674067 38163835
124269499 -97899403
86528275 38402995
125730861 -97486815
87462196 38668644
127038520 -97112065
88271927 38902506
128573936 -96665319
89207513 39176822
130109600 -96211211
90092026 39440227
131542033 -95781031
91107251 39747443
133077829 -95312708
91929953 40000246
134541195 -94859608
92891658 40300145
135929159 -94423642
93720260 40562338
137579454 -93897372
94678063 40869819
139044865 -93422835
95564244 41158530
140392449 -92980428
96448242 41450590
141875414 -92486877
97408050 41772307
143433388 -91960770
98289264 42071927
144865848 -91470152
99200477 42386040
146348205 -90955459
100104707 42702079
147698390 -90480448
100956431 43003733
149138858 -89967120
101908606 43345538
150715891 -89397329
102725702 43642722
152006321 -88925001
103567524 43952653
153584943 -88339700
104552855 44320279
155001176 -87807562
105467747 44666342
156358948 -87291105
106290631 44981502
157828636 -86725109
107166311 45320957
159288567 -86155665
108091742 45684286
160818704 -85551088
108923955 46015065
162158843 -85015035
109783197 46360628
163672083 -84402354
110619246 46700823
164917550 -83892182
111535358 47078105
166522623 -83226798
112402762 47439694
167752006 -82711105
113352393 47840460
169184666 -82103481
114110486 48164086
170685174 -81459355
115061781 48574854
172149936 -80822907
115899890 48941075
173486944 -80235319
116730523 49308050
174970721 -79575756
117702530 49742596
176329201 -78964959
118522649 50113551
177664202 -78358227
119325946 50480744
179237699 -77634793
120155896 50864143
180612347 -76995379
121128367 51318612
181965082 -76359379
121889291 51678178
183213731 -75766312
122722792 52076052
184781799 -75013320
123578134 52488740
186165784 -74341084
124493377 52935284
187421726 -73724801
125293943 53330101
188826950 -73028184
126210694 53787091
190318942 -72280317
127025008 54197408
191594286 -71634278
127872188 54628699
193095873 -70865582
128699222 55054103
194300383 -70242635
129527342 55484418
195652653 -69536510
130340004 55910962
197079416 -68783684
131196950 56365352
198524835 -68012789
132084894 56841198
199882188 -67281272
132931408 57299632
201239492 -66542378
133729199 57735988
202527699 -65834206
134543479 58185704
203880323 -65083345
135429700 58680172
205179295 -64355206
136239672 59136705
206586453 -63558556
137046477 59595860
207805826 -62861559
137857758 60062030
209255237 -62024967
138655165 60524623
210511775 -61292525
139477295 61006154
212007907 -60411666
140299890 61492664
213304280 -59640659
141185096 62021501
214591096 -58868158
141941760 62477933
215810590 -58129424
142801261 63001341
217236902 -57257135
143581302 63480948
218608758 -56409670
144311645 63933984
219772259 -55684349
145218682 64502035
221172502 -54803388
145991118 64990551
222371337 -54042097
146693480 65438583
223733165 -53169351
147590729 66016287
225018413 -52337864
148367827 66521523
226226571 -51549271
149181789 67055639
227537461 -50685911
149941359 67558634
228894209 -49783823
150698475 68064432
230130430 -48954258
151490931 68598613
231428126 -48075563
152309657 69155676
232673701 -47224506
153093835 69694204
233908567 -46373301
153800414 70183645
235229801 -45454261
154561432 70715288
236463658 -44588182
155344460 71267215
237880339 -43584374
156108816 71810824
239068378 -42734758
156950566 72415062
240260506 -41874985
157720743 72973102
241609998 -40892896
158471571 73521930
242679481 -40107869
159253407 74098518
244121775 -39039698
160039489 74683526
245340723 -38128358
160693029 75173968
246582046 -37192131
161504162 75787868
247699630 -36342122
162200614 76319604
248870630 -35444194
163004578 76938798
250081522 -34507755
163696729 77476534
251396427 -33481666
164443062 78061241
252552825 -32571263
165250079 78699239
253871815 -31523613
165980950 79282250
255038984 -30588255
166730277 79885176
256271778 -29591756
167432030 80454639
257441778 -28637811
168146921 81039604
258499483 -27768477
168973290 81721936
259743031 -26737877
169636863 82274671
260906499 -25765219
170324497 82852031
262201447 -24672960
171143902 83546184
263321836 -23719618
171782241 84091637
264431550 -22767668
172549390 84752647
265582604 -21772082
173217852 85333562
266727628 -20773368
173932475 85959738
267950327 -19697611
174662806 86605230
269170722 -18614201
175414121 87275192
270188893 -17702833
176075142 87869665
271433031 -16579853
176729767 88463074
272644358 -15476496
177457109 89127932
273732823 -14476539
178186548 89800625
274818898 -13470655
178836897 90405438
275981109 -12385166
179566589 91089781
277062104 -11366995
180281339 91766070
278156962 -10327283
180892481 92349058
279374547 -9160874
181629732 93058223
280486396 -8086304
182314602 93722830
281522993 -7076231
182913453 94308620
282634160 -5984570
183663276 95048291
283781134 -4847922
184350723 95732565
284847590 -3782012
184933477 96317286
285979311 -2641204
185681593 97074268
286996959 -1606780
186255446 97659813
288078497 -498365
186998360 98424257
289224007 685913
187666398 99117895
290167616 1669518
188247058 99725672
291288266 2847257
188959523 100477673
292351414 3974310
189591531 101150606
293357056 5049254
190248951 101856516
294479432 6259281
190856441 102514253
295473160 7339807
191530865 103250665
296498973 8464405
192161300 103945030
297474629 9542789
192783086 104635614
298584909 10780523
193459500 105393444
299607459 11930534
194046140 106056319
300682649 13150325
194609102 106697420
301589351 14187516
195237643 107419046
302730305 15503950
195853249 108131884
303646160 16569891
196548856 108944686
304604611 17694333
197170104 109677278
305629570 18907052
197718822 110329660
306574749 20034901
198373071 111114129
307645132 21323361
198954928 111817938
308615652 22502063
199549900 112543680
309643052 23760849
200178723 113317489
310497135 24816030
200742140 114016820
311547178 26124367
201336644 114760989
312542673 27376173
201959501 115547648
313417057 28485018
202469976 116197794
314441225 29795092
203091385 116995929
315401112 31034168
203682045 117761502
316315280 32224498
204274392 118536162
317220576 33413313
204788917 119214749
318173439 34675559
205362617 119977732
319114861 35933883
205968861 120791397
320055964 37203133
206540654 121565916
320835982 38263879
207082773 122306710
321865449 39676198
207601629 123021714
322675599 40797682
208152315 123787107
323626190 42125063
208740336 124611945
324580698 43470618
209290515 125390890
325460691 44722620
209852429 126193761
326244901 45847800
210314345 126859385
327148100 47154940
210892481 127699770
328011500 48415929
211435241 128496241
328868803 49679290
211996187 129327193
329721412 50947086
212503786 130086076
330654007 52347033
212988310 130816744
331403786 53482753
213551675 131674166
332259202 54789805
214074738 132477968
333094407 56077835
214541512 133201665
333980965 57458139
215024169 133956452
334741749 58653572
215585321 134842418
335697201 60169518
216109667 135678631
336453020 61380494
216546472 136381528
337222912 62624932
217093001 137269212
338034797 63949413
217588542 138082142
338858692 65306520
218061235 138864889
339599539 66538277
218577370 139727885
340506391 68061115
219051054 140527702
341273074 69361803
219525316 141336139
342068129 70723720
219992953 142140932
342735461 71877354
220475188 142978977
343599328 73385302
220943570 143801024
344287274 74598165
221404609 144618134
345114142 76070364
221838013 145393616
345801280 77306014
222286683 146204081
346548274 78662191
222761106 147069749
347305336 80050659
223222652 147920686
348033707 81400137
223630196 148679417
348720229 82684601
224086628 149537546
349475943 84112908
224523408 150367214
350190874 85478348
224979434 151242516
350908116 86862431
225424519 152105982
351628855 88267981
225850588 152941254
352311628 89613439
226267169 153766356
353046011 91076138
226726147 154685331
353678474 92349072
227142441 155528058
354337883 93689609
227557475 156377185
355057345 95168199
227949277 157187197
355770814 96651376
228363060 158051757
356404635 97983488
228793161 158960593
356989255 99224610
229160241 159744693
357712881 100777783
229588124 160668740
358367319 102199041
229977868 161520120
358926028 103425217
230362140 162368852
359662465 105059996
230710820 163147188
360206173 106280852
231135996 164107157
360873421 107795738
231519007 164982458
361522970 109288552
231880121 165817134
362062517 110542545
232274293 166738963
362728094 112107471
232629542 167579665
363311591 113496265
232998989 168464222
363846889 114784615
233359108 169336818
364495098 116363569
233700989 170174990
365046596 117723703
234031001 170993362
365641446 119208588
234395700 171908703
366165966 120533747
234749385 172807737
366732797 121983021
235069033 173630168
367281648 123403913
235415780 174533322
367881917 124978410
235762537 175448323
368435049 126448884
236100556 176352048
368971141 127892645
236435179 177258548
369496689 129326388
236773265 178186841
369992323 130695768
237062051 178989990
370527227 132193083
237404022 179953675
371022541 133598207
237716020 180845261
371561738 135148945
238027502 181747592
372061457 136606541
238323211 182615942
372523868 137973450
238609319 183467359
373014281 139442893
238907093 184365694
373476460 140847044
239186281 185219683
373988263 142424687
239507679 186217400
374457530 143893050
239792394 187114844
374924402 145375505
240056555 187959397
375402685 146917458
240357733 188936843
375854439 148396418
240631940 189840808
376234103 149656990
240906052 190758428
376667894 151117778
241147988 191580429
377117310 152655205
241410916 192487157
377586397 154287202
241677335 193420781
378005941 155771553
241942212 194364517
378395904 157173141
242184109 195240513
378771439 158543700
242439204 196179622
379177442 160049482
242693693 197132923
379608274 161675975
242912736 197967206
379983082 163116130
243143398 198860174
380353117 164562071
243376951 199780144
380749627 166139416
243613610 200729407
381128254 167674021
243835151 201634402
381457957 169034115
244059958 202569793
381848201 170674106
244299622 203586986
382162441 172019703
244494221 204428921
382524060 173597349
244718670 205418859
382844890 175024603
244902026 206243369
383197605 176625368
245120734 207246549
383518282 178111217
245326741 208212255
383837954 179623075
245506620 209072991
384174803 181251391
245707659 210055520
384487499 182797413
245882525 210928868
384763175 184189707
246063323 211851350
385081710 185834934
246242252 212785095
385349737 187251582
246404682 213651860
385617940 188700739
246579068 214604060
385896521 190241691
246762309 215630521
386159767 191733659
246912491 216493069
386412562 193201575
247073030 217437904
386666416 194712917
247235761 218421545
386947160 196431351
247372827 219271882
387164897 197800864
247536187 220313597
387398866 199311230
247673936 221217873
387627092 200826371
247815498 222174057
387860908 202425264
247946103 223082523
388096701 204090012
248079751 224040684
388283124 205446898
248211737 225017973
388491848 207012864
248316761 225819756
388687583 208530582
248434406 226745760
388889381 210150440
248557343 227748078
389077909 211719899
248664758 228656006
389232065 213047893
248770368 229581238
389410728 214642935
248880655 230585974
389592965 216339201
248981140 231539963
389733624 217702373
249068963 232407681
389899412 219377464
249168551 233435096
390026527 220718431
249251892 234335277
390177532 222384527
249341258 235347667
390309885 223919780
249410685 236172823
390439662 225504301
