2920
122609252 -743189539
122609252 664405731
121346008 664405731
121346008 -743189538
120919004 -743189538
120919004 809044248
120398041 809044248
120398041 -743189538
119879031 -743189538
119879031 702629599
119329410 702629599
119329410 -743189538
118859881 -743189538
118859881 683172704
118433658 683172704
118433658 -743189538
117915432 -743189538
117915432 972052623
117456031 972052623
117456031 -743189538
116959633 -743189538
116959633 987086173
116342316 987086173
116342316 -743189538
115968974 -743189538
115968974 818984041
115395035 818984041
115395035 -743189538
114845042 -743189538
114845042 907733599
114428240 907733599
114428240 -743189538
113864848 -743189538
113864848 662198931
113456677 662198931
113456677 -743189538
112896518 -743189538
112896518 940801549
112489624 940801549
112489624 -743189538
111964847 -743189538
111964847 613297013
111491831 613297013
111491831 -743189538
110941423 -743189538
110941423 507065428
110475601 507065428
110475601 -743189538
109894442 -743189538
109894442 964091758
109513772 964091758
109513772 -743189538
108919270 -743189538
108919270 873811265
108545128 873811265
108545128 -743189538
107961360 -743189538
107961360 979647658
107453701 979647658
107453701 -743189538
106974277 -743189538
106974277 525687593
106460737 525687593
106460737 -743189538
106037316 -743189538
106037316 633120056
105467011 633120056
105467011 -743189538
105007254 -743189538
105007254 745664062
104528773 745664062
104528773 -743189538
104066633 -743189538
104066633 713644344
103454042 713644344
103454042 -743189538
102970396 -743189538
102970396 909221341
102507463 909221341
102507463 -743189538
101936451 -743189538
101936451 978300591
101504616 978300591
101504616 -743189538
101048364 -743189538
101048364 823869331
100458680 823869331
100458680 -743189538
99979264 -743189538
99979264 600424296
99574048 600424296
99574048 -743189538
99034234 -743189538
99034234 937154368
98526274 937154368
98526274 -743189538
98052481 -743189538
98052481 724863611
97528454 724863611
97528454 -743189538
97000787 -743189538
97000787 734531000
96486229 734531000
96486229 -743189538
96079465 -743189538
96079465 860643662
95641746 860643662
95641746 -743189538
95006278 -743189538
95006278 629893420
94527253 629893420
94527253 -743189538
94068810 -743189538
94068810 885547638
93633178 885547638
93633178 -743189538
93095002 -743189538
93095002 599456850
92509501 599456850
92509501 -743189538
92053457 -743189538
92053457 505684191
91521161 505684191
91521161 -743189538
91053961 -743189538
91053961 579349371
90640564 579349371
90640564 -743189538
90063797 -743189538
90063797 597496451
89622146 597496451
89622146 -743189538
89173929 -743189538
89173929 666864677
88630996 666864677
88630996 -743189538
88075114 -743189538
88075114 852280484
87601768 852280484
87601768 -743189538
87043792 -743189538
87043792 563591806
86685026 563591806
86685026 -743189538
86107579 -743189538
86107579 634930405
85685521 634930405
85685521 -743189538
85186119 -743189538
85186119 644915953
84660465 644915953
84660465 -743189538
84138138 -743189538
84138138 793885613
83718678 793885613
83718678 -743189538
83210315 -743189538
83210315 636982924
82719569 636982924
82719569 -743189538
82171759 -743189538
82171759 749114597
81614630 749114597
81614630 -743189538
81088322 -743189538
81088322 796915917
80682702 796915917
80682702 -743189538
80235940 -743189538
80235940 812819626
79665129 812819626
79665129 -743189538
79133516 -743189538
79133516 760398779
78718061 760398779
78718061 -743189538
78137704 -743189538
78137704 583364492
77739193 583364492
77739193 -743189538
77168343 -743189538
77168343 785155840
76750136 785155840
76750136 -743189538
76187536 -743189538
76187536 588579341
75629993 588579341
75629993 -743189538
75156942 -743189538
75156942 742145188
74647505 742145188
74647505 -743189538
74224342 -743189538
74224342 944123846
73798247 944123846
73798247 -743189538
73300506 -743189538
73300506 924119308
72762712 924119308
72762712 -743189538
72280655 -743189538
72280655 837685307
71658888 837685307
71658888 -743189538
71182002 -743189538
71182002 695585912
70745114 695585912
70745114 -743189538
70270663 -743189538
70270663 693349832
69811216 693349832
69811216 -743189538
69260247 -743189538
69260247 991868958
68753035 991868958
68753035 -743189538
68186618 -743189538
68186618 797246499
67750833 797246499
67750833 -743189538
67233918 -743189538
67233918 865527006
66767741 865527006
66767741 -743189538
66198993 -743189538
66198993 708807000
65716956 708807000
65716956 -743189538
65260806 -743189538
65260806 989065124
64844983 989065124
64844983 -743189538
64347356 -743189538
64347356 601031231
63869606 601031231
63869606 -743189538
63343285 -743189538
63343285 703739883
62871666 703739883
62871666 -743189538
62368322 -743189538
62368322 712407399
61862781 712407399
61862781 -743189538
61313731 -743189538
61313731 981259090
60741546 981259090
60741546 -743189538
60314713 -743189538
60314713 618331615
59803910 618331615
59803910 -743189538
59351713 -743189538
59351713 957717932
58752609 957717932
58752609 -743189538
58346129 -743189538
58346129 693974158
57848811 693974158
57848811 -743189538
57341290 -743189538
57341290 957892191
56826716 957892191
56826716 -743189538
56425674 -743189538
56425674 882208104
55788072 882208104
55788072 -743189538
55416442 -743189538
55416442 794499676
54787867 794499676
54787867 -743189538
54388852 -743189538
54388852 562720245
53842474 562720245
53842474 -743189538
53334252 -743189538
53334252 550741042
52892152 550741042
52892152 -743189538
52461306 -743189538
52461306 985102801
51888222 985102801
51888222 -743189538
51415308 -743189538
51415308 764400027
50975383 764400027
50975383 -743189538
50480579 -743189538
50480579 980072758
49898227 980072758
49898227 -743189538
49387942 -743189538
49387942 634231833
48910788 634231833
48910788 -743189538
48361370 -743189538
48361370 870003792
47956578 870003792
47956578 -743189538
47456154 -743189538
47456154 779320956
46995568 779320956
46995568 -743189538
46422509 -743189538
46422509 813865944
45972446 813865944
45972446 -743189538
45444210 -743189538
45444210 586053578
44969946 586053578
44969946 -743189538
44426344 -743189538
44426344 813022005
43990871 813022005
43990871 -743189538
43453503 -743189538
43453503 616176673
42980846 616176673
42980846 -743189538
42486361 -743189538
42486361 950648564
42028597 950648564
42028597 -743189538
41478487 -743189538
41478487 670300132
40973436 670300132
40973436 -743189538
40398210 -743189538
40398210 593811853
39983615 593811853
39983615 -743189538
39508400 -743189538
39508400 725063871
38949012 725063871
38949012 -743189538
38533184 -743189538
38533184 952595925
38039039 952595925
38039039 -743189538
37483003 -743189538
37483003 609907743
37005516 609907743
37005516 -743189538
36552184 -743189538
36552184 701000623
35962338 701000623
35962338 -743189538
35522224 -743189538
35522224 952440207
34984065 952440207
34984065 -743189538
34591268 -743189538
34591268 773039564
34001498 773039564
34001498 -743189538
33578041 -743189538
33578041 651776043
32945290 651776043
32945290 -743189538
32579754 -743189538
32579754 782340688
31992224 782340688
31992224 -743189538
31561480 -743189538
31561480 656055680
30976993 656055680
30976993 -743189538
30527253 -743189538
30527253 631682338
29969919 631682338
29969919 -743189538
29622512 -743189538
29622512 837529612
29092088 837529612
29092088 -743189538
28482073 -743189538
28482073 972156481
28048362 972156481
28048362 -743189538
27565497 -743189538
27565497 706412862
27050263 706412862
27050263 -743189538
26612156 -743189538
26612156 652890321
26099339 652890321
26099339 -743189538
25664625 -743189538
25664625 754186560
25039424 754186560
25039424 -743189538
24576951 -743189538
24576951 856183241
24025607 856183241
24025607 -743189538
23605946 -743189538
23605946 561080147
23153568 561080147
23153568 -743189538
22680134 -743189538
22680134 649942482
22166070 649942482
22166070 -743189538
21530533 -743189538
21530533 949505058
21136375 949505058
21136375 -743189538
20594074 -743189538
20594074 607302184
20127408 607302184
20127408 -743189538
19552335 -743189538
19552335 934222878
19186184 934222878
19186184 -743189538
18603042 -743189538
18603042 769267806
18155906 769267806
18155906 -743189538
17720396 -743189538
17720396 882344368
17069084 882344368
17069084 -743189538
16570986 -743189538
16570986 582434535
16148517 582434535
16148517 -743189538
15724055 -743189538
15724055 686500806
15214473 686500806
15214473 -743189538
14632082 -743189538
14632082 655008990
14205157 655008990
14205157 -743189538
13675304 -743189538
13675304 706696620
13094198 706696620
13094198 -743189538
12627830 -743189538
12627830 757744056
12255108 757744056
12255108 -743189538
11763865 -743189538
11763865 894345671
11130425 894345671
11130425 -743189538
10749692 -743189538
10749692 965165482
10213896 965165482
10213896 -743189538
9622162 -743189538
9622162 874384402
9193301 874384402
9193301 -743189538
8729711 -743189538
8729711 887919437
8204154 887919437
8204154 -743189538
7700696 -743189538
7700696 902085290
7300696 902085290
7300696 -743189538
6684007 -743189538
6684007 950368928
6196937 950368928
6196937 -743189538
5804123 -743189538
5804123 548323108
5273592 548323108
5273592 -743189538
4656241 -743189538
4656241 653987294
4172864 653987294
4172864 -743189538
3719753 -743189538
3719753 816203026
3285398 816203026
3285398 -743189538
2751323 -743189538
2751323 702018918
2208054 702018918
2208054 -743189538
1763513 -743189538
1763513 906844991
1200197 906844991
1200197 -743189538
808363 -743189538
808363 825002006
287557 825002006
287557 -743189538
-238127 -743189538
-238127 983976298
-668334 983976298
-668334 -743189538
-1138824 -743189538
-1138824 975432376
-1757726 975432376
-1757726 -743189538
-2171700 -743189538
-2171700 699680929
-2691857 699680929
-2691857 -743189538
-3279246 -743189538
-3279246 533427406
-3779271 533427406
-3779271 -743189538
-4159735 -743189538
-4159735 534161349
-4710382 534161349
-4710382 -743189538
-5165593 -743189538
-5165593 808289967
-5710448 808289967
-5710448 -743189538
-6131354 -743189538
-6131354 721115493
-6758605 721115493
-6758605 -743189538
-7219036 -743189538
-7219036 911529435
-7588728 911529435
-7588728 -743189538
-8245158 -743189538
-8245158 946505677
-8668911 946505677
-8668911 -743189538
-9152486 -743189538
-9152486 984941215
-9574959 984941215
-9574959 -743189538
-10136010 -743189538
-10136010 504884017
-10578307 504884017
-10578307 -743189538
-11199051 -743189538
-11199051 860936298
-11668944 860936298
-11668944 -743189538
-12150875 -743189538
-12150875 591578361
-12557041 591578361
-12557041 -743189538
-13166274 -743189538
-13166274 866983506
-13627345 866983506
-13627345 -743189538
-14086823 -743189538
-14086823 895796146
-14594695 895796146
-14594695 -743189538
-15127810 -743189538
-15127810 633524339
-15556341 633524339
-15556341 -743189538
-16031382 -743189538
-16031382 982864399
-16653319 982864399
-16653319 -743189538
-17094253 -743189538
-17094253 662505197
-17660092 662505197
-17660092 -743189538
-18091267 -743189538
-18091267 944683399
-18652059 944683399
-18652059 -743189538
-19110161 -743189538
-19110161 962424739
-19601261 962424739
-19601261 -743189538
-20028741 -743189538
-20028741 810202414
-20621973 810202414
-20621973 -743189538
-21122773 -743189538
-21122773 775373017
-21605647 775373017
-21605647 -743189538
-22086658 -743189538
-22086658 656890369
-22591592 656890369
-22591592 -743189538
-22978892 -743189538
-22978892 944561839
-23494837 944561839
-23494837 -743189538
-24028442 -743189538
-24028442 538746256
-24497984 538746256
-24497984 -743189538
-24991606 -743189538
-24991606 884043342
-25467745 884043342
-25467745 -743189538
-26047594 -743189538
-26047594 864803546
-26610042 864803546
-26610042 -743189538
-26943226 -743189538
-26943226 766377344
-27574287 766377344
-27574287 -743189538
-28091696 -743189538
-28091696 827453977
-28554561 827453977
-28554561 -743189538
-29075837 -743189538
-29075837 760544002
-29527815 760544002
-29527815 -743189538
-30026984 -743189538
-30026984 943893597
-30470203 943893597
-30470203 -743189538
-30969059 -743189538
-30969059 729289015
-31463908 729289015
-31463908 -743189538
-32041985 -743189538
-32041985 717261075
-32565013 717261075
-32565013 -743189538
-32966064 -743189538
-32966064 757610251
-33395444 757610251
-33395444 -743189538
-33991316 -743189538
-33991316 915442878
-34515219 915442878
-34515219 -743189538
-34916922 -743189538
-34916922 538638885
-35528983 538638885
-35528983 -743189538
-36037465 -743189538
-36037465 676581893
-36505082 676581893
-36505082 -743189538
-36959497 -743189538
-36959497 983005491
-37437137 983005491
-37437137 -743189538
-37972408 -743189538
-37972408 558994994
-38491783 558994994
-38491783 -743189538
-38862359 -743189538
-38862359 720851990
-39429539 720851990
-39429539 -743189538
-39883636 -743189538
-39883636 963974050
-40367330 963974050
-40367330 -743189538
-40942806 -743189538
-40942806 913026094
-41466004 913026094
-41466004 -743189538
-41847245 -743189538
-41847245 968068063
-42431211 968068063
-42431211 -743189538
-42828566 -743189538
-42828566 984541571
-43403485 984541571
-43403485 -743189538
-43893861 -743189538
-43893861 527735040
-44396564 527735040
-44396564 -743189538
-44920745 -743189538
-44920745 829529166
-45354712 829529166
-45354712 -743189538
-45836371 -743189538
-45836371 512281375
-46341827 512281375
-46341827 -743189538
-46861056 -743189538
-46861056 938217048
-47363307 938217048
-47363307 -743189538
-47875520 -743189538
-47875520 818508700
-48400310 818508700
-48400310 -743189538
-48810463 -743189538
-48810463 761734332
-49418179 761734332
-49418179 -743189538
-49898284 -743189538
-49898284 536369370
-50364027 536369370
-50364027 -743189538
-50821666 -743189538
-50821666 544485711
-51360925 544485711
-51360925 -743189538
-51804202 -743189538
-51804202 523798493
-52377671 523798493
-52377671 -743189538
-52890675 -743189538
-52890675 513581046
-53296028 513581046
-53296028 -743189538
-53875707 -743189538
-53875707 960403315
-54363974 960403315
-54363974 -743189538
-54840894 -743189538
-54840894 999261509
-55378305 999261509
-55378305 -743189538
-55807619 -743189538
-55807619 957659471
-56375225 957659471
-56375225 -743189538
-56801307 -743189538
-56801307 593679874
-57354060 593679874
-57354060 -743189538
-57831538 -743189538
-57831538 790915840
-58232990 790915840
-58232990 -743189538
-58792217 -743189538
-58792217 911787400
-59360807 911787400
-59360807 -743189538
-59791690 -743189538
-59791690 895651906
-60204154 895651906
-60204154 -743189538
-60814735 -743189538
-60814735 640530718
-61332083 640530718
-61332083 -743189538
-61847522 -743189538
-61847522 525122180
-62271453 525122180
-62271453 -743189538
-62692686 -743189538
-62692686 515916916
-63174364 515916916
-63174364 -743189538
-63673272 -743189538
-63673272 738023246
-64174024 738023246
-64174024 -743189538
-64802081 -743189538
-64802081 700086568
-65262139 700086568
-65262139 -743189538
-65708149 -743189538
-65708149 584653378
-66174101 584653378
-66174101 -743189538
-66711276 -743189538
-66711276 822182809
-67303272 822182809
-67303272 -743189538
-67714667 -743189538
-67714667 745756284
-68232048 745756284
-68232048 -743189538
-68646696 -743189538
-68646696 899390481
-69183010 899390481
-69183010 -743189538
-69679742 -743189538
-69679742 711455311
-70190183 711455311
-70190183 -743189538
-70690134 -743189538
-70690134 802395624
-71251000 802395624
-71251000 -743189538
-71615645 -743189538
-71615645 993209065
-72247601 993209065
-72247601 -743189538
-72671104 -743189538
-72671104 580420972
-73222784 580420972
-73222784 -743189538
-73723829 -743189538
-73723829 785407077
-74145694 785407077
-74145694 -743189538
-74739530 -743189538
-74739530 553735708
-75169790 553735708
-75169790 -743189538
-75713097 -743189538
-75713097 974915545
-76106368 974915545
-76106368 -743189538
-76602153 -743189538
-76602153 775748256
-77095102 775748256
-77095102 -743189538
-77574091 -743189538
-77574091 870568182
-78131393 870568182
-78131393 -743189538
-78654844 -743189538
-78654844 784514093
-79114321 784514093
-79114321 -743189538
-79713220 -743189538
-79713220 851845047
-80134027 851845047
-80134027 -743189538
-80629791 -743189538
-80629791 756295024
-81164146 756295024
-81164146 -743189538
-81602718 -743189538
-81602718 541644136
-82168573 541644136
-82168573 -743189538
-82676003 -743189538
-82676003 642916394
-83083629 642916394
-83083629 -743189538
-83606869 -743189538
-83606869 645528852
-84080194 645528852
-84080194 -743189538
-84630348 -743189538
-84630348 869725969
-85034514 869725969
-85034514 -743189538
-85509122 -743189538
-85509122 854040934
-86103081 854040934
-86103081 -743189538
-86511655 -743189538
-86511655 686014468
-87009272 686014468
-87009272 -743189538
-87517975 -743189538
-87517975 797701177
-88013509 797701177
-88013509 -743189538
-88512160 -743189538
-88512160 904413082
-89058358 904413082
-89058358 -743189538
-89488348 -743189538
-89488348 676116860
-90019928 676116860
-90019928 -743189538
-90584997 -743189538
-90584997 901330957
-91087604 901330957
-91087604 -743189538
-91495475 -743189538
-91495475 741244508
-92032562 741244508
-92032562 -743189538
-92452914 -743189538
-92452914 559223801
-93061449 559223801
-93061449 -743189538
-93512557 -743189538
-93512557 973355922
-94088572 973355922
-94088572 -743189538
-94529750 -743189538
-94529750 945129405
-95022085 945129405
-95022085 -743189538
-95588452 -743189538
-95588452 622739313
-95928433 622739313
-95928433 -743189538
-96506756 -743189538
-96506756 878295801
-97033449 878295801
-97033449 -743189538
-97505169 -743189538
-97505169 903026862
-97961106 903026862
-97961106 -743189538
-98472328 -743189538
-98472328 755725693
-99016496 755725693
-99016496 -743189538
-99486307 -743189538
-99486307 889252196
-99992765 889252196
-99992765 -743189538
-100420434 -743189538
-100420434 786041758
-101037280 786041758
-101037280 -743189538
-101419130 -743189538
-101419130 562459729
-102029202 562459729
-102029202 -743189538
-102440898 -743189538
-102440898 614643654
-102975246 614643654
-102975246 -743189538
-103528147 -743189538
-103528147 979950714
-103990802 979950714
-103990802 -743189538
-104445844 -743189538
-104445844 502358804
-104998634 502358804
-104998634 -743189538
-105403788 -743189538
-105403788 968273444
-105921806 968273444
-105921806 -743189538
-106418748 -743189538
-106418748 660160827
-106983547 660160827
-106983547 -743189538
-107426567 -743189538
-107426567 951064940
-107963744 951064940
-107963744 -743189538
-108418217 -743189538
-108418217 547161221
-108889348 547161221
-108889348 -743189538
-109395412 -743189538
-109395412 895768046
-109884128 895768046
-109884128 -743189538
-110413759 -743189538
-110413759 779059721
-110955667 779059721
-110955667 -743189538
-111441012 -743189538
-111441012 772050310
-111830325 772050310
-111830325 -743189538
-112437230 -743189538
-112437230 591119353
-112849260 591119353
-112849260 -743189538
-113430498 -743189538
-113430498 772011082
-113939161 772011082
-113939161 -743189538
-114379279 -743189538
-114379279 948942199
-114943326 948942199
-114943326 -743189538
-115375993 -743189538
-115375993 596735453
-115879583 596735453
-115879583 -743189538
-116342418 -743189538
-116342418 632777754
-116841357 632777754
-116841357 -743189538
-117429686 -743189538
-117429686 681852264
-117842554 681852264
-117842554 -743189538
-118415037 -743189538
-118415037 731848271
-118777539 731848271
-118777539 -743189538
-119360628 -743189538
-119360628 822182280
-119873859 822182280
-119873859 -743189538
-120307982 -743189538
-120307982 862397069
-120745722 862397069
-120745722 -743189538
-121244751 -743189538
-121244751 835304459
-121751221 835304459
-121751221 -743189538
-122384310 -743189538
-122384310 784946720
-122830206 784946720
-122830206 -743189538
-123264428 -743189538
-123264428 725702612
-123773367 725702612
-123773367 -743189538
-124249300 -743189538
-124249300 514693311
-124810670 514693311
-124810670 -743189538
-125318864 -743189538
-125318864 589702227
-125854564 589702227
-125854564 -743189538
-126213696 -743189538
-126213696 670902397
-126765841 670902397
-126765841 -743189538
-127269232 -743189538
-127269232 601553769
-127715314 601553769
-127715314 -743189538
-128315420 -743189538
-128315420 837733009
-128845239 837733009
-128845239 -743189538
-129331818 -743189538
-129331818 568964166
-129786327 568964166
-129786327 -743189538
-130328739 -743189538
-130328739 922250519
-130788320 922250519
-130788320 -743189538
-131316873 -743189538
-131316873 540630997
-131774047 540630997
-131774047 -743189538
-132183066 -743189538
-132183066 930373529
-132773343 930373529
-132773343 -743189538
-133185388 -743189538
-133185388 754654418
-133711003 754654418
-133711003 -743189538
-134218597 -743189538
-134218597 638062560
-134788117 638062560
-134788117 -743189538
-135273775 -743189538
-135273775 654745487
-135730618 654745487
-135730618 -743189538
-136241367 -743189538
-136241367 914517970
-136730051 914517970
-136730051 -743189538
-137158710 -743189538
-137158710 944884680
-137659646 944884680
-137659646 -743189538
-138200539 -743189538
-138200539 769959942
-138656683 769959942
-138656683 -743189538
-139109679 -743189538
-139109679 606086969
-139681105 606086969
-139681105 -743189538
-140199191 -743189538
-140199191 940097820
-140645255 940097820
-140645255 -743189538
-141182343 -743189538
-141182343 877706488
-141613826 877706488
-141613826 -743189538
-142119764 -743189538
-142119764 520957274
-142611039 520957274
-142611039 -743189538
-143078611 -743189538
-143078611 726846728
-143614994 726846728
-143614994 -743189538
-144169743 -743189538
-144169743 890764859
-144611638 890764859
-144611638 -743189538
-145108442 -743189538
-145108442 850627668
-145669428 850627668
-145669428 -743189538
-146198519 -743189538
-146198519 700885685
-146679734 700885685
-146679734 -743189538
-147179536 -743189538
-147179536 996711930
-147558216 996711930
-147558216 -743189538
-148064915 -743189538
-148064915 708223856
-148666121 708223856
-148666121 -743189538
-149056299 -743189538
-149056299 857703117
-149571132 857703117
-149571132 -743189538
-150033927 -743189538
-150033927 676736726
-150594872 676736726
-150594872 -743189538
-151082246 -743189538
-151082246 913177119
-151570420 913177119
-151570420 -743189538
-152069721 -743189538
-152069721 617082525
-152655277 617082525
-152655277 -743189538
-153126396 -743189538
-153126396 769664083
-153660937 769664083
-153660937 -743189538
-154005836 -743189538
-154005836 775141449
-154638255 775141449
-154638255 -743189538
-155060724 -743189538
-155060724 848038863
-155637676 848038863
-155637676 -743189538
-156054392 -743189538
-156054392 790558934
-156505598 790558934
-156505598 -743189538
-157013813 -743189538
-157013813 502231685
-157533839 502231685
-157533839 -743189538
-158002222 -743189538
-158002222 963436919
-158498842 963436919
-158498842 -743189538
-159062210 -743189538
-159062210 789873563
-159499173 789873563
-159499173 -743189538
-160002709 -743189538
-160002709 992378282
-160584463 992378282
-160584463 -743189538
-161011139 -743189538
-161011139 529623643
-161519238 529623643
-161519238 -743189538
-161970651 -743189538
-161970651 959926733
-162514872 959926733
-162514872 -743189538
-163029575 -743189538
-163029575 549950569
-163497228 549950569
-163497228 -743189538
-163936783 -743189538
-163936783 624054541
-164521213 624054541
-164521213 -743189538
-164975933 -743189538
-164975933 858426065
-165464474 858426065
-165464474 -743189538
-166068947 -743189538
-166068947 895916180
-166539870 895916180
-166539870 -743189538
-167051982 -743189538
-167051982 759505826
-167509899 759505826
-167509899 -743189538
-168055047 -743189538
-168055047 624640489
-168458068 624640489
-168458068 -743189538
-168921294 -743189538
-168921294 646080246
-169392987 646080246
-169392987 -743189538
-169923772 -743189538
-169923772 716671520
-170400295 716671520
-170400295 -743189538
-170915412 -743189538
-170915412 601993194
-171399446 601993194
-171399446 -743189538
-171868158 -743189538
-171868158 593628763
-172406763 593628763
-172406763 -743189538
-172863473 -743189538
-172863473 985849455
-173450854 985849455
-173450854 -743189538
-173980960 -743189538
-173980960 663113483
-174425156 663113483
-174425156 -743189538
-174944740 -743189538
-174944740 624270399
-175426644 624270399
-175426644 -743189538
-175859923 -743189538
-175859923 893278602
-176342035 893278602
-176342035 -743189538
-176858296 -743189538
-176858296 517616342
-177435429 517616342
-177435429 -743189538
-177818502 -743189538
-177818502 715141395
-178371620 715141395
-178371620 -743189538
-178884671 -743189538
-178884671 953609403
-179391972 953609403
-179391972 -743189538
-179867116 -743189538
-179867116 612069405
-180349919 612069405
-180349919 -743189538
-180908939 -743189538
-180908939 613393830
-181319290 613393830
-181319290 -743189538
-181872504 -743189538
-181872504 881992588
-182327954 881992588
-182327954 -743189538
-182823814 -743189538
-182823814 719959902
-183397591 719959902
-183397591 -743189538
-183846708 -743189538
-183846708 572422897
-184325972 572422897
-184325972 -743189538
-184897596 -743189538
-184897596 696663127
-185423713 696663127
-185423713 -743189538
-185834370 -743189538
-185834370 577129339
-186337597 577129339
-186337597 -743189538
-186893082 -743189538
-186893082 978341391
-187372673 978341391
-187372673 -743189538
-187748141 -743189538
-187748141 846978592
-188388131 846978592
-188388131 -743189538
-188836266 -743189538
-188836266 779945499
-189365951 779945499
-189365951 -743189538
-189787428 -743189538
-189787428 940856067
-190239082 940856067
-190239082 -743189538
-190734022 -743189538
-190734022 969529198
-191243272 969529198
-191243272 -743189538
-191719633 -743189538
-191719633 515832025
-192251801 515832025
-192251801 -743189538
-192788720 -743189538
-192788720 646624665
-193305527 646624665
-193305527 -743189538
-193760822 -743189538
-193760822 966478617
-194317965 966478617
-194317965 -743189538
-194735946 -743189538
-194735946 562328317
-195198776 562328317
-195198776 -743189538
-195804401 -743189538
-195804401 989307233
-196266363 989307233
-196266363 -743189538
-196678011 -743189538
-196678011 810593743
-197275127 810593743
-197275127 -743189538
-197692557 -743189538
-197692557 614324206
-198312039 614324206
-198312039 -743189538
-198760571 -743189538
-198760571 696321712
-199236316 696321712
-199236316 -743189538
-199657255 -743189538
-199657255 975126748
-200218759 975126748
-200218759 -743189538
-200779285 -743189538
-200779285 805253239
-201278402 805253239
-201278402 -743189538
-201692207 -743189538
-201692207 857092387
-202200107 857092387
-202200107 -743189538
-202730480 -743189538
-202730480 574904007
-203159911 574904007
-203159911 -743189538
-203706042 -743189538
-203706042 853910537
-204163541 853910537
-204163541 -743189538
-204698011 -743189538
-204698011 557943773
-205262060 557943773
-205262060 -743189538
-205680907 -743189538
-205680907 922523418
-206270416 922523418
-206270416 -743189538
-206635746 -743189538
-206635746 766584342
-207244547 766584342
-207244547 -743189538
-207693702 -743189538
-207693702 576439626
-208099383 576439626
-208099383 -743189538
-208608484 -743189538
-208608484 842464650
-209242791 842464650
-209242791 -743189538
-209725896 -743189538
-209725896 553320015
-210127558 553320015
-210127558 -743189538
-210591256 -743189538
-210591256 829427380
-211229028 829427380
-211229028 -743189538
-211660609 -743189538
-211660609 597971816
-212074382 597971816
-212074382 -743189538
-212691208 -743189538
-212691208 810438623
-213154190 810438623
-213154190 -743189538
-213632103 -743189538
-213632103 964813246
-214163423 964813246
-214163423 -743189538
-214703699 -743189538
-214703699 555159197
-215111402 555159197
-215111402 -743189538
-215541656 -743189538
-215541656 778041493
-216106546 778041493
-216106546 -743189538
-216636891 -743189538
-216636891 610307647
-217063086 610307647
-217063086 -743189538
-217643487 -743189538
-217643487 707993753
-218147232 707993753
-218147232 -743189538
-218626403 -743189538
-218626403 679480571
-219015749 679480571
-219015749 -743189538
-219664690 -743189538
-219664690 944914226
-220033724 944914226
-220033724 -743189538
-220507852 -743189538
-220507852 750767351
-221069096 750767351
-221069096 -743189538
-221609772 -743189538
-221609772 818554960
-222024037 818554960
-222024037 -743189538
-222519651 -743189538
-222519651 600593890
-222989073 600593890
-222989073 -743189538
-223562928 -743189538
-223562928 541337823
-223982547 541337823
-223982547 -743189538
-224494432 -743189538
-224494432 951302429
-225007229 951302429
-225007229 -743189538
-225462978 -743189538
-225462978 853017677
-226122190 853017677
-226122190 -743189538
-226589804 -743189538
-226589804 990550854
-227039575 990550854
-227039575 -743189538
-227578308 -743189538
-227578308 607290129
-227985214 607290129
-227985214 -743189538
-228535438 -743189538
-228535438 779694187
-229006497 779694187
-229006497 -743189538
-229573599 -743189538
-229573599 553634099
-230016552 553634099
-230016552 -743189538
-230441747 -743189538
-230441747 729935850
-231076269 729935850
-231076269 -743189538
-231528168 -743189538
-231528168 668657692
-231962153 668657692
-231962153 -743189538
-232428890 -743189538
-232428890 746343645
-233063767 746343645
-233063767 -743189538
-233467023 -743189538
-233467023 727666325
-234009833 727666325
-234009833 -743189538
-234500505 -743189538
-234500505 786322649
-234904140 786322649
-234904140 -743189538
-235503497 -743189538
-235503497 513883236
-235981118 513883236
-235981118 -743189538
-236452236 -743189538
-236452236 555308774
-236944257 555308774
-236944257 -743189538
-237408370 -743189538
-237408370 622411937
-237975217 622411937
-237975217 -743189538
-238493265 -743189538
-238493265 608476313
-238918726 608476313
-238918726 -743189538
-239492591 -743189538
-239492591 612727592
-239962941 612727592
-239962941 -743189538
-240505033 -743189538
-240505033 546850691
-240854506 546850691
-240854506 -743189538
-241459406 -743189538
-241459406 663134727
-241942892 663134727
-241942892 -743189538
-242372672 -743189538
-242372672 987686882
-242874635 987686882
-242874635 -743189538
-243479049 -743189538
-243479049 521691120
-243913527 521691120
-243913527 -743189538
-244362160 -743189538
-244362160 979946808
-244877038 979946808
-244877038 -743189538
-245462108 -743189538
-245462108 975176172
-245941351 975176172
-245941351 -743189538
-246338793 -743189538
-246338793 873609160
-246835220 873609160
-246835220 -743189538
-247307187 -743189538
-247307187 749719698
-247954644 749719698
-247954644 -743189538
-248407477 -743189538
-248407477 672211741
-248806623 672211741
-248806623 -743189538
-249356162 -743189538
-249356162 763496749
-249943627 763496749
-249943627 -743189538
-250379650 -743189538
-250379650 788036318
-250873257 788036318
-250873257 -743189538
-251377635 -743189538
-251377635 785318612
-251923387 785318612
-251923387 -743189538
-252276313 -743189538
-252276313 608220231
-252918789 608220231
-252918789 -743189538
-253410077 -743189538
-253410077 916661867
-253784145 916661867
-253784145 -743189538
-254247904 -743189538
-254247904 700693517
-254817690 700693517
-254817690 -743189538
-255370598 -743189538
-255370598 924882792
-255809295 924882792
-255809295 -743189538
-256379700 -743189538
-256379700 755697395
-256841561 755697395
-256841561 -743189538
-257347233 -743189538
-257347233 575968765
-257751087 575968765
-257751087 -743189538
-258230630 -743189538
-258230630 572939529
-258739065 572939529
-258739065 -743189538
-259231268 -743189538
-259231268 653974585
-259841062 653974585
-259841062 -743189538
-260234125 -743189538
-260234125 695907316
-260710391 695907316
-260710391 -743189538
-261332180 -743189538
-261332180 645118445
-261735417 645118445
-261735417 -743189538
-262190682 -743189538
-262190682 574998084
-262741422 574998084
-262741422 -743189538
-263338084 -743189538
-263338084 684471470
-263757748 684471470
-263757748 -743189538
-264325146 -743189538
-264325146 956842856
-264790913 956842856
-264790913 -743189538
-265223414 -743189538
-265223414 726003464
-265697136 726003464
-265697136 -743189538
-266277813 -743189538
-266277813 617431504
-266816529 617431504
-266816529 -743189538
-267164911 -743189538
-267164911 898313189
-267675907 898313189
-267675907 -743189538
-268272552 -743189538
-268272552 943382685
-268707862 943382685
-268707862 -743189538
-269142687 -743189538
-269142687 951758526
-269774949 951758526
-269774949 -743189538
-270185361 -743189538
-270185361 694311131
-270638906 694311131
-270638906 -743189538
-271278949 -743189538
-271278949 973384905
-271676019 973384905
-271676019 -743189538
-272133828 -743189538
-272133828 816731250
-272652179 816731250
-272652179 -743189538
-273193255 -743189538
-273193255 766993337
-273670566 766993337
-273670566 -743189538
-274142889 -743189538
-274142889 615231505
-274757890 615231505
-274757890 -743189538
-275128136 -743189538
-275128136 505187615
-275661939 505187615
-275661939 -743189538
-276106086 -743189538
-276106086 720753836
-276669957 720753836
-276669957 -743189538
-277233627 -743189538
-277233627 511056444
-277621876 511056444
-277621876 -743189538
-278099176 -743189538
-278099176 717135011
-278662018 717135011
-278662018 -743189538
-279099919 -743189538
-279099919 988453205
-279679212 988453205
-279679212 -743189538
-280093074 -743189538
-280093074 939476654
-280636616 939476654
-280636616 -743189538
-281188266 -743189538
-281188266 811177764
-281627316 811177764
-281627316 -743189538
-282118032 -743189538
-282118032 961268125
-282617203 961268125
-282617203 -743189538
-283068339 -743189538
-283068339 540155545
-283628396 540155545
-283628396 -743189538
-284163758 -743189538
-284163758 807102721
-284591971 807102721
-284591971 -743189538
-285092204 -743189538
-285092204 667761658
-285645882 667761658
-285645882 -743189538
-286046046 -743189538
-286046046 801363170
-286587143 801363170
-286587143 -743189538
-287045703 -743189538
-287045703 985191655
-287643169 985191655
-287643169 -743189538
-288108680 -743189538
-288108680 862469895
-288513136 862469895
-288513136 -743189538
-289035434 -743189538
-289035434 800811585
-289528200 800811585
-289528200 -743189538
-290072999 -743189538
-290072999 530089905
-290577305 530089905
-290577305 -743189538
-291112324 -743189538
-291112324 589162811
-291561073 589162811
-291561073 -743189538
-292018029 -743189538
-292018029 873439095
-292576009 873439095
-292576009 -743189538
-293076413 -743189538
-293076413 853794873
-293475748 853794873
-293475748 -743189538
-294092340 -743189538
-294092340 901960555
-294475429 901960555
-294475429 -743189538
-294992767 -743189538
-294992767 946209437
-295513195 946209437
-295513195 -743189538
-296096519 -743189538
-296096519 655617314
-296538846 655617314
-296538846 -743189538
-297038969 -743189538
-297038969 984767947
-297538667 984767947
-297538667 -743189538
-297974975 -743189538
-297974975 918087952
-298543371 918087952
-298543371 -743189538
-299061395 -743189538
-299061395 941200590
-299499497 941200590
-299499497 -743189538
-300052416 -743189538
-300052416 563756173
-300402630 563756173
-300402630 -743189538
-300904731 -743189538
-300904731 873776204
-301409540 873776204
-301409540 -743189538
-301941180 -743189538
-301941180 624925192
-302475843 624925192
-302475843 -743189538
-303032609 -743189538
-303032609 930025673
-303398914 930025673
-303398914 -743189538
-303966463 -743189538
-303966463 711285763
-304471274 711285763
-304471274 -743189538
-304914197 -743189538
-304914197 991967563
-305472449 991967563
-305472449 -743189538
-305934548 -743189538
-305934548 528706726
-306474110 528706726
-306474110 -743189538
-306923490 -743189538
-306923490 751783632
-307504375 751783632
-307504375 -743189538
-307991169 -743189538
-307991169 739825755
-308395209 739825755
-308395209 -743189538
-308948341 -743189538
-308948341 647179389
-309357260 647179389
-309357260 -743189538
-309871379 -743189538
-309871379 584226245
-310452058 584226245
-310452058 -743189538
-310906017 -743189538
-310906017 559493197
-311458541 559493197
-311458541 -743189538
-311866089 -743189538
-311866089 654190078
-312360556 654190078
-312360556 -743189538
-312921994 -743189538
-312921994 963652137
-313462691 963652137
-313462691 -743189538
-313809017 -743189538
-313809017 741826253
-314306075 741826253
-314306075 -743189538
-314814662 -743189538
-314814662 547377982
-315442822 547377982
-315442822 -743189538
-315940322 -743189538
-315940322 538570089
-316376230 538570089
-316376230 -743189538
-316811058 -743189538
-316811058 907130274
-317300557 907130274
-317300557 -743189538
-317780180 -743189538
-317780180 700366406
-318271699 700366406
-318271699 -743189538
-318819398 -743189538
-318819398 538705984
-319383061 538705984
-319383061 -743189538
-319762508 -743189538
-319762508 893911661
-320333217 893911661
-320333217 -743189538
-320850419 -743189538
-320850419 862107123
-321287875 862107123
-321287875 -743189538
-321806642 -743189538
-321806642 795061123
-322391532 795061123
-322391532 -743189538
-322759226 -743189538
-322759226 963034626
-323334007 963034626
-323334007 -743189538
-323881253 -743189538
-323881253 891790772
-324250142 891790772
-324250142 -743189538
-324811876 -743189538
-324811876 752773064
-325279327 752773064
-325279327 -743189538
-325746772 -743189538
-325746772 801232079
-326215693 801232079
-326215693 -743189538
-326768399 -743189538
-326768399 600374892
-327304274 600374892
-327304274 -743189538
-327838689 -743189538
-327838689 883587158
-328281947 883587158
-328281947 -743189538
-328694349 -743189538
-328694349 643342741
-329307665 643342741
-329307665 -743189538
-329721187 -743189538
-329721187 531591480
-330340878 531591480
-330340878 -743189538
-330808013 -743189538
-330808013 504647294
-331279894 504647294
-331279894 -743189538
-331772881 -743189538
-331772881 763501777
-332258969 763501777
-332258969 -743189538
-332692706 -743189538
-332692706 828806603
-333287790 828806603
-333287790 -743189538
-333748741 -743189538
-333748741 685251774
-334253669 685251774
-334253669 -743189538
-334760696 -743189538
-334760696 711591449
-335220405 711591449
-335220405 -743189538
-335737006 -743189538
-335737006 859604286
-336166844 859604286
-336166844 -743189538
-336790813 -743189538
-336790813 857862232
-337140114 857862232
-337140114 -743189538
-337724821 -743189538
-337724821 992414790
-338244441 992414790
-338244441 -743189538
-338755709 -743189538
-338755709 708834642
-339278004 708834642
-339278004 -743189538
-339615708 -743189538
-339615708 969852475
-340121237 969852475
-340121237 -743189538
-340697463 -743189538
-340697463 774580371
-341113348 774580371
-341113348 -743189538
-341756824 -743189538
-341756824 540920984
-342162688 540920984
-342162688 -743189538
-342717581 -743189538
-342717581 932419700
-343201417 932419700
-343201417 -743189538
-343653184 -743189538
-343653184 915871037
-344102862 915871037
-344102862 -743189538
-344700750 -743189538
-344700750 500662883
-345224784 500662883
-345224784 -743189538
-345661658 -743189538
-345661658 710435268
-346065143 710435268
-346065143 -743189538
-346662824 -743189538
-346662824 570140145
-347140240 570140145
-347140240 -743189538
-347675968 -743189538
-347675968 507420183
-348064283 507420183
-348064283 -743189538
-348658042 -743189538
-348658042 774225866
-349092941 774225866
-349092941 -743189538
-349557584 -743189538
-349557584 940768974
-350171700 940768974
-350171700 -743189538
-350677934 -743189538
-350677934 700546644
-351107455 700546644
-351107455 -743189538
-351540652 -743189538
-351540652 554532267
-352164904 554532267
-352164904 -743189538
-352593334 -743189538
-352593334 670379029
-353119647 670379029
-353119647 -743189538
-353521590 -743189538
-353521590 783211162
-354116909 783211162
-354116909 -743189538
-354507188 -743189538
-354507188 712770716
-355130160 712770716
-355130160 -743189538
-355641023 -743189538
-355641023 646485339
-355993507 646485339
-355993507 -743189538
-356492653 -743189538
-356492653 622245759
-357016920 622245759
-357016920 -743189538
-357514098 -743189538
-357514098 703516720
-358109689 703516720
-358109689 -743189538
-358615988 -743189538
-358615988 951709581
-358995005 951709581
-358995005 -743189538
-359556786 -743189538
-359556786 935305088
-360042772 935305088
-360042772 -743189538
-360531207 -743189538
-360531207 963862880
-361036837 963862880
-361036837 -743189538
-361491870 -743189538
-361491870 761046568
-361953276 761046568
-361953276 -743189538
-362576347 -743189538
-362576347 515658398
-363034920 515658398
-363034920 -743189538
-363531987 -743189538
-363531987 675098641
-363992373 675098641
-363992373 -743189538
-364528770 -743189538
-364528770 899243688
-364999669 899243688
-364999669 -743189538
-365453474 -743189538
-365453474 548269992
-366032438 548269992
-366032438 -743189538
-366434786 -743189538
-366434786 853698863
-366915573 853698863
-366915573 -743189538
-367404231 -743189538
-367404231 568205660
-367958140 568205660
-367958140 -743189538
-368414601 -743189538
-368414601 627869239
-368981638 627869239
-368981638 -743189538
-369502718 -743189538
-369502718 743621369
-370048025 743621369
-370048025 -743189538
-370427019 -743189538
-370427019 703012552
-371036008 703012552
-371036008 -743189538
-371380360 -743189538
-371380360 845231167
-371996471 845231167
-371996471 -743189538
-372446574 -743189538
-372446574 836559117
-372992768 836559117
-372992768 -743189538
-373444069 -743189538
-373444069 536426134
-373971383 536426134
-373971383 -743189538
-374413766 -743189538
-374413766 886470745
-374916345 886470745
-374916345 -743189538
-375391418 -743189538
-375391418 510956386
-375892458 510956386
-375892458 -743189538
-376432081 -743189538
-376432081 967067220
-376962216 967067220
-376962216 -743189538
-377432305 -743189538
-377432305 967344475
-377983281 967344475
-377983281 -743189538
-378416184 -743189538
-378416184 814776728
-378895953 814776728
-378895953 -743189538
-379474448 -743189538
-379474448 550478631
-379815218 550478631
-379815218 -743189538
-380323869 -743189538
-380323869 595528210
-380813431 595528210
-380813431 -743189538
-381399053 -743189538
-381399053 686410404
-381840857 686410404
-381840857 -743189538
-382345957 -743189538
-382345957 995467787
-382886088 995467787
-382886088 -743189538
-383298368 -743189538
-383298368 518522438
-383927567 518522438
-383927567 -743189538
-384350808 -743189538
-384350808 643135226
-384800282 643135226
-384800282 -743189538
-385391948 -743189538
-385391948 738718135
-385921203 738718135
-385921203 -743189538
-386277859 -743189538
-386277859 704113419
-386845162 704113419
-386845162 -743189538
-387397394 -743189538
-387397394 837307720
-387769064 837307720
-387769064 -743189538
-388392774 -743189538
-388392774 625277894
-388834330 625277894
-388834330 -743189538
-389356141 -743189538
-389356141 787423922
-389781861 787423922
-389781861 -743189538
-390368052 -743189538
-390368052 893756213
-390771108 893756213
-390771108 -743189538
-391319717 -743189538
-391319717 690337208
-391807727 690337208
-391807727 -743189538
-392352144 -743189538
-392352144 974835278
-392835824 974835278
-392835824 -743189538
-393224008 -743189538
-393224008 937650016
-393863187 937650016
-393863187 -743189538
-394285691 -743189538
-394285691 576671861
-394831732 576671861
-394831732 -743189538
-395306012 -743189538
-395306012 908900514
-395801467 908900514
-395801467 -743189538
-396248124 -743189538
-396248124 517036186
-396709452 517036186
-396709452 -743189538
-397266011 -743189538
-397266011 997089275
-397748275 997089275
-397748275 -743189538
-398202123 -743189538
-398202123 780114560
-398747677 780114560
-398747677 -743189538
-399296009 -743189538
-399296009 877024513
-399824049 877024513
-399824049 -743189538
-400180521 -743189538
-400180521 904859350
-400683580 904859350
-400683580 -743189538
-401178261 -743189538
-401178261 836059764
-401789708 836059764
-401789708 -743189538
-402154577 -743189538
-402154577 608927432
-402716104 608927432
-402716104 -743189538
-403209574 -743189538
-403209574 613002205
-403781731 613002205
-403781731 -743189538
-404215217 -743189538
-404215217 692076211
-404709714 692076211
-404709714 -743189538
-405259147 -743189538
-405259147 867513459
-405659789 867513459
-405659789 -743189538
-406228551 -743189538
-406228551 962011170
-406763710 962011170
-406763710 -743189538
-407122378 -743189538
-407122378 853205057
-407705615 853205057
-407705615 -743189538
-408212998 -743189538
-408212998 556591916
-408711461 556591916
-408711461 -743189538
-409124628 -743189538
-409124628 510335178
-409674017 510335178
-409674017 -743189538
-410243529 -743189538
-410243529 882387679
-410642604 882387679
-410642604 -743189538
-411213102 -743189538
-411213102 917747701
-411721543 917747701
-411721543 -743189538
-412209724 -743189538
-412209724 563177129
-412717365 563177129
-412717365 -743189538
-413131726 -743189538
-413131726 869607991
-413627144 869607991
-413627144 -743189538
-414097986 -743189538
-414097986 880446546
-414623996 880446546
-414623996 -743189538
-415098349 -743189538
-415098349 849475903
-415576289 849475903
-415576289 -743189538
-416105503 -743189538
-416105503 989387893
-416584074 989387893
-416584074 -743189538
-417098744 -743189538
-417098744 560113777
-417531227 560113777
-417531227 -743189538
-418117723 -743189538
-418117723 818231895
-418641328 818231895
-418641328 -743189538
-419146410 -743189538
-419146410 846180524
-419652786 846180524
-419652786 -743189538
-420169616 -743189538
-420169616 943340014
-420522029 943340014
-420522029 -743189538
-421088066 -743189538
-421088066 918703973
-421650212 918703973
-421650212 -743189538
-422156738 -743189538
-422156738 898363190
-422534695 898363190
-422534695 -743189538
-423006903 -743189538
-423006903 750438232
-423514190 750438232
-423514190 -743189538
-424010759 -743189538
-424010759 619544612
-424505594 619544612
-424505594 -743189538
-425018441 -743189538
-425018441 809764303
-425541864 809764303
-425541864 -743189538
-426014957 -743189538
-426014957 522384582
-426622325 522384582
-426622325 -743189538
-427012070 -743189538
-427012070 514255340
-427562994 514255340
-427562994 -743189538
-428062115 -743189538
-428062115 805051150
-428478293 805051150
-428478293 -743189538
-428948345 -743189538
-428948345 818248146
-429507312 818248146
-429507312 -743189538
-430065932 -743189538
-430065932 698336677
-430494726 698336677
-430494726 -743189538
-431081182 -743189538
-431081182 890679825
-431587384 890679825
-431587384 -743189538
-431982546 -743189538
-431982546 705814120
-432536698 705814120
-432536698 -743189538
-433016227 -743189538
-433016227 908141385
-433516564 908141385
-433516564 -743189538
-433977887 -743189538
-433977887 706613991
-434468508 706613991
-434468508 -743189538
-435034417 -743189538
-435034417 704135087
-435499687 704135087
-435499687 -743189538
-435948150 -743189538
-435948150 979345376
-436540593 979345376
-436540593 -743189538
-437001070 -743189538
-437001070 926950200
-437529851 926950200
-437529851 -743189538
-437975948 -743189538
-437975948 683581576
-438420619 683581576
-438420619 -743189538
-438966130 -743189538
-438966130 621114216
-439399031 621114216
-439399031 -743189538
-439968621 -743189538
-439968621 826196633
-440430745 826196633
-440430745 -743189538
-440919996 -743189538
-440919996 965583329
-441424857 965583329
-441424857 -743189538
-441884927 -743189538
-441884927 572710988
-442447402 572710988
-442447402 -743189538
-442969500 -743189538
-442969500 617956986
-443445086 617956986
-443445086 -743189538
-443850002 -743189538
-443850002 891795223
-444382017 891795223
-444382017 -743189538
-444849613 -743189538
-444849613 857924270
-445469842 857924270
-445469842 -743189538
-445916028 -743189538
-445916028 719783883
-446463407 719783883
-446463407 -743189538
-446957203 -743189538
-446957203 685311637
-447344285 685311637
-447344285 -743189538
-447867406 -743189538
-447867406 803935274
-448376111 803935274
-448376111 -743189538
-448874856 -743189538
-448874856 828377092
-449415889 828377092
-449415889 -743189538
-449790445 -743189538
-449790445 591394546
-450391484 591394546
-450391484 -743189538
-450891390 -743189538
-450891390 717273024
-451302302 717273024
-451302302 -743189538
-451822226 -743189538
-451822226 871148906
-452409538 871148906
-452409538 -743189538
-452827939 -743189538
-452827939 973411810
-453288227 973411810
-453288227 -743189538
-453832822 -743189538
-453832822 689940195
-454415651 689940195
-454415651 -743189538
-454751118 -743189538
-454751118 976068052
-455357739 976068052
-455357739 -743189538
-455871172 -743189538
-455871172 993318320
-456303475 993318320
-456303475 -743189538
-456806278 -743189538
-456806278 763244276
-457296950 763244276
-457296950 -743189538
-457791597 -743189538
-457791597 785561674
-458304693 785561674
-458304693 -743189538
-458806029 -743189538
-458806029 628223680
-459240171 628223680
-459240171 -743189538
-459764818 -743189538
-459764818 768900162
-460261779 768900162
-460261779 -743189538
-460866171 -743189538
-460866171 651796375
-461229035 651796375
-461229035 -743189538
-461764886 -743189538
-461764886 565936557
-462327054 565936557
-462327054 -743189538
-462795224 -743189538
-462795224 922527622
-463245180 922527622
-463245180 -743189538
-463772971 -743189538
-463772971 684354260
-464283449 684354260
-464283449 -743189538
-464766408 -743189538
-464766408 667655664
-465207980 667655664
-465207980 -743189538
-465721559 -743189538
-465721559 526886484
-466267941 526886484
-466267941 -743189538
-466728136 -743189538
-466728136 877902943
-467236459 877902943
-467236459 -743189538
-467755926 -743189538
-467755926 875700516
-468257936 875700516
-468257936 -743189538
-468795581 -743189538
-468795581 951006965
-469295870 951006965
-469295870 -743189538
-469723426 -743189538
-469723426 804888439
-470169217 804888439
-470169217 -743189538
-470701684 -743189538
-470701684 804210841
-471251055 804210841
-471251055 -743189538
-471755636 -743189538
-471755636 891293124
-472260638 891293124
-472260638 -743189538
-472687189 -743189538
-472687189 928713852
-473147619 928713852
-473147619 -743189538
-473682509 -743189538
-473682509 943263180
-474107715 943263180
-474107715 -743189538
-474604720 -743189538
-474604720 572639053
-475137329 572639053
-475137329 -743189538
-475685748 -743189538
-475685748 782616932
-476093627 782616932
-476093627 -743189538
-476648546 -743189538
-476648546 782833420
-477158338 782833420
-477158338 -743189538
-477584946 -743189538
-477584946 779379813
-478123567 779379813
-478123567 -743189538
-478638530 -743189538
-478638530 614830266
-479233119 614830266
-479233119 -743189538
-479723092 -743189538
-479723092 872890823
-480076968 872890823
-480076968 -743189538
-480676321 -743189538
-480676321 852569681
-481091729 852569681
-481091729 -743189538
-481618547 -743189538
-481618547 901819839
-482193076 901819839
-482193076 -743189538
-482665039 -743189538
-482665039 926227651
-483100397 926227651
-483100397 -743189538
-483690820 -743189538
-483690820 792992711
-484093816 792992711
-484093816 -743189538
-484685600 -743189538
-484685600 548898920
-485105223 548898920
-485105223 -743189538
-485626963 -743189538
-485626963 573321169
-486094958 573321169
-486094958 -743189538
-486610342 -743189538
-486610342 639538835
-487046344 639538835
-487046344 -743189538
-487604716 -743189538
-487604716 705257236
-488065721 705257236
-488065721 -743189538
-488515891 -743189538
-488515891 621427435
-489012092 621427435
-489012092 -743189538
-489515296 -743189538
-489515296 675358049
-490105994 675358049
-490105994 -743189538
-490590557 -743189538
-490590557 590624204
-491126247 590624204
-491126247 -743189538
-491618208 -743189538
-491618208 820092308
-492067749 820092308
-492067749 -743189538
-492625044 -743189538
-492625044 683199006
-493084100 683199006
-493084100 -743189538
-493470550 -743189538
-493470550 765971567
-493961197 765971567
-493961197 -743189538
-494607438 -743189538
-494607438 765161071
-494958753 765161071
-494958753 -743189538
-495581834 -743189538
-495581834 984383363
-496096615 984383363
-496096615 -743189538
-496550480 -743189538
-496550480 960668230
-497062421 960668230
-497062421 -743189538
-497596442 -743189538
-497596442 785004955
-498005937 785004955
-498005937 -743189538
-498446797 -743189538
-498446797 672043392
-498943307 672043392
-498943307 -743189538
-499517133 -743189538
-499517133 970563574
-500046235 970563574
-500046235 -743189538
-500428339 -743189538
-500428339 906791963
-500967705 906791963
-500967705 -743189538
-501561008 -743189538
-501561008 558019241
-502043538 558019241
-502043538 -743189538
-502552403 -743189538
-502552403 508333829
-502925567 508333829
-502925567 -743189538
-503449104 -743189538
-503449104 828330789
-503959795 828330789
-503959795 -743189538
-504541273 -743189538
-504541273 908093217
-504963836 908093217
-504963836 -743189538
-505493064 -743189538
-505493064 768544860
-505896525 768544860
-505896525 -743189538
-506460388 -743189538
-506460388 734648653
-506984720 734648653
-506984720 -743189538
-507376492 -743189538
-507376492 852014036
-507894588 852014036
-507894588 -743189538
-508443481 -743189538
-508443481 934887025
-508863176 934887025
-508863176 -743189538
-509398479 -743189538
-509398479 970581609
-509874080 970581609
-509874080 -743189538
-510399415 -743189538
-510399415 648056921
-510875184 648056921
-510875184 -743189538
-511492683 -743189538
-511492683 859534475
-511943793 859534475
-511943793 -743189538
-512416023 -743189538
-512416023 609426066
-512931051 609426066
-512931051 -743189538
-513432411 -743189538
-513432411 592747040
-513962956 592747040
-513962956 -743189538
-514449606 -743189538
-514449606 745311385
-514874955 745311385
-514874955 -743189538
-515435622 -743189538
-515435622 578522416
-515918732 578522416
-515918732 -743189538
-516381593 -743189538
-516381593 836698146
-516875150 836698146
-516875150 -743189538
-517417328 -743189538
-517417328 569284070
-517829076 569284070
-517829076 -743189538
-518385737 -743189538
-518385737 758952967
-518790883 758952967
-518790883 -743189538
-519421357 -743189538
-519421357 501790211
-519804932 501790211
-519804932 -743189538
-520413447 -743189538
-520413447 663757188
-520812865 663757188
-520812865 -743189538
-521281869 -743189538
-521281869 576684465
-521788787 576684465
-521788787 -743189538
-522401532 -743189538
-522401532 508462269
-522749863 508462269
-522749863 -743189538
-523361924 -743189538
-523361924 891210531
-523782488 891210531
-523782488 -743189538
-524342366 -743189538
-524342366 673044180
-524833846 673044180
-524833846 -743189538
-525358685 -743189538
-525358685 535245004
-525755292 535245004
-525755292 -743189538
-526237298 -743189538
-526237298 740420885
-526775597 740420885
-526775597 -743189538
-527361745 -743189538
-527361745 904569254
-527818733 904569254
-527818733 -743189538
-528298068 -743189538
-528298068 883828338
-528700156 883828338
-528700156 -743189538
-529283066 -743189538
-529283066 608707487
-529839574 608707487
-529839574 -743189538
-530312203 -743189538
-530312203 999814725
-530688480 999814725
-530688480 -743189538
-531306604 -743189538
-531306604 989015338
-531729545 989015338
-531729545 -743189538
-532293768 -743189538
-532293768 920484564
-532833374 920484564
-532833374 -743189538
-533193760 -743189538
-533193760 716302702
-533802420 716302702
-533802420 -743189538
-534284168 -743189538
-534284168 772147406
-534692156 772147406
-534692156 -743189538
-535184680 -743189538
-535184680 839369088
-535680257 839369088
-535680257 -743189538
-536178988 -743189538
-536178988 731115051
-536796517 731115051
-536796517 -743189538
-537246994 -743189538
-537246994 750104935
-537785138 750104935
-537785138 -743189538
-538258822 -743189538
-538258822 561891102
-538680948 561891102
-538680948 -743189538
-539123118 -743189538
-539123118 922657297
-539672095 922657297
-539672095 -743189538
-540258900 -743189538
-540258900 510029781
-540771856 510029781
-540771856 -743189538
-541133859 -743189538
-541133859 914734818
-541626575 914734818
-541626575 -743189538
-542152089 -743189538
-542152089 584983764
-542747004 584983764
-542747004 -743189538
-543236190 -743189538
-543236190 659425803
-543728946 659425803
-543728946 -743189538
-544094258 -743189538
-544094258 725982512
-544645514 725982512
-544645514 -743189538
-545130871 -743189538
-545130871 749800318
-545582004 749800318
-545582004 -743189538
-546177676 -743189538
-546177676 563243580
-546625543 563243580
-546625543 -743189538
-547185874 -743189538
-547185874 747552577
-547671642 747552577
-547671642 -743189538
-548212745 -743189538
-548212745 893844815
-548637308 893844815
-548637308 -743189538
-549082553 -743189538
-549082553 657692606
-549609725 657692606
-549609725 -743189538
-550105904 -743189538
-550105904 966657753
-550675283 966657753
-550675283 -743189538
-551192700 -743189538
-551192700 938461476
-551531808 938461476
-551531808 -743189538
-552047050 -743189538
-552047050 910541606
-552575007 910541606
-552575007 -743189538
-553068341 -743189538
-553068341 989447651
-553541282 989447651
-553541282 -743189538
-554135757 -743189538
-554135757 644183262
-554645809 644183262
-554645809 -743189538
-555029942 -743189538
-555029942 934303338
-555603793 934303338
-555603793 -743189538
-556047061 -743189538
-556047061 657932768
-556578009 657932768
-556578009 -743189538
-557067877 -743189538
-557067877 937797675
-557645186 937797675
-557645186 -743189538
-558108710 -743189538
-558108710 902121081
-558595255 902121081
-558595255 -743189538
-559049044 -743189538
-559049044 892318069
-559482529 892318069
-559482529 -743189538
-560066438 -743189538
-560066438 911869232
-560596132 911869232
-560596132 -743189538
-561098209 -743189538
-561098209 737119792
-561525996 737119792
-561525996 -743189538
-562054479 -743189538
-562054479 549968893
-562543775 549968893
-562543775 -743189538
-563076408 -743189538
-563076408 505847131
-563493502 505847131
-563493502 -743189538
-564085940 -743189538
-564085940 865673648
-564449020 865673648
-564449020 -743189538
-565022964 -743189538
-565022964 780183101
-565532572 780183101
-565532572 -743189538
-566056770 -743189538
-566056770 944326139
-566431732 944326139
-566431732 -743189538
-566989101 -743189538
-566989101 542853569
-567474933 542853569
-567474933 -743189538
-567919894 -743189538
-567919894 731690667
-568542994 731690667
-568542994 -743189538
-569020435 -743189538
-569020435 656406691
-569460709 656406691
-569460709 -743189538
-570015213 -743189538
-570015213 514006693
-570542493 514006693
-570542493 -743189538
-571008228 -743189538
-571008228 875106176
-571516375 875106176
-571516375 -743189538
-571933867 -743189538
-571933867 868935492
-572516605 868935492
-572516605 -743189538
-572960709 -743189538
-572960709 504139145
-573412101 504139145
-573412101 -743189538
-573915888 -743189538
-573915888 615116481
-574360184 615116481
-574360184 -743189538
-575010417 -743189538
-575010417 689736913
-575410886 689736913
-575410886 -743189538
-575987288 -743189538
-575987288 632484219
-576383140 632484219
-576383140 -743189538
-576941667 -743189538
-576941667 699397975
-577373431 699397975
-577373431 -743189538
-577886146 -743189538
-577886146 974904443
-578480168 974904443
-578480168 -743189538
-578924078 -743189538
-578924078 852078488
-579327030 852078488
-579327030 -743189538
-579883186 -743189538
-579883186 773774333
-580362981 773774333
-580362981 -743189538
-580946727 -743189538
-580946727 706597192
-581392796 706597192
-581392796 -743189538
-581956562 -743189538
-581956562 846673286
-582370040 846673286
-582370040 -743189538
-582823224 -743189538
-582823224 796939432
-583444796 796939432
-583444796 -743189538
-583846428 -743189538
-583846428 641837509
-584439228 641837509
-584439228 -743189538
-584794723 -743189538
-584794723 631363993
-585280850 631363993
-585280850 -743189538
-585879913 -743189538
-585879913 697556491
-586318153 697556491
-586318153 -743189538
-586903963 -743189538
-586903963 777186868
-587419953 777186868
-587419953 -743189538
-587831585 -743189538
-587831585 755380816
-588256390 755380816
-588256390 -743189538
-588773655 -743189538
-588773655 670306042
-589406334 670306042
-589406334 -743189538
-589791924 -743189538
-589791924 763738371
-590334971 763738371
-590334971 -743189538
-590739972 -743189538
-590739972 709661095
-591380306 709661095
-591380306 -743189538
-591880121 -743189538
-591880121 786440158
-592307418 786440158
-592307418 -743189538
-592764085 -743189538
-592764085 836677378
-593257103 836677378
-593257103 -743189538
-593715240 -743189538
-593715240 753597444
-594264518 753597444
-594264518 -743189538
-594810710 -743189538
-594810710 620332731
-595238870 620332731
-595238870 -743189538
-595801208 -743189538
-595801208 979605785
-596271109 979605785
-596271109 -743189538
-596753064 -743189538
-596753064 887872472
-597259357 887872472
-597259357 -743189538
-597834960 -743189538
-597834960 693216988
-598241374 693216988
-598241374 -743189538
-598839998 -743189538
-598839998 633789232
-599246928 633789232
-599246928 -743189538
-599805697 -743189538
-599805697 751802953
-600262025 751802953
-600262025 -743189538
-600764935 -743189538
-600764935 516744117
-601167143 516744117
-601167143 -743189538
-601714219 -743189538
-601714219 833748826
-602481112 833748826
-602481112 -743189539
