2612
349867222 418555962
346816315 419535915
344113084 420370636
341466889 421161817
338202685 422046950
334459493 423009160
332212803 423729612
328308853 424625776
325893917 425230386
322523638 425988820
319317190 426728353
315561578 427407024
312234787 428038879
309813561 428630188
306458744 429150397
303018208 429775118
299710397 430230396
296815916 430685896
293570530 431140340
290068938 431616133
287283541 431933258
283634132 432282318
280317968 432666260
277407664 432895863
274183206 433190291
271162123 433455659
267752507 433575896
264337217 433779634
261259937 433895721
257922662 434015856
254797614 434141999
251127412 434134074
247492217 434107168
244393602 434107235
241508450 434102756
237420809 433933622
234429215 433784555
230923568 433652311
228058799 433464641
224490043 433230561
221774183 433082677
218427517 432778393
215199417 432503810
211878041 432153749
208379699 431781505
204875902 431255690
201874046 430917306
198250052 430357100
195033952 429925279
191319878 429267642
188631118 428818354
185420690 428205117
181338719 427405811
178584981 426864016
175346780 426146790
172182814 425447742
168921616 424746687
165081478 423759179
161905119 422907241
158987354 422165599
155368090 421158345
152305201 420285228
149274412 419421786
146350530 418531024
143257088 417550746
140017418 416518640
136165744 415170847
133505091 414270686
130271671 413059028
126592229 411653267
123739230 410578386
120564854 409387595
117811777 408258338
114066364 406661743
111271938 405507133
107528970 403808598
104514124 402395340
101458752 401049350
98438021 399530678
95476530 398108298
92836879 396850400
89658361 395203530
86142657 393388875
83663761 392073902
80704402 390452996
77619888 388706051
74202931 386694901
71693937 385271307
68666692 383472305
66010692 381820294
62934481 379955286
60019399 378029908
57118245 376181089
54537182 374517813
51275536 372216381
48341936 370117033
45718880 368289145
42670664 366132468
40226916 364331101
37280938 362117273
34715553 360101421
31911271 357951137
29575198 356035036
26488717 353578793
23932730 351409806
21332501 349244692
18519182 346687712
15587640 344119738
13715106 342577669
10803813 339808940
8320427 337494211
5506907 334699299
2965291 332245245
566287 329874668
-1337241 328120771
-3967546 325355508
-6703468 322332468
-8813206 320154211
-11222311 317541899
-13917495 314404586
-16193706 311886405
-18249804 309546531
-20151046 307359553
-22418272 304611903
-25116072 301275789
-27157475 298630251
-29459662 295657407
-31341388 293255103
-33660763 290226133
-35720711 287348251
-37576036 284952923
-39905168 281592045
-41787012 278763392
-43563474 276200786
-46007560 272533186
-47673703 270008362
-49820920 266543709
-51490659 263854937
-53230055 261020326
-55038550 258057613
-57057437 254593905
-58908219 251327278
-60601246 248268370
-62184911 245354059
-63784578 242368402
-65380157 239282957
-67154452 235709669
-68644793 232783319
-70274170 229412188
-71938173 225917869
-73243509 223036042
-74692718 219814504
-76237535 216393101
-77491577 213442483
-79007263 209608866
-80397578 206358572
-81483539 203662144
-83072074 199326947
-84240858 196146538
-85270789 193472694
-86401092 190234550
-87815222 185795362
-88894542 182455652
-89799775 179756106
-90833871 176423138
-92099083 172131501
-92978289 168829694
-94034778 165175648
-94902378 161615532
-95745441 158524474
-96542881 155340963
-97471000 150956636
-98281313 147660879
-98889349 144799375
-99736735 140166387
-100487126 136628533
-101024124 133646669
-101728776 129819626
-102307307 126059301
-102807819 122457485
-103376209 118765996
-103824591 115250807
-104278202 112355470
-104686270 108519838
-105072776 105021152
-105356815 101409999
-105741183 96952736
-105977357 93583997
-106218972 89531731
-106453671 86669428
-106607993 82202931
-106694063 79196558
-106790674 74895513
-106889320 72108188
-106860882 67972554
-106881669 64611468
-106887688 60980119
-106715403 56518763
-106635399 52806755
-106514346 49583586
-106313566 45936099
-106070735 41933189
-105780138 37987926
-105494978 34236378
-105279722 31443584
-104732018 26654452
-104375676 23518000
-103992143 19829867
-103574569 16679259
-102921804 12252372
-102383747 8647940
-101893316 5401618
-101304207 1861616
-100470081 -2506017
-99817239 -6106320
-99009553 -10116135
-98414868 -13096789
-97733621 -16536188
-96674832 -20694769
-95948542 -23927118
-94767367 -28511322
-93962039 -31615075
-92997069 -35302196
-92188404 -38397095
-90811255 -42869001
-89769934 -46391641
-88781176 -49643500
-87502622 -53464446
-86355752 -56896627
-85010203 -60804844
-84102904 -63586250
-82624176 -67361640
-81227810 -71184605
-79867614 -74684006
-78342176 -78414882
-77296646 -81171940
-75494658 -85251637
-74053144 -88600989
-72633234 -91839817
-71130933 -95233253
-69316934 -98999989
-67420927 -102861165
-65994799 -105782881
-64520168 -108777645
-62719147 -112283409
-60525358 -116416515
-58643965 -119731312
-56810684 -123035440
-55316349 -125853297
-53470322 -129002839
-51179730 -132886186
-49521631 -135627643
-47401425 -139009404
-45429092 -142259783
-43623633 -145038645
-40816841 -149248177
-38733027 -152283340
-36899585 -155061725
-34583611 -158357076
-32697974 -161045624
-29758756 -164952919
-27541744 -167930177
-25442231 -170630729
-22687519 -174118216
-20351716 -177131004
-18576469 -179414633
-15863998 -182664461
-13097207 -185926332
-10971798 -188515501
-7942211 -191934545
-5630394 -194517309
-2996233 -197392720
-398754 -200192850
2472859 -203209411
4830369 -205671664
7433027 -208381858
10440366 -211395409
13168424 -214045515
15662795 -216495289
19221517 -219739929
21295635 -221737455
24646214 -224718841
27673919 -227428328
30784887 -230190850
33592975 -232550276
36486714 -234952954
39316699 -237396181
42344296 -239790618
45261068 -242150512
48706237 -244757707
51547516 -246922876
54579861 -249221114
58495581 -252050098
60733200 -253672298
64177942 -256164082
68194243 -258834770
70954751 -260749847
73985985 -262753395
77946393 -265243255
81198593 -267251502
84491209 -269280648
87617628 -271209029
90961491 -273238208
94775026 -275409085
97961396 -277266891
101653775 -279279100
104377733 -280754357
107977945 -282706284
111675605 -284548317
115697888 -286555108
118711973 -288137926
122378005 -289811342
126698794 -291827511
129818075 -293252502
133885411 -295084181
136577113 -296326271
141306777 -298235792
144343894 -299512313
148118114 -300972892
152465513 -302608662
155338354 -303805944
158781514 -305121024
163384039 -306647077
167487977 -308038681
170807439 -309223877
174233073 -310283156
178798218 -311671859
182740014 -312901398
186480630 -313930634
189629089 -314946750
194521683 -316130437
198041677 -317137931
201561397 -317969737
205618279 -318929127
208927657 -319776151
212842835 -320620100
217229442 -321503752
221838481 -322379694
224748984 -322992233
228956931 -323776842
233043045 -324445615
237121552 -325132619
241266307 -325683430
245364014 -326262759
249188292 -326784861
253110207 -327287119
257251804 -327704801
261114717 -328135396
264996071 -328458876
270044781 -328818510
273863945 -329108935
278183028 -329380961
282216250 -329540462
286221204 -329749154
289731389 -329870844
293540150 -329989928
298348223 -330015528
302266579 -330059350
305806790 -330070391
309744110 -330010594
314878855 -329844847
318643087 -329692663
321982422 -329618237
326664877 -329344984
331154148 -329020685
335323161 -328670538
339099359 -328408619
343635614 -327910710
347605532 -327545492
351886839 -327002479
355241871 -326626634
358893059 -326212430
363576902 -325521943
367900954 -324839922
372101286 -324149330
375719517 -323572350
379546513 -322868804
383784894 -322016988
387805304 -321236075
391593996 -320496256
395649780 -319582626
400169705 -318509189
403713322 -317677037
407692736 -316649523
412526158 -315369464
416843011 -314135621
420524286 -313131251
424774978 -311831009
428512323 -310675625
432778011 -309385381
436094384 -308287038
440449550 -306770892
443608532 -305736732
448414974 -303974560
451387710 -303004611
455709352 -301317071
459741056 -299674560
463357089 -298238395
467652523 -296487112
471253513 -294975119
475415257 -293146503
479284102 -291366118
482261226 -290071186
487042811 -287721674
490792563 -285967659
494458664 -284122238
497597542 -282534512
501364113 -280584117
505223797 -278507094
508484085 -276791891
513342613 -274052788
516300790 -272396219
520198193 -270145753
523089166 -268399147
527618613 -265644954
530595900 -263786592
534486340 -261340343
538267964 -258854934
541643906 -256646234
545309210 -254120219
548556580 -251883271
551590050 -249788655
555977127 -246521503
558631749 -244733833
562728540 -241582491
565783820 -239285132
568900831 -236814524
572168698 -234246313
576011028 -231012697
579122186 -228502457
581846698 -226261922
585718246 -222905275
588631543 -220358845
591784296 -217489921
595254570 -214302236
597948646 -211915291
601611453 -208357398
604078654 -206041877
607320578 -202776664
610523921 -199617278
613601014 -196360065
616700514 -193113723
619658049 -189992050
622571154 -186787089
624747370 -184505110
627935798 -180909624
630793000 -177504440
633433290 -174442742
636134441 -171225011
639367039 -167302806
642214728 -163725166
644315665 -161078363
647341692 -157134640
649797942 -153898955
652052568 -150848234
654701133 -147204441
657275672 -143601507
659691181 -140170982
662498009 -136030680
664965809 -132311634
667229143 -128880119
669242131 -125791855
671713336 -121816422
673711727 -118756127
676482452 -113882493
678593502 -110289865
680652182 -106778250
683058194 -102533978
684921949 -99196014
687079203 -95111918
688801938 -91958107
690773258 -88170793
692894053 -83858846
694989555 -79466936
696862074 -75521574
698466788 -72113385
700418144 -67820283
702163150 -63981244
703986348 -59685233
705775841 -55210381
707410912 -51257792
708971771 -47311615
710567429 -43356322
711863411 -40063018
713457333 -35452011
715066893 -30734913
716377546 -26947733
717821953 -22585952
719219807 -18187928
720305029 -14921055
721744372 -9989736
722865164 -6395356
724144195 -1499460
725305448 2916770
726228777 6225030
727471363 11382294
728409082 15024202
729381914 19304690
730309650 23616621
731354262 28824230
732210476 33143624
732994218 37901285
733701096 41504616
734570320 46651859
735180878 50719045
735847087 55412405
736329537 58733835
737033337 64240318
737541471 68350333
737996765 72529219
738439466 76883542
738802486 81854864
739193864 86370326
739437780 89605347
739732941 94932697
739957382 99201829
740127123 103687165
740241243 108573662
740341822 113278453
740406386 116878572
740425350 121242717
740400409 126327226
740282225 130499688
740135138 135679464
739913207 140271263
739767414 144268127
739579561 148645051
739200066 153552751
738865204 157950110
738530712 161871644
737992956 167030782
737636705 171018218
736967637 176085095
736566458 179828576
736081905 184016668
735398391 188634970
734614925 193417216
733848837 198205685
733251987 201892861
732502848 206103697
731343849 211506330
730590894 215621583
729469983 220416191
728505672 224929723
727461310 229402583
726443725 233420307
725479252 237314047
724186105 242185866
723079830 246316952
721934259 250509497
720194461 255945688
719263363 259397792
717907144 263659513
716243918 268493008
715065784 272071933
713548885 276478903
711856006 281230479
710199426 285574444
708624001 289835795
706648325 294652431
704876072 299045829
703513842 302534598
701440589 307230289
700086729 310474886
698068843 314909162
696193572 319028951
694227101 323155370
691714646 328243752
689732341 332161415
687831287 335989150
685571144 340268348
683717331 343761596
681000194 348741196
678727288 352774799
677069810 355815355
674752995 359722866
671843012 364534048
670093642 367582919
666820674 372561286
664263708 376570745
661986502 380178801
659647194 383657177
657421343 387075545
654132346 391738559
652021951 394806195
648616568 399378845
645765416 403248754
643812705 405967271
640126425 410624935
637299890 414215735
634948183 417207509
631437003 421453459
628905490 424650060
626264295 427714632
623221562 431305398
619563926 435337831
616324114 438930311
614012810 441645660
609926893 445893976
607493676 448546355
603501268 452611171
600048866 456032699
596769019 459306758
593566766 462437220
590743182 465191285
587267436 468411017
583115252 472179728
579487315 475397272
577080258 477621243
573165961 481018894
568811738 484714490
565336080 487565227
561565114 490678013
558005181 493532996
555299413 495658826
551511531 498580928
547517262 501626923
543856120 504378933
538975272 507757387
535070768 510601177
532100613 512711047
527251576 515898341
523333000 518542878
520573307 520484198
516422550 523119136
512182138 525765758
507637556 528492771
503771866 530861506
499899717 533100749
494969244 535887882
491286856 538011969
487741908 539963019
483107489 542410161
478246065 544887788
474882103 546712227
470470107 548862191
466415537 550915373
461245969 553306349
456781381 555384300
452840203 557109594
448960196 558867602
444435700 560818555
439729148 562787220
435992059 564336674
431188957 566182716
425936510 568175552
422781607 569432550
417789123 571223106
413030630 572927273
408917810 574357893
404298137 575841790
399524504 577344303
394331403 578957635
390735838 580025214
385312532 581561995
380652613 582907850
376209993 584039228
371264526 585300715
367429452 586322626
361595691 587602051
356677801 588763504
352582694 589646225
348255080 590509400
344005253 591402756
338727809 592386560
333392046 593243307
328504473 594097495
323446294 594827626
318866230 595545502
313989432 596148350
309440774 596778235
304318426 597361054
300196759 597793623
295849421 598272429
289664049 598706440
285061341 599078031
280663382 599435679
275272898 599755215
271385690 599974618
266243741 600154840
260512027 600315794
256103055 600414220
252025295 600425754
246131265 600380947
240862984 600338061
236736465 600327547
232547086 600254690
226806652 599996879
221460322 599666476
217605994 599513304
212287314 599123791
207728385 598818035
202270180 598323981
197991863 597923244
192022317 597240313
187493137 596756040
182674566 596125404
178808598 595637514
172481700 594642222
168710889 594104010
164141529 593390913
157992626 592214322
153875337 591551441
148543267 590473716
143716722 589492664
139000759 588473812
134420152 587426017
128876518 586072950
124282786 584965398
120002476 583915659
115596387 582782974
109954295 581170252
106304956 580136640
101385235 578702843
95994306 577056194
91523971 575651669
86071241 573740638
81832586 572372602
76908095 570570459
72888405 569200283
67397508 567112957
63320968 565576134
59291465 564030271
54469572 562029834
49437488 559897790
44922749 558056103
40464548 556084165
36399666 554252686
31229508 551882272
27329803 550042175
22222795 547560452
18408777 545707889
13054414 542828071
8873025 540745858
3950273 538031099
-340970 535709951
-3999179 533689011
-9075582 530775472
-13362283 528220576
-17585822 525717389
-21095592 523607803
-25937755 520564992
-29549837 518332146
-34200267 515174722
-38233552 512511151
-42615868 509552600
-47202443 506304107
-51037204 503612329
-54509760 501132258
-58794728 498049558
-63123851 494716950
-66550880 492142340
-71711329 487962579
-75057113 485430948
-78706271 482378900
-83327733 478552932
-86510387 475936154
-90662609 472284168
-94023707 469321369
-97741270 465982815
-102221051 461819244
-106055522 458194249
-109533197 454929983
-112610797 452039843
-116679374 447944667
-119739628 444947927
-123226356 441398229
-127351922 436887693
-131172660 432824721
-134320247 429434753
-137560006 425858002
-140751429 422232701
-144627954 417632201
-147503596 414283147
-151085472 410050323
-153888796 406671894
-157213571 402463159
-160635067 397999052
-163796902 393913257
-166586044 390336989
-169442466 386495765
-172523925 382099266
-175450665 378016171
-178213667 374112753
-181604141 369003064
-183988495 365566360
-187292048 360383292
-189528719 357011999
-192653439 351951767
-195557116 347250414
-198296495 342504679
-200550126 338766082
-203133921 334188577
-205275168 330534622
-207805593 325952344
-210801041 320296424
-212709210 316646369
-215506181 311043129
-217436370 307252004
-219881868 302362245
-222246671 297251064
-224172304 293186834
-226040182 289049090
-228586205 283291639
-230414766 278888003
-232631164 273690114
-234577825 268770115
-236530885 263760376
-238034885 260105493
-240176152 254122684
-242011134 249072514
-243666001 244439625
-245336717 239292461
-246818078 235058844
-248452166 229914349
-250073841 224665974
-251331493 220454198
-252819962 215048557
-254348215 209617974
-255659373 204703276
-257048693 199041797
-258179052 194832750
-259355007 189895671
-260538049 184181689
-261677787 179023941
-262677806 174253246
-263696734 168834806
-264574272 164214814
-265591019 158397035
-266407714 153133582
-267231920 147826924
-267979868 142501553
-268602881 138458604
-269271860 132979826
-269900310 128079876
-270505516 122583700
-270987893 117302601
-271457838 111735034
-271817444 107165834
-272206238 100959844
-272464111 96798525
-272793026 91263964
-272920607 84992862
-273085764 80018607
-273228212 76039237
-273280288 70548459
-273329684 65208700
-273244246 59971546
-273150642 54432900
-272886775 47884266
-272810042 43841167
-272513738 38074883
-272164035 32761131
-271860336 27529428
-271537563 23119351
-270883412 16123441
-270565819 12026008
-269948473 6586772
-269196100 648555
-268712883 -3917518
-268055880 -8881982
-267243520 -14440011
-266277317 -20139394
-265498894 -25269035
-264455090 -30981400
-263491059 -35965717
-262605868 -40719705
-261353525 -46833861
-260520932 -50972329
-259158738 -56684258
-257886601 -62143014
-256698005 -66879397
-255119010 -72946947
-254033830 -77139743
-252798470 -81865546
-251377783 -86951261
-249732807 -92296363
-248142107 -97528511
-246312882 -103198658
-244889745 -107519851
-242767055 -113649093
-241205730 -118352340
-239331993 -123514187
-237535224 -128243799
-235758678 -132932601
-233890285 -137779087
-231574301 -143449012
-229746091 -147759691
-227233940 -153636456
-225197736 -158238956
-222946317 -163296216
-221098258 -167277474
-218819932 -172139571
-216015112 -177901870
-213256707 -183277556
-211062904 -187646868
-208204206 -192970621
-205749261 -197565549
-203270484 -202082476
-200583084 -206873855
-198642660 -210437279
-195595661 -215592856
-192495640 -220785369
-190113091 -224648853
-186849472 -229953604
-184194277 -234118512
-180673654 -239389741
-177719096 -243830839
-174605756 -248343566
-171576858 -252789385
-168313149 -257324302
-165607348 -261091957
-161908800 -266133839
-158693419 -270376458
-155962650 -273957168
-152699790 -278107587
-148431416 -283457333
-145845911 -286611395
-142220489 -291072131
-138156162 -295805159
-134959570 -299438468
-131851510 -303017035
-127729520 -307587385
-124341798 -311383882
-120469630 -315519424
-116573989 -319588074
-113106134 -323203273
-109273605 -327061634
-104994100 -331274441
-100940212 -335158392
-97397486 -338609122
-92494685 -343190373
-88680683 -346645309
-84703668 -350231823
-81292357 -353321930
-76451784 -357461108
-72103602 -361144359
-67377865 -364983177
-64170717 -367715472
-59954500 -371140162
-55294130 -374739969
-50971710 -378079624
-47126016 -381019111
-42416610 -384513409
-37300670 -388153961
-32212535 -391695687
-28426307 -394366900
-24296396 -397257092
-18513378 -401061015
-14840209 -403497881
-10566423 -406279951
-4785875 -409792008
-485313 -412411669
3640153 -414976002
9201376 -418129268
13795850 -420799078
18689844 -423571263
23759881 -426307056
28501760 -428837162
33805825 -431607721
38248725 -433932771
42689847 -436162431
47567319 -438586809
54173463 -441662356
57781225 -443374870
64308227 -446272273
68558041 -448205081
73436250 -450263402
78451500 -452368990
84556499 -454782275
88862523 -456589034
93716028 -458420979
99134494 -460479217
104274802 -462337340
111159219 -464690262
115120495 -466126652
120862395 -467971592
127035746 -469851575
131187376 -471222957
136312050 -472725883
142073497 -474383095
148490322 -476137085
153209512 -477383013
158272376 -478707508
163543914 -480073316
170015561 -481498363
174735950 -482628761
181278030 -483982792
185503105 -484901676
191870297 -486155942
196857384 -487128695
202659318 -488068218
208353786 -489015865
214363453 -489962769
220107844 -490806605
225232008 -491484621
230569803 -492200241
235565071 -492806821
241576013 -493462955
247293861 -493966239
252337334 -494485583
258776669 -494940875
263898069 -495290756
270467461 -495665424
275220478 -495914403
280644886 -496138650
287726258 -496311476
293531422 -496396509
298141309 -496496964
304525065 -496431598
310731269 -496413215
314774345 -496406319
321301614 -496145820
327779029 -495828314
331836458 -495775463
338723119 -495324555
344946939 -494822928
350082649 -494464891
354626540 -494146833
361479119 -493445726
366953313 -492852642
372037112 -492341633
378260164 -491490069
383742418 -490737075
390370469 -489760673
395799927 -488948281
400582991 -488184334
405632531 -487333808
412191162 -486024290
417807673 -485014825
422677124 -484056827
428642285 -482683708
434252917 -481431306
439866672 -480106765
445220698 -478851504
450705595 -477472817
455989085 -476036755
462416065 -474264003
467571965 -472781526
473917224 -470871543
478137898 -469619002
485083406 -467342999
490754794 -465475507
495983978 -463727327
500639928 -462089596
505928935 -460191404
511773346 -458016120
517021616 -456030769
522651773 -453758378
527860683 -451684538
533458777 -449335108
539224187 -446863958
543670208 -444941266
548341817 -442880693
554632790 -439872415
558907192 -437938238
564739101 -435067125
569964316 -432501446
575310693 -429717405
579640765 -427497955
585494783 -424374784
590990357 -421350943
594833651 -419223410
601099496 -415584549
605364004 -413170931
611365623 -409481178
615642694 -406860870
620366371 -403976408
624841420 -401115250
630247598 -397590378
635338737 -394146777
640566436 -390603191
645513109 -387125369
650087015 -383899700
653781543 -381288524
659182283 -377336972
664341748 -373378277
668939455 -369800528
672661215 -367015192
676987869 -363575961
682046951 -359435331
686674122 -355553311
691107634 -351833218
695364566 -348096033
699678925 -344322462
703730416 -340699329
708735623 -336126453
713306423 -331834819
716470995 -328865235
721019871 -324491341
725197057 -320308253
730196293 -315174530
733440499 -311925801
737482899 -307714411
742445891 -302354867
745858957 -298741001
749342623 -294938864
753393685 -290226539
757935638 -285020939
761725854 -280442834
765435369 -276032596
768496102 -272422863
772880517 -266784860
775909253 -263097522
780457921 -257010111
783059223 -253773101
786890648 -248438500
789998809 -244187434
794007380 -238482205
796882503 -234531495
800381086 -229384870
804337599 -223395902
806971770 -219357350
810185016 -214377458
813794562 -208463130
816817477 -203588224
819993783 -198217405
823027715 -193056602
826072929 -187679889
828450074 -183715100
831589379 -177941096
834194861 -173055272
836919929 -167777805
840064986 -161522922
842220304 -157448401
845077618 -151498655
847240664 -147018411
850026426 -141020726
852866563 -134670282
855202462 -129467207
857327696 -124580086
859405569 -119633774
861676476 -113971938
864393092 -106923027
866607250 -101250596
868169347 -97221733
870606246 -90397994
872318985 -85639877
874468448 -79079408
876292097 -73617389
878366517 -67155834
879673773 -63006953
881774755 -55672682
883140082 -51340818
884852588 -45054647
886483662 -38942545
887712493 -34072760
889358120 -27289750
890864307 -20705092
892046306 -15865261
893438974 -9062386
894452943 -4643715
895848716 2769082
896792197 7730934
897842104 13739073
898856343 19455037
899700975 24785183
900648122 31384827
901475762 37398993
902266252 43711232
903021902 50657345
903583936 56124686
904154477 61743174
904724153 68541778
905204902 73454781
905615480 79715136
905940017 86553763
906287861 91701581
906520092 98950965
906727290 103481760
906854759 109892963
906872271 116454681
906885522 122464742
906851787 128609706
906673718 135337403
906521737 141237968
906391593 145890776
906092901 151883627
905656759 159233904
905284366 165159047
904783313 171537096
904321513 177318974
903792986 182773154
903104400 189522462
902467227 195217480
901827668 200576529
900696812 208371039
900072239 212761730
899144440 218867317
897829494 226621404
897144140 230913020
895772942 238335888
894862396 242960955
893668689 249016130
892287688 255564118
890992560 261124542
889443438 267703047
887836508 274318925
886355530 280102713
884583842 286618110
883465260 290917482
881659266 297367463
880102433 302609980
877725278 310097642
876210466 314913214
874031706 321625423
872471015 326393146
870356440 332386681
868056490 338788139
865762210 344912419
863907380 349776777
861225033 356556565
859215314 361520456
857131687 366684797
854388657 373022465
852147871 378206757
849041317 384962038
846860793 389793908
843977204 395806187
840966237 401868876
838622104 406766751
835758587 412303026
832497213 418566936
830375551 422663817
827038486 428665930
824358935 433547346
820661156 439992136
818121501 444307342
814193462 450904622
811661713 455106592
808405325 460378355
805007990 465722432
801895127 470523167
798301242 475889987
794957014 480888820
790309626 487401763
787060365 492053630
783963362 496360155
779868511 501977817
776098625 507010681
772141080 512069850
767818337 517574022
764870187 521370420
761092556 526080280
756299554 531699461
752014657 536823342
748963954 540353335
743887744 546138955
739983722 550487864
735307511 555598104
732274467 558901496
727279858 564073135
723580537 567940612
719006921 572593994
714284382 577242481
710007978 581536299
704464939 586663361
700060847 590870642
695188230 595342736
690430419 599596990
685809012 603637393
681244922 607639841
676741425 611486506
671656581 615724723
667748955 618983962
661408390 623925725
657846721 626861140
652491955 630907916
647248439 634948439
642719888 638258081
637221417 642318150
631465836 646296644
626981780 649484605
622065588 652920088
616640558 656530204
611732363 659751923
605922167 663463151
600276097 667041293
595006287 670265784
590188866 673159067
583531062 677023398
579268931 679563787
573659988 682724926
568020081 685855178
562051438 689049056
555887411 692210610
550534238 694993593
545045295 697736119
539895722 700317379
532778518 703621935
528365260 705792140
521084851 709024589
515122411 711617026
510505895 713695676
503920697 716398945
498731078 718576359
493091320 720817296
486305894 723370826
479668013 725870939
474851111 727682295
468397842 729920570
461751919 732174424
456885696 733873204
450372676 735891319
443941757 737923383
369882860 736242100
435495881 705677924
441600981 703732964
447785197 701806346
452403690 700178907
458712799 698025393
464839113 695888234
469410459 694155249
475710617 691766356
482151820 689330318
487504428 687190618
492428607 685109421
498678879 682531207
503058176 680543619
508716596 678070935
515625973 674989331
519811291 672914388
526565615 669765608
531450095 667301386
536657550 664686169
541735077 662030916
547583761 659019258
553245756 655975055
558594856 652990363
563914807 649977416
567955295 647553109
574270507 643872410
578839159 641115717
583836725 638043889
589189816 634633810
594699425 631099148
599353045 628030303
604496990 624592596
609156038 621318218
613405397 618280167
618863968 614495380
624074414 610627506
628367874 607477969
633335787 603628920
638412767 599779341
641784819 596981006
647796765 592281667
651498036 589177868
656316032 585144415
660582464 581483288
664905268 577673266
669284302 573829876
673792008 569782921
678407530 565528260
682576820 561523498
687831013 556650869
691877916 552563488
696351376 548143459
700681981 543717512
704183638 540038429
708914903 535122656
711785170 531980273
716211967 527121090
719907557 522986134
724712095 517485239
727599687 514129473
731653235 509257059
736193151 503919006
739766344 499441000
742553272 495830543
746643482 490599523
750390076 485793402
753955886 481010264
757827882 475671049
760756755 471578705
763828083 467157496
768227737 460972791
771388481 456222609
774787737 451124924
777730411 446564245
780941792 441487701
784018714 436479541
786410134 432487534
790121608 426221203
792522076 422123318
796016357 416003096
798545845 411366455
801700576 405668281
803701625 401776564
806781051 395828656
809486752 390573119
811695699 385920896
814540794 380166487
817264125 374459642
819319531 369871714
822253795 363460685
824366389 358539169
826955690 352524583
828917913 347621897
830812927 342910824
833342427 336476924
835090498 331860656
837253454 326049403
839420165 319975019
841413315 314288529
842880335 309763949
844930453 303395261
846355525 298826392
848596787 291724359
850061812 286751280
851758486 280632400
852806479 276553241
854473677 270373894
855865205 264888218
857373503 258613398
858828258 252374678
860046427 247102233
861340508 240892638
862457177 235150434
863310884 230765074
864594731 223727032
865231876 219657372
866463323 212306292
867329036 206517921
867910912 202355464
868969803 194967328
869562965 189887192
870153444 184488877
870790187 178091516
871279561 172922168
871702595 167442151
872164058 161397711
872502717 155782537
872901024 148817402
873172181 143138850
873283019 138729969
873413080 133139135
873569661 126765112
873587061 120943253
873560862 115249499
873532637 109033503
873398165 102960288
873188085 98668482
872954808 91801873
872608893 86926129
872290359 80449118
871888726 74520095
871417325 69867534
870863948 63429319
870309849 58109027
869766397 52931946
869038038 46354766
868275963 40378209
867478609 34684204
866568305 28436022
865756227 23390112
864779729 17979571
863772554 12292252
862866821 7595779
861531447 579076
860556028 -3602143
859225854 -10041145
858091131 -14620573
856652450 -20852235
855080597 -27271155
853907381 -31879374
852349354 -37662609
850715600 -43610658
849407186 -47707577
847405861 -54647271
846157561 -58571801
844178290 -64683977
842438382 -69850251
840393009 -76056846
838758966 -80556593
836438582 -87010906
834947981 -90820203
832837230 -96183844
830253232 -102850689
828092826 -108205100
826114630 -112881925
824090727 -117502161
821865832 -122420503
819164754 -128424711
816514810 -134094622
814456254 -138329201
811740717 -143954060
809686347 -147802837
806698126 -153715620
804109184 -158704157
801633121 -163321759
798650602 -168778771
796385595 -172521898
793493203 -177602961
790610158 -182478758
787594162 -187553878
784721230 -192158412
781296393 -197747669
778243995 -202451215
775742711 -206265963
771987358 -211923522
768666349 -216784633
765932555 -220512601
762129079 -225901357
759178189 -229914947
755545951 -234954963
753071961 -238007173
748760125 -243757736
745882034 -247235325
741726608 -252560923
738819442 -255965336
735299267 -260126882
731706971 -264450099
727398119 -269361905
723559777 -273811930
720254547 -277398165
717015208 -280805324
712310898 -285863261
708477829 -289835813
705399831 -292898132
700663158 -297743009
696705185 -301690059
692392818 -305814339
689392419 -308613647
685061127 -312661146
680317793 -316972729
676478419 -320388407
672389817 -323945187
668358177 -327470036
664156834 -330975390
659774328 -334635479
654982621 -338538559
650884046 -341779159
647355369 -344399156
643001865 -347771406
638117446 -351503368
633002240 -355224698
629502193 -357682005
625170652 -360719180
620487967 -363995720
615538150 -367331871
610719727 -370576221
605602106 -373894831
601366284 -376588470
596893406 -379300634
592845186 -381766636
587167402 -385242700
583129415 -387510029
577201177 -390935634
573563780 -392935861
568363998 -395780402
562824986 -398717197
558727240 -400802158
553670470 -403422019
548726427 -405831929
543210552 -408532151
539165220 -410345196
533217070 -413176409
528797652 -415109915
524591987 -416913980
519139454 -419234287
513845834 -421440754
508919380 -423385301
503596764 -425520511
498633912 -427381862
493108257 -429422383
488107767 -431201939
483706261 -432737649
478762329 -434374329
473401208 -436123955
466837381 -438259781
462847337 -439430169
456850692 -441219575
451978084 -442607235
445904466 -444265653
440912305 -445610709
435729189 -446898199
430669457 -448067513
425365515 -449304736
420064589 -450473064
414430398 -451759862
409829775 -452650406
404523085 -453585069
398329100 -454810550
393559253 -455599529
389041338 -456307448
383913059 -457058926
377653607 -457964697
372476532 -458662458
366600734 -459454732
361799640 -459920255
356630932 -460466983
350161334 -461114056
345870860 -461398847
341022125 -461721595
335147204 -462183715
328646732 -462595226
324816113 -462627056
318702574 -462914097
312542306 -463147930
308726289 -463140365
302869170 -463139550
296845135 -463188971
292494994 -463079423
287017362 -462985812
280335888 -462806879
275218064 -462581200
270733903 -462333286
264536421 -461963665
259705219 -461620607
253630974 -461177492
248873964 -460670507
243480790 -460184219
237811660 -459549412
233100757 -458963262
228067185 -458272210
223235050 -457620418
217818465 -456809106
212152082 -455899776
206783148 -454991089
201312553 -454094562
196611380 -453161630
190609164 -451961873
186626902 -451081545
180459915 -449790693
176011431 -448708853
169910948 -447353852
164943593 -446048707
160172754 -444785226
155725615 -443598600
149678932 -441929131
144250337 -440351726
139421650 -438922815
135511610 -437613986
129694688 -435829827
124284990 -434078025
120554994 -432708675
114069520 -430475671
109227977 -428710931
104125409 -426754795
99554029 -425016988
95500970 -423297024
89751119 -421009445
85029037 -419011046
80435430 -417059775
76435621 -415223461
70290044 -412477753
66894696 -410852087
60675051 -407938974
56085073 -405639155
51905398 -403525572
47725304 -401319926
42733804 -398694976
38271494 -396298466
33499917 -393708842
28895881 -391082222
24574142 -388552580
19339728 -385571482
15461045 -383140248
11415477 -380660948
5975765 -377341076
1957326 -374706471
-1496089 -372398944
-6935665 -368801733
-10817151 -366064603
-14376040 -363536108
-19161482 -360188406
-23972864 -356747771
-28399807 -353443187
-32013769 -350662496
-36076141 -347504489
-40457871 -344103448
-44418945 -340864589
-47429490 -338278032
-51872429 -334652812
-55957995 -331172192
-60507255 -327262728
-63709737 -324340564
-67445238 -320951762
-71028749 -317689079
-75633560 -313361667
-78958583 -310100251
-82767021 -306433761
-86786292 -302456286
-90385211 -298813478
-93639694 -295398809
-97297326 -291558064
-100932309 -287654190
-104109038 -284067707
-107978012 -279754221
-110893116 -276375332
-113894218 -272947764
-117709053 -268482489
-121107276 -264270795
-123532942 -261295012
-127535907 -256247087
-130596395 -252331823
-133156262 -248953199
-136171555 -244951378
-139637922 -240194795
-142173451 -236640525
-145234218 -232364700
-148070204 -228170144
-150989171 -223915680
-153757009 -219727680
-157058653 -214759784
-159545595 -210832913
-162599991 -205830463
-164832022 -202188953
-167734246 -197294112
-170588384 -192435611
-172400064 -189074423
-174915187 -184558790
-177234767 -180302117
-179531120 -175971897
-182208774 -170957300
-184258588 -166839443
-186841856 -161776623
-189464594 -156348226
-191593262 -151767553
-193320906 -148017554
-195423029 -143253321
-197325908 -138918708
-199672166 -133383966
-201381230 -129325239
-203544516 -123986452
-205286254 -119422092
-206942946 -115006919
-208621167 -110554725
-210369060 -105695239
-211819429 -101265763
-213800317 -95496960
-215126481 -91429596
-216831777 -86093228
-218311852 -81168648
-219846712 -76139507
-221166373 -71353032
-222310802 -66904903
-223317332 -62959169
-224785771 -57250700
-225891027 -52794984
-227070538 -47659298
-228339093 -42287189
-229106646 -38393406
-230266132 -32642333
-231082179 -28170400
-231976186 -23483188
-232943203 -18111563
-233656076 -13286869
-234552491 -7928552
-235300460 -2702587
-235902886 1965216
-236338448 6259003
-237031970 11840942
-237598863 16953709
-237880740 20805972
-238477948 27381309
-238767632 31526350
-239034863 36443576
-239350527 41437006
-239613416 46855541
-239668934 50655095
-239902154 56807867
-239973534 62011686
-240041045 66931781
-239976488 71948236
-239912085 77106096
-239762783 80844100
-239591513 85516278
-239460125 91406092
-239131476 96603872
-238876047 100511731
-238494486 106339431
-238142963 110629817
-237686034 115857388
-237219231 120815743
-236633595 125975559
-236025507 130575158
-235382521 135718154
-234780941 139512616
-234064055 144511024
-233274091 149491409
-232494561 154431316
-231522721 159890765
-230683724 164225732
-229713160 169310115
-228758712 173785918
-227671357 178624442
-226549873 183985879
-225430510 188617006
-224350991 192563935
-223033114 197874686
-221787368 202483992
-220335032 207576492
-218925587 212646528
-217732303 216595822
-216194096 221516771
-214645305 226340176
-213237208 230307809
-211658008 235134205
-210089078 239476431
-208351045 244209813
-206328628 249818818
-204900644 253242283
-203053943 257937419
-201215067 262548692
-199117083 267418153
-197391256 271545252
-194984598 276939046
-193219918 280815404
-191398678 284621583
-189167817 289410432
-186855503 293988784
-185031202 297538386
-182393791 302787155
-180592811 306205102
-177767566 311501759
-175379551 315791673
-173355551 319210223
-170920132 323496311
-168791820 326994147
-166212810 331438580
-163473899 335837895
-160530177 340574634
-158418587 343727192
-155308589 348579145
-153057985 351792038
-149867169 356574837
-147262398 360225048
-144504428 364043513
-141606324 368158599
-138915700 371750583
-136285649 375092168
-133307708 378911938
-130089575 383088141
-126961604 387024280
-124321353 390181141
-120948166 394135898
-118240837 397265010
-114596942 401567627
-111594709 404955710
-108546171 408297122
-105583941 411463075
-101989430 415257935
-98115409 419476943
-94835783 422791641
-91955547 425587681
-88132573 429414217
-85236287 432109758
-81965530 435155701
-78362529 438541070
-74154169 442429660
-70660749 445545864
-67502514 448311007
-63603170 451721244
-60610426 454159768
-56268346 457728506
-52843046 460578631
-49695835 462934186
-44853478 466837692
-41633447 469236271
-37570628 472346640
-33544988 475217383
-30283804 477527873
-26682814 480035356
-22379160 483065280
-18265110 485821007
-14478954 488301459
-10118437 491248513
-6726607 493324687
-2183496 496159031
1110760 498121370
5074239 500450140
9094652 502830078
13856551 505541624
17288781 507420478
21314669 509577976
25929362 512107006
29853584 514037615
34870351 516723083
38447822 518442572
43236042 520748933
46892288 522458136
51739532 524658921
55549830 526359820
59728243 528191412
63961997 529895439
68677024 531876049
73194410 533734883
76971213 535166049
80791543 536589159
85935086 538526408
89702830 539790641
94314356 541464547
98286464 542726274
103391297 544502527
107578558 545800673
112627477 547322683
117234978 548646371
120652403 549600442
125934194 551093351
130060122 552136008
134068178 553100863
138368964 554119924
143557358 555369599
147844518 556335200
152258310 557272426
156775504 558173055
161764698 559165326
165618869 559765241
171370761 560851082
175646336 561500299
179174701 561987878
185092394 562901962
188709052 563342979
193215847 563917754
197452412 564352374
203034744 564973710
207035719 565333193
212139419 565777981
216402463 566045580
221374915 566393859
224978781 566519487
229976223 566814711
235341919 567038860
239257942 567089849
243115054 567081022
248038653 567102361
253546416 567127276
257356715 567104600
261476379 566996544
266831544 566826820
271635306 566642350
275266635 566422012
280301917 566104436
284409705 565751198
288708457 565386937
294485219 564967153
298544738 564501383
302393445 564083480
307176253 563522042
311422760 562914111
315975892 562337846
320251066 561647919
324972894 560951901
329534431 560134074
334514903 559320658
339439946 558383665
343405140 557530914
347443445 556711584
351264251 555872838
355851790 554767465
361295116 553558737
364871564 552586307
369484454 551391570
373628661 550323091
377973709 549046704
383031424 547594605
386384190 546585668
391225957 545060614
395676839 543642789
399984211 542244138
403817555 540892578
408252345 539283283
412905834 537595912
415844499 536406798
420739517 534529728
425216134 532793340
428697445 531332427
433082209 529478474
437296899 527641491
440909991 525984484
444582046 524363683
448739781 522408167
453555557 520162758
457329275 518228533
461438636 516210167
464567913 514490245
469095243 512165171
473410266 509868061
476709693 508035165
480135240 506037342
484724672 503422129
488328750 501321488
491924131 499095651
496153902 496539091
500099054 494056343
503960854 491585602
506523613 489758386
510166861 487276409
514679550 484292584
517439952 482312367
521067749 479642924
525610150 476482929
529012191 473902118
532723933 471046793
536244350 468309108
538758778 466317589
542066334 463642850
545568664 460725858
548798801 458057693
552843463 454597340
556479036 451416431
558711217 449330891
562081519 446320792
565938225 442795256
569166373 439783732
571785473 437204747
574757061 434275255
577800041 431211494
581005873 428013211
584712001 424213296
586966134 421729829
590760812 417761628
592898056 415216976
595902976 411858863
599298787 408093262
602117738 404735375
604568115 401872996
606909307 398881471
610165428 394915863
612342894 392119337
614962009 388765049
618381737 384418063
620186177 381875758
622826135 378261174
625984008 373994468
627934876 371128004
630981992 366776207
633037370 363581826
635203135 360335574
637305902 356965157
639670645 353222765
642706153 348582184
644317722 345733494
647009731 341245482
649153107 337601071
650680203 334761929
652780727 330999603
655290146 326354769
657001431 323096454
659089651 319106590
660841364 315535716
662672415 311883700
664992893 307140892
666807661 303294572
668535339 299453594
670397163 295321269
671640417 292295357
673554727 287921115
674803346 284667596
676434267 280573611
678257870 276088050
679703649 272116732
681230216 268071321
682785354 263645057
684177983 259540126
685257796 256206320
686790533 251707151
688035559 247739032
688879927 244521924
690484401 239463732
691530100 235559769
692540606 231713767
693724076 227179392
694603824 223555059
695536167 219816777
696488927 215654460
697364233 211453866
698393378 206994741
699071244 203164785
700134677 198141037
700812949 194224013
701350085 190793970
702041611 186340377
702753923 181893961
703372149 177599949
703800554 173705013
704153785 170223904
704760979 165514670
705071544 161807466
705553547 157012734
705848425 153368104
706141642 149281559
706478066 144721598
706630690 140654270
706746827 136940547
706937608 132675062
707053430 127863470
707149377 123988133
707150825 119265741
707114831 115212800
707038404 111869607
706925303 107501021
706801761 102964197
706626599 98800137
706399875 94837105
706105811 89892180
705864706 86889649
705479974 82699066
705127943 78085596
704698055 74045244
704257863 70167982
703767282 66355040
703091202 61246909
702627827 58166178
701991569 53812947
701409835 50040765
700580976 45267610
699905005 41927007
699165137 37514901
698352117 33510474
697363658 28682596
696485894 24685608
695565807 20718207
694675610 17343923
693503929 12564330
692628773 9499883
691534523 5407910
690333585 870923
689273358 -2457424
687920372 -7025713
686895218 -10050154
685580909 -14123238
684222969 -18162198
682990398 -21668440
681481507 -26036653
679989881 -30306968
678770271 -33354164
677269235 -37013478
675805423 -40665555
674270952 -44322573
672598315 -48464990
670891618 -52440284
669254664 -55990662
667427450 -59961763
665924326 -63113584
664172340 -66762540
662214622 -70825237
660233403 -74813410
658388945 -78314341
656775049 -81228089
654760754 -85004300
653017659 -88088608
650768855 -92010407
648844034 -95254187
646872650 -98573603
644294107 -103081112
642423130 -105904595
640118354 -109577415
638238612 -112428627
636126253 -115596897
633825245 -119031415
631208793 -122854632
628955698 -126020793
626555370 -129346152
624086940 -132709156
621986276 -135524688
619697141 -138509892
616878854 -142148920
614921077 -144589883
612269752 -147890452
609258780 -151506966
606743558 -154473751
604284462 -157295535
601629319 -160438385
598662182 -163752630
596632606 -165851612
593923582 -168806215
591171048 -171681299
588288253 -174672128
585430338 -177676117
582449430 -180583682
579438018 -183593235
577141818 -185722482
573740315 -189001121
571232016 -191193378
568007948 -194127821
565080408 -196769727
562373398 -199111988
558778017 -202200784
556245325 -204258867
553353418 -206564075
549789779 -209542338
546754578 -211901757
543862342 -214174352
541024656 -216283403
537225183 -219182681
534755509 -220816535
530688629 -223822657
527872570 -225743757
524859605 -227796919
521461167 -230117768
518328790 -232142917
514822720 -234424836
511214252 -236667333
508453933 -238371936
504254674 -240897068
501575719 -242499671
497962496 -244560821
495219745 -246076653
490718461 -248587546
487695586 -250154593
484120487 -252057641
480631022 -253842360
477723274 -255294661
474328471 -256984282
470853644 -258583841
466428866 -260737949
463669953 -261916146
460089389 -263545486
456237008 -265215969
452903163 -266594658
448926753 -268190636
445579754 -269499074
441850885 -271001311
437853597 -272542664
435099694 -273416325
430654486 -275023622
427730770 -275959610
423704017 -277342228
420637418 -278341727
416691341 -279508867
413236048 -280558728
409307287 -281742059
405903115 -282648781
401914020 -283770651
397447008 -284930010
393770064 -285861411
390495017 -286610869
386319320 -287581923
382572661 -288407037
379071554 -289067394
375357412 -289766717
371443654 -290535444
367909585 -291166989
364567650 -291678623
360689504 -292296145
356697780 -292906300
352374397 -293522837
349003259 -293882442
345906220 -294210183
341955901 -294694555
338291969 -295008614
334107331 -295451342
330622847 -295670394
326777375 -295976074
322636810 -296256056
318318372 -296487026
315238214 -296533813
311767272 -296657192
307033157 -296787813
303403261 -296823955
300139599 -296794076
296527725 -296732075
292096533 -296688000
288586490 -296557308
285351976 -296427286
281661867 -296211870
277946204 -296048599
273967549 -295775892
270449798 -295487767
265799964 -295135368
262225618 -294820709
258668806 -294401730
254855505 -293999638
251245124 -293515177
247725003 -293013275
243953506 -292458719
240138580 -291936234
236385753 -291280441
232625861 -290646170
228754746 -289900598
226077941 -289317186
221838051 -288490676
217803207 -287658043
214202516 -286862958
211160588 -286059912
207430465 -285157294
204194055 -284377426
200959816 -283424888
196460804 -282321144
193569484 -281359932
190131232 -280397978
186510251 -279243061
182315589 -277944705
179167889 -276956163
176120550 -275842701
172351170 -274542669
168122392 -273123361
164962064 -271892206
162327181 -270767652
158335326 -269244182
154870028 -267884747
152083479 -266692724
147741203 -264918221
145273421 -263756626
141542638 -262049344
138681410 -260722537
134718304 -258846532
131353787 -257294986
128592841 -255817141
124904452 -253952565
121512624 -252244588
118213982 -250428450
115717519 -249058023
112332962 -247190979
109415182 -245462995
105920303 -243450016
102858894 -241564363
99996702 -239773325
96981311 -237891525
94001998 -236031613
90373901 -233726878
87599268 -231869707
85074771 -230091941
81396154 -227622260
78246758 -225310744
76200354 -223807516
72617344 -221189852
69845247 -219060796
67247119 -217056838
64094524 -214647724
61429899 -212462204
58660530 -210249936
56078569 -207985164
53433375 -205764813
50866196 -203585522
48026380 -201029848
45261728 -198525273
42199544 -195773460
40308966 -193924780
37055751 -190932741
34781047 -188668420
32290507 -186222531
29546828 -183440280
27174846 -180936532
25025186 -178663638
22405594 -175881039
20037198 -173297834
17634990 -170646315
15527612 -168264525
12765042 -165113260
10833235 -162722100
8311877 -159716051
5839800 -156722162
4227059 -154614648
2103754 -151836042
-405562 -148624647
-2318162 -146138588
-4334455 -143395847
-7012214 -139800762
-8724542 -137323508
-10830038 -134289599
-12491666 -131728695
-14387086 -128936345
-16938521 -125063480
-18578956 -122506995
-20364415 -119513185
-22290602 -116403349
-23794921 -113881588
-25871998 -110309660
-27547536 -107414331
-28895122 -104819408
-30556366 -101781682
-32266522 -98737696
-34253739 -94939161
-35883741 -91717237
-37215727 -88964216
-38504756 -86279322
-40222122 -82733633
-41865660 -79275613
-43219515 -76157484
-44500223 -73182581
-45800572 -70106879
-47433045 -66364248
-48368879 -63830509
-49746586 -60407238
-50971994 -57195749
-52225360 -53686318
-53564489 -50225574
-54373356 -47671448
-55582355 -44086456
-56612391 -40938628
-57763797 -37435937
-58647906 -34453389
-59578675 -31223043
-60818699 -27125715
-61536351 -24287402
-62395468 -20907412
-63113963 -18063142
-64170696 -13863771
-64812744 -10901414
-65765516 -7094643
-66363209 -3942906
-66887454 -1212588
-67603299 2458989
-68177000 5755907
-68918619 9753139
-69436180 12993506
-69863570 15965080
-70334298 19263570
-70908236 23313497
-71272455 26195748
-71596568 29570481
-71904596 32439153
-72382656 36818110
-72559843 39372453
-72796529 42802898
-73039478 46409625
-73237530 50068691
-73400602 53402274
-73490835 56347988
-73538236 59740254
-73675317 63815755
-73644005 67133395
-73602426 70203596
-73608731 73980308
-73497366 76525882
-73384547 80452966
-73289633 83197590
-73125964 87274712
-72887665 89887308
-72644153 93585436
-72409271 96659398
-72030629 100726060
-71754597 104020451
-71378746 107211665
-70985640 110709949
-70545642 113349761
-70116418 116554949
-69571334 119920070
-69096654 123203614
-68548422 126631130
-67878185 130118326
-67370444 132835399
-66657704 136057835
-65864052 140279172
-65291952 142885473
-64525745 145885872
-63660162 149879347
-62911407 152777416
-62118249 155590310
-61310809 158831811
-60319939 162156267
-59502688 165161748
-58322639 169066357
-57358192 172098030
-56511826 174552352
-55507788 177589747
-54198116 181628114
-53147858 184572148
-52186772 187001155
-51102032 189891967
-49632399 193833239
-48623726 196282622
-47329950 199233401
-45930821 202717692
-44770057 205397636
-43337378 208503221
-41996765 211428139
-40791174 214044919
-39252251 217216164
-37747205 220275662
-36368471 222929770
-34733289 226172964
-33261745 228972167
-31785636 231679757
-30325526 234322644
-28765461 237096447
-27060551 240058113
-25200934 243197629
-23533163 245881071
-21931224 248449022
-20394643 250884952
-18422335 254025247
-16888225 256310770
-14640244 259631261
-13005045 261949684
-11279857 264512994
-9142530 267556424
-7431180 269718592
-5542619 272324388
-3410760 275062180
-1681293 277232841
430296 279921500
2299642 282315803
4773202 285331701
6851250 287815283
8596805 289788949
10483517 291900706
12572873 294171870
15036551 297009617
17244231 299366896
19180217 301329200
21678819 304063106
24084097 306560205
25834100 308134381
28030133 310271257
30356685 312482392
32925429 315006518
35197091 317091756
37854550 319590941
39573111 320972392
42253869 323283287
44819265 325591481
47196991 327537718
49530066 329491480
52351923 331697344
54482945 333423153
57045639 335353296
59385550 337167552
62074711 339156188
64305007 340773886
67088583 342707155
69482980 344345757
72155977 346233509
75126527 348303670
77482307 349791556
80128994 351445953
82783088 353175905
85588943 354842626
88007705 356324052
90766113 357933521
93053535 359203864
96163127 361006760
98970807 362570369
101664877 364019272
103921848 365193081
107122576 366811565
110013742 368283674
112417670 369401152
115112467 370667808
117856560 372028421
120637934 373221290
123377189 374483926
126777823 376000016
129319360 377023110
132721648 378445619
135222586 379450104
138108699 380501471
140700902 381453138
144041235 382702784
146975671 383780591
149392423 384574158
152887447 385770229
155828775 386679155
158635985 387544413
161289157 388329209
164039892 389085878
166818356 389853492
170100557 390739508
172747357 391386640
175626104 392137773
179105924 393007400
182063439 393612609
184930916 394221145
187864341 394848459
190359644 395316478
194056939 396010123
196963857 396543474
199399027 396928350
202760673 397499977
205673370 397860996
208952608 398344366
211670372 398622308
214838932 399080117
218004233 399388337
221008383 399680673
223928266 399902198
226954096 400154407
229410328 400262497
232636352 400447245
235225264 400597843
238393656 400687944
241096285 400803676
244788486 400931325
247394915 400909425
250193524 400883602
253475738 400883694
256788922 400868329
259610103 400725392
262622104 400590362
265398915 400463343
268480352 400250640
271555954 400124783
274280831 399857230
277188600 399563380
279812701 399336887
282802115 398959500
286091621 398621371
288601879 398315230
291756875 397856513
294680591 397421157
297287595 396985359
300267125 396555636
303364739 395961098
306385803 395473696
308563813 394908434
311558130 394315109
314938811 393683955
317823058 392988714
320854859 392280267
323026334 391713811
326538034 390883008
328555560 390202971
331921050 389310983
334855226 388490907
337232564 387755289
339660693 386979817
342400441 386069817
375301413 394122312
