360
1 222 556
1 495 817
1 734 766
1 68 154
1 260 906
1 92 655
1 141 825
1 963 999
1 475 713
1 758 894
1 361 869
1 367 548
1 36 320
1 533 664
1 299 571
1 525 713
1 52 869
1 184 698
1 100 493
1 390 671
1 7 913
1 732 820
1 271 601
1 161 901
1 586 873
1 388 775
1 248 724
1 55 349
1 149 193
1 253 495
1 331 566
1 17 692
1 88 591
1 811 998
1 607 877
1 583 884
1 407 888
1 107 264
1 241 663
1 427 616
1 428 845
1 573 921
1 5 389
1 348 696
1 353 519
1 483 934
1 446 844
1 420 871
1 410 540
1 60 312
1 101 461
1 680 1000
1 783 972
1 434 750
1 323 343
1 125 705
1 529 872
1 77 796
1 216 643
1 484 896
1 431 965
1 374 977
1 141 723
1 314 447
1 627 850
1 66 514
1 190 907
1 55 275
1 809 813
1 267 781
1 362 699
1 207 413
1 254 376
1 100 676
1 134 263
1 130 466
1 810 944
1 424 519
1 555 679
1 234 626
1 109 812
1 59 503
1 107 363
1 790 982
1 125 954
1 94 620
1 185 613
1 849 863
1 93 882
1 363 702
1 207 866
1 505 598
1 365 510
1 617 859
1 374 521
1 57 100
1 449 508
1 935 978
1 654 911
1 453 712
1 265 916
1 5 323
1 386 886
1 143 662
1 34 314
1 422 832
1 106 218
1 293 577
1 434 943
1 560 896
1 825 963
1 438 737
1 370 921
1 46 890
1 23 689
1 196 965
1 367 420
1 842 864
1 293 350
1 368 699
1 443 999
1 787 940
1 243 619
1 457 508
1 275 865
1 461 482
1 161 180
1 139 914
1 9 808
1 448 851
1 399 872
1 317 664
1 500 779
1 539 824
1 28 601
1 99 549
1 460 612
1 375 454
1 41 429
1 479 694
1 255 849
1 603 819
1 97 423
1 935 1000
1 502 692
1 314 999
1 676 887
1 119 936
1 564 605
1 463 837
1 8 488
1 203 553
1 139 916
1 910 927
1 451 573
1 746 980
1 550 901
1 308 543
1 174 880
1 884 911
1 195 467
1 171 821
1 298 922
1 691 846
1 139 436
1 18 364
1 373 452
1 156 687
1 39 970
1 642 977
1 452 628
1 512 835
1 19 590
1 845 903
1 855 958
1 739 945
1 418 481
1 3 58
1 363 608
1 149 522
1 22 324
1 383 822
1 486 952
1 50 616
1 299 674
1 328 728
1 142 329
1 124 996
1 395 776
1 827 848
1 217 941
1 525 618
1 238 996
1 510 531
1 13 413
1 811 845
1 639 686
1 110 342
1 40 380
1 289 819
1 487 557
1 407 439
1 100 246
1 261 478
1 378 665
1 232 875
1 172 183
1 174 561
1 472 877
1 19 923
1 111 656
1 440 796
1 304 867
1 218 867
1 349 874
1 237 706
1 667 974
1 113 989
1 757 953
1 180 735
1 200 781
1 501 940
1 76 302
1 322 985
1 485 658
1 301 710
1 342 588
1 833 993
1 462 766
1 208 659
1 713 901
1 185 384
1 151 244
1 275 554
1 173 287
1 318 468
1 269 985
1 10 370
1 286 610
1 34 769
1 438 733
1 170 732
1 190 288
1 414 870
1 438 785
1 767 800
1 128 560
1 83 731
1 562 678
1 112 485
1 18 180
1 406 881
1 770 933
1 349 936
1 509 876
1 18 387
1 143 480
1 204 384
1 48 555
1 912 984
1 400 544
1 511 573
1 184 707
1 520 925
1 164 563
1 392 757
1 193 478
1 25 156
1 404 674
1 377 461
1 63 220
1 284 837
1 195 835
1 609 643
1 105 642
1 143 892
1 261 552
1 10 825
1 44 986
1 324 374
1 75 702
1 479 830
1 296 465
1 452 645
1 246 575
1 535 585
1 543 720
1 26 744
1 239 570
1 740 914
1 325 773
1 42 678
1 222 801
1 75 970
1 85 687
1 338 486
1 372 973
1 591 875
1 489 867
1 356 947
1 352 513
1 5 779
1 297 313
1 364 611
1 399 774
1 102 840
1 296 575
1 365 764
1 703 862
1 199 801
1 378 755
1 13 232
1 471 819
1 344 399
1 13 965
1 484 563
1 284 810
1 110 946
1 853 885
1 182 357
1 90 823
1 483 732
1 955 988
1 185 984
1 727 918
1 483 538
1 336 997
1 325 577
1 387 429
1 197 461
1 314 477
1 901 927
1 568 666
1 145 490
1 55 111
1 608 712
1 11 383
1 655 957
1 258 416
1 42 110
1 802 806
1 17 225
1 63 497
1 391 740
1 261 479
1 120 572
1 192 450
1 883 926
1 316 922
1 512 583
1 26 252
1 366 503
1 133 952
1 356 591
1 694 996
1 108 662
1 197 210
1 60 178
1 282 630
1 614 716
