360
1 0 0
1 0 0
1 325 432
1 204 388
1 489 843
1 652 774
1 0 0
1 0 0
1 0 0
1 150 424
1 474 893
1 1 568
1 0 0
1 726 870
1 38 360
1 444 482
1 948 973
1 458 997
1 0 0
1 148 275
1 0 0
1 396 495
1 209 834
1 602 916
1 0 0
1 0 0
1 0 0
1 0 0
1 199 729
1 0 0
1 0 0
1 671 815
1 90 593
1 79 286
1 0 0
1 333 762
1 317 627
1 0 0
1 0 0
1 0 0
1 382 820
1 0 0
1 0 0
1 799 829
1 394 691
1 769 851
1 0 0
1 149 494
1 149 981
1 0 0
1 747 866
1 0 0
1 563 967
1 330 606
1 0 0
1 112 118
1 0 0
1 0 877
1 0 0
1 310 674
1 492 958
1 0 0
1 0 0
1 0 0
1 659 883
1 141 334
1 458 615
1 0 0
1 0 0
1 402 817
1 541 632
1 0 0
1 408 773
1 261 545
1 0 0
1 149 460
1 643 920
1 0 0
1 0 0
1 376 935
1 0 0
1 749 952
1 711 760
1 0 0
1 0 0
1 296 511
1 36 300
1 0 0
1 0 0
1 0 0
1 609 792
1 272 564
1 0 0
1 0 0
1 555 612
1 149 254
1 354 762
1 125 384
1 0 0
1 41 570
1 0 0
1 0 0
1 21 408
1 0 0
1 111 300
1 0 0
1 238 924
1 0 0
1 0 0
1 0 0
1 119 716
1 101 430
1 0 0
1 361 772
1 0 0
1 78 448
1 895 917
1 0 0
1 27 572
1 35 964
1 0 0
1 0 0
1 141 956
1 0 0
1 404 678
1 0 0
1 260 470
1 191 405
1 0 0
1 326 581
1 571 870
1 271 584
1 249 702
1 0 0
1 62 977
1 91 897
1 765 789
1 696 771
1 0 0
1 14 481
1 487 763
1 865 903
1 0 0
1 0 0
1 0 0
1 0 0
1 0 0
1 77 795
1 0 0
1 301 939
1 424 501
1 0 0
1 164 650
1 0 0
1 202 848
1 0 0
1 153 536
1 0 0
1 0 0
1 502 542
1 0 0
1 0 0
1 733 776
1 369 479
1 0 0
1 0 0
1 0 0
1 0 0
1 0 0
1 246 855
1 59 882
1 345 716
1 206 816
1 485 894
1 0 0
1 528 663
1 324 389
1 261 511
1 0 0
1 362 557
1 717 810
1 313 745
1 534 709
1 616 892
1 0 0
1 293 679
1 0 0
1 0 0
1 422 492
1 0 0
1 0 0
1 0 0
1 365 489
1 0 0
1 750 956
1 396 891
1 140 609
1 0 0
1 0 0
1 317 580
1 83 527
1 53 79
1 0 0
1 622 685
1 536 747
1 0 0
1 0 0
1 92 699
1 549 562
1 12 408
1 0 0
1 0 0
1 0 0
1 0 0
1 0 0
1 0 0
1 0 0
1 0 0
1 0 0
1 0 0
1 0 0
1 314 485
1 0 0
1 0 0
1 422 464
1 471 718
1 141 369
1 538 689
1 472 873
1 146 202
1 224 244
1 0 0
1 0 0
1 0 0
1 322 615
1 0 0
1 233 711
1 629 639
1 97 464
1 0 0
1 0 0
1 55 783
1 0 0
1 216 407
1 0 0
1 158 782
1 0 0
1 0 0
1 0 0
1 192 609
1 0 0
1 0 0
1 0 0
1 0 0
1 253 846
1 0 0
1 118 709
1 0 0
1 0 0
1 376 726
1 268 368
1 284 547
1 0 0
1 0 0
1 0 0
1 0 0
1 0 0
1 0 0
1 593 879
1 0 0
1 728 811
1 55 957
1 0 0
1 368 515
1 0 0
1 0 0
1 572 727
1 0 0
1 0 0
1 38 784
1 0 0
1 214 971
1 279 558
1 0 0
1 0 0
1 466 480
1 353 516
1 0 0
1 0 0
1 465 477
1 578 851
1 0 0
1 62 201
1 488 568
1 485 941
1 0 0
1 0 0
1 0 0
1 220 765
1 156 517
1 244 273
1 47 857
1 198 716
1 0 0
1 344 636
1 0 0
1 644 990
1 373 506
1 0 0
1 0 0
1 0 0
1 19 60
1 385 657
1 0 0
1 0 0
1 323 425
1 455 533
1 58 794
1 0 0
1 0 0
1 0 0
1 0 0
1 0 0
1 0 0
1 44 214
1 806 923
1 0 0
1 118 840
1 208 996
1 0 0
1 0 0
1 901 924
1 0 0
1 0 0
1 0 0
1 0 0
1 0 0
1 48 80
1 579 736
1 0 0
1 0 0
1 899 970
1 589 598
1 165 457
1 0 0
1 19 728
1 671 793
1 132 741
1 0 0
1 0 0
1 0 0
1 0 0
1 0 0
1 0 0
1 0 0
1 0 0
1 0 0
1 0 0
1 844 848
1 0 0
