60
1 103 938
1 0 0
1 129 378
23 168 779
72 137 964
1 98 920
1 471 687
1 406 577
67 115 463
1 145 991
1 295 363
1 345 925
1 24 853
1 61 481
1 33 550
1 305 330
1 51 437
1 660 822
1 229 772
26 856 894
1 647 733
1 75 561
1 11 165
1 642 845
1 340 413
1 323 407
1 595 905
1 31 573
1 638 898
3 429 448
1 245 860
1 573 905
1 6 43
44 336 688
1 216 612
66 337 849
2 379 485
1 316 806
6 59 136
1 10 434
1 151 320
1 116 942
1 724 996
1 474 540
1 155 486
1 89 793
1 160 357
1 658 701
1 560 906
1 83 995
1 10 633
1 490 906
1 290 678
1 58 887
1 486 787
1 645 679
1 792 829
1 0 0
1 562 626
1 757 851
