360
1 268 626
1 264 939
1 544 886
1 274 276
1 219 428
1 242 357
1 89 828
1 488 791
1 73 989
1 558 839
1 488 651
1 624 956
1 690 762
1 302 814
1 208 563
1 2 25
1 315 975
1 570 972
1 97 385
1 137 290
1 271 827
1 418 496
1 410 949
1 350 789
1 94 236
1 248 991
1 24 897
1 521 737
1 284 901
1 827 873
1 209 634
1 172 938
1 922 936
1 259 985
1 11 212
1 536 940
1 369 693
1 499 638
1 835 960
1 132 478
1 202 499
1 754 913
1 137 524
1 25 204
1 311 348
1 428 522
1 216 980
1 525 806
1 478 629
1 58 775
1 678 869
1 733 773
1 494 888
1 101 933
1 135 628
1 177 464
1 3 117
1 270 325
1 347 670
1 64 907
1 496 879
1 150 606
1 887 958
1 167 291
1 674 848
1 79 382
1 614 716
1 32 575
1 68 195
1 546 922
1 511 562
1 706 832
1 140 552
1 593 729
1 91 183
1 440 694
1 77 941
1 503 862
1 103 976
1 854 882
1 128 877
1 586 627
1 586 842
1 391 841
1 11 269
1 332 969
1 210 517
1 545 731
1 281 365
1 442 990
1 215 755
1 167 351
1 358 480
1 458 562
1 202 563
1 611 917
1 277 330
1 89 228
1 314 937
1 893 928
1 752 762
1 398 685
1 810 855
1 70 927
1 169 511
1 97 558
1 553 722
1 346 403
1 0 877
1 66 216
1 220 458
1 347 632
1 703 930
1 167 802
1 304 919
1 35 710
1 798 907
1 65 949
1 341 752
1 728 774
1 373 763
1 55 460
1 555 619
1 219 996
1 163 213
1 208 223
1 279 887
1 452 696
1 795 972
1 332 914
1 297 789
1 60 558
1 197 819
1 184 441
1 40 777
1 49 593
1 580 981
1 557 789
1 5 850
1 28 392
1 33 428
1 27 275
1 284 293
1 21 599
1 308 938
1 294 809
1 595 876
1 608 882
1 30 738
1 103 922
1 128 979
1 254 601
1 290 704
1 208 248
1 39 154
1 246 417
1 151 272
1 407 496
1 142 730
1 43 187
1 685 732
1 807 970
1 32 702
1 212 703
1 57 644
1 8 736
1 47 225
1 0 0
1 863 973
1 108 434
1 325 832
1 98 342
1 425 707
1 130 264
1 230 843
1 25 813
1 362 639
1 144 484
1 56 489
1 232 539
1 819 948
1 5 811
1 779 928
1 690 719
1 379 713
1 673 866
1 272 616
1 703 804
1 428 477
1 234 826
1 341 415
1 316 747
1 105 169
1 8 607
1 566 630
1 46 926
1 149 264
1 425 638
1 766 926
1 239 527
1 733 997
1 5 295
1 267 451
1 764 922
1 467 694
1 2 58
1 294 791
1 426 573
1 143 331
1 171 867
1 677 974
1 365 484
1 634 910
1 351 846
1 584 839
1 532 863
1 128 964
1 882 996
1 354 578
1 595 921
1 293 999
1 32 957
1 172 969
1 197 259
1 282 883
1 35 601
1 366 416
1 107 947
1 56 709
1 125 566
1 551 565
1 6 940
1 573 616
1 233 648
1 808 887
1 70 867
1 51 79
1 202 942
1 36 790
1 498 774
1 350 640
1 287 935
1 162 879
1 70 724
1 895 982
1 116 918
1 122 222
1 234 482
1 728 888
1 374 800
1 595 639
1 73 82
1 256 784
1 579 880
1 289 396
1 412 418
1 787 840
1 50 264
1 238 938
1 441 760
1 517 622
1 325 841
1 480 606
1 580 746
1 47 55
1 927 971
1 153 962
1 240 676
1 340 892
1 888 964
1 141 958
1 735 998
1 259 459
1 549 869
1 733 900
1 589 826
1 847 974
1 88 260
1 114 927
1 80 940
1 157 563
1 554 998
1 19 693
1 384 416
1 778 845
1 626 627
1 138 514
1 109 618
1 881 886
1 363 498
1 848 963
1 422 647
1 21 633
1 186 411
1 380 581
1 823 836
1 205 433
1 25 295
1 20 41
1 229 558
1 834 890
1 0 36
1 119 129
1 459 948
1 0 0
1 391 826
1 869 940
1 696 863
1 325 989
1 396 967
1 152 630
1 58 484
1 217 682
1 608 797
1 169 854
1 206 902
1 254 971
1 175 937
1 669 995
1 139 261
1 891 950
1 345 479
1 398 783
1 967 975
1 544 625
1 85 966
1 311 495
1 162 462
1 53 607
1 658 950
1 245 610
1 162 701
1 92 205
1 630 832
1 660 792
1 349 453
1 691 907
1 349 871
1 546 672
1 347 564
1 853 877
1 389 804
1 207 565
1 593 805
1 578 974
1 335 842
1 84 331
1 242 426
1 661 833
1 254 756
1 508 821
1 0 735
1 341 900
1 351 919
1 450 796
1 392 916
1 312 708
1 180 674
1 435 817
1 64 300
