180
1 653 752
1 170 832
1 61 281
1 530 962
1 331 728
1 236 477
1 555 880
1 223 471
1 104 825
1 743 853
1 331 814
1 475 955
1 134 835
1 452 922
1 375 439
1 100 422
1 55 432
1 166 824
1 471 961
1 89 742
1 267 941
1 180 699
1 439 907
1 336 483
1 14 669
1 675 905
1 286 589
1 79 368
1 230 284
1 301 862
1 427 512
1 101 238
1 385 694
1 645 728
1 252 963
1 665 894
1 408 417
111 300 748
1 240 723
1 123 355
1 81 687
1 175 882
1 50 822
1 193 524
1 197 557
1 1 180
1 38 536
1 802 813
1 569 577
1 34 529
1 41 267
1 282 751
1 420 852
1 684 860
1 0 0
1 222 871
1 21 809
1 377 891
1 270 548
1 490 519
1 189 636
1 216 535
1 63 844
1 0 0
1 7 345
1 365 897
1 56 815
1 108 228
1 656 930
1 388 759
1 167 188
1 588 688
1 85 133
1 98 982
1 92 940
1 584 788
1 82 481
1 780 886
1 437 751
1 340 749
1 288 343
1 409 501
1 503 558
1 53 859
1 358 999
1 847 877
1 114 520
1 499 849
1 389 400
1 41 457
1 947 989
1 379 402
1 295 528
1 323 626
1 222 571
1 456 485
1 241 737
1 56 863
1 170 224
8 470 537
1 500 556
1 271 743
1 168 341
1 357 866
1 534 736
1 502 958
1 75 721
53 290 848
1 153 592
1 818 959
1 300 529
1 158 333
1 157 894
1 335 620
1 681 757
1 669 913
1 802 804
1 162 428
1 905 995
1 350 673
1 610 722
1 615 666
1 95 354
1 631 898
1 894 932
1 207 803
1 225 971
1 302 328
12 561 835
1 416 903
1 676 715
1 135 292
1 689 879
1 134 470
1 194 866
1 81 849
1 620 893
1 34 241
1 217 252
1 517 716
1 413 495
1 346 545
1 304 719
1 493 747
1 342 476
1 665 713
1 712 793
1 228 961
1 250 552
1 269 750
1 419 799
1 333 712
1 342 809
1 108 880
1 356 488
1 671 957
1 194 228
1 144 776
1 44 302
1 859 871
1 742 833
1 175 467
1 686 835
1 131 938
1 646 954
1 294 914
1 148 241
1 95 404
1 128 586
1 249 912
1 7 522
1 550 592
1 596 911
1 413 648
1 283 486
1 116 568
1 169 825
1 411 642
1 166 973
1 181 896
