156
2 10000
2 10000
1 10000
1 10000
2 10000
2 10000
2 10000
1 10000
1 10000
1 10000
1 10000
1 10000
1 10000
1 10000
1 10000
2 10000
1 10000
1 10000
2 10000
2 10000
2 10000
1 10000
2 10000
1 10000
1 10000
1 10000
2 10000
2 10000
2 10000
1 10000
2 10000
2 10000
1 10000
1 10000
2 10000
1 10000
1 10000
2 10000
2 10000
2 10000
2 10000
1 10000
2 10000
2 10000
1 10000
1 10000
2 10000
1 10000
2 10000
1 10000
2 10000
1 10000
1 10000
2 10000
1 10000
1 10000
2 10000
1 10000
2 10000
2 10000
2 10000
1 10000
1 10000
1 10000
1 10000
1 10000
2 10000
2 10000
1 10000
1 10000
1 10000
1 10000
1 10000
1 10000
2 10000
2 10000
2 10000
2 10000
2 10000
1 10000
1 10000
1 10000
1 10000
2 10000
1 10000
2 10000
2 10000
1 10000
1 10000
1 10000
2 10000
2 10000
2 10000
1 10000
2 10000
2 10000
2 10000
1 10000
1 10000
1 10000
2 10000
1 10000
2 10000
1 10000
2 10000
2 10000
2 10000
2 10000
2 10000
1 10000
2 10000
2 10000
2 10000
1 10000
2 10000
1 10000
1 10000
2 10000
2 10000
2 10000
1 10000
1 10000
2 10000
1 10000
1 10000
2 10000
1 10000
2 10000
1 10000
2 10000
2 10000
2 10000
2 10000
2 10000
2 10000
2 10000
1 10000
1 10000
1 10000
1 10000
2 10000
1 10000
1 10000
2 10000
2 10000
1 10000
2 10000
2 10000
1 10000
1 10000
2 10000
2 10000
1 10000
2 10000
1 10000
1 10000
