880
5369 24
8521 69
4043 86
2921 68
1912 17
3398 61
6607 97
2357 73
8414 80
8624 1
959 66
1079 98
3744 24
9279 19
9891 25
3893 2
5100 33
1550 35
4542 13
1253 97
6339 52
565 31
5334 87
3340 28
7737 30
784 91
6509 50
2146 30
1733 32
140 14
7361 18
2044 8
6320 10
9953 58
9438 63
4243 55
7608 4
8528 20
8162 72
5192 20
162 77
1960 79
2389 68
5080 46
4197 81
158 38
3969 93
9275 18
6126 63
339 7
9133 50
8935 36
2414 50
7425 97
5280 45
9963 8
4487 54
7367 4
4417 13
9999 3
4003 88
4084 57
5475 38
5896 64
4615 45
7817 88
5343 57
376 65
9055 18
7026 97
6028 70
3422 10
630 83
6992 86
2375 28
5828 31
842 38
8358 95
7916 71
6326 11
3210 4
5710 60
3504 34
3217 13
3788 81
5949 8
6910 66
2760 2
5487 77
2291 29
8274 82
8023 55
642 80
2259 62
2794 59
8744 16
2445 90
1879 10
8506 82
305 58
515 51
1723 62
5679 47
1012 52
5591 45
4512 56
2392 35
392 3
8051 12
6332 12
8339 99
9833 21
1332 32
696 32
5194 73
5982 52
2692 66
2721 13
1747 43
2557 49
1520 82
8798 35
4967 42
1958 14
5440 25
8979 94
4960 60
8599 29
6274 48
2121 96
5778 54
9102 29
4762 28
8484 90
1564 17
6647 30
982 19
1805 41
8312 86
1786 34
6381 17
8149 58
9688 6
3607 67
8135 30
7269 5
3170 13
8143 68
244 31
6924 72
3595 56
1330 45
9819 90
1223 96
8979 15
2231 9
1662 4
6323 36
3007 23
8779 70
972 47
1995 6
1536 45
4127 5
8535 61
2535 47
8192 82
5330 84
6021 88
9852 34
7432 13
9684 65
5538 53
1972 13
8998 83
4581 84
1023 44
1456 40
9880 51
338 29
5787 80
5103 71
4938 20
7516 34
9501 78
1358 39
6726 47
7423 34
8210 86
4037 17
1301 12
5408 42
3428 66
8968 93
7494 9
914 20
8840 18
917 40
7410 93
2603 42
1911 91
1459 45
3277 30
6425 30
2144 16
5632 94
3810 71
4735 25
9043 96
4503 12
7483 16
7714 92
5328 83
3571 30
4081 78
5992 92
3236 99
3969 39
6898 31
738 16
5483 47
8969 58
7633 15
6741 86
9091 13
3026 67
1403 14
7508 61
5522 59
2562 41
9718 7
3283 62
3030 54
6216 79
3109 66
3135 62
5137 1
9372 69
1627 21
3475 58
1637 36
3216 71
7381 7
8878 4
2864 43
2066 92
2629 72
4009 88
6870 9
7195 77
2955 69
9254 76
3456 13
7715 45
7178 15
1791 57
4695 49
533 45
9268 8
6973 61
6909 3
5414 41
3818 71
5955 69
2428 11
2387 58
5593 33
8203 30
8603 4
9080 6
5415 2
397 84
1522 51
1448 40
1329 59
769 53
307 8
4092 90
4069 24
4208 75
6092 81
2994 55
3845 30
3773 28
987 28
4706 7
858 42
1026 77
3024 48
6241 74
2464 100
1147 74
9830 40
9679 63
2106 88
8964 36
6008 100
3819 92
2240 43
100 69
3962 31
191 64
6407 25
5308 55
2355 20
570 12
6710 99
682 87
9882 60
6202 64
6498 75
2293 53
4198 79
1248 4
3377 82
3776 27
6987 56
7703 8
941 85
4286 9
4374 80
8485 37
2618 47
3347 28
8561 72
6036 47
8419 39
2601 57
5359 24
5150 73
1922 80
666 18
6737 32
3635 1
7944 6
6411 36
1590 12
6867 44
7269 66
8213 12
4729 21
7389 40
7901 51
316 14
1363 25
3742 66
6146 81
4623 23
343 17
3027 26
2425 33
4014 2
9162 54
7528 53
6538 44
5383 38
854 54
9448 76
754 11
6350 50
3938 21
219 45
7770 4
2707 56
6826 14
2514 65
8027 1
7716 54
6347 13
7628 53
3059 45
231 87
4588 73
837 80
4958 22
9186 25
5357 35
2161 56
2639 9
4447 24
8089 17
5038 72
1635 65
7632 99
8169 27
6312 14
3986 6
3604 63
385 52
7348 32
9751 81
3329 43
4188 9
3208 39
6271 53
777 32
8883 11
6007 93
813 25
1098 85
3845 83
1323 100
6603 23
3339 38
4259 62
2184 74
3904 2
6959 24
4877 55
8318 27
1758 47
3265 40
7017 57
9542 91
7181 84
794 57
5246 64
3093 11
9444 34
8313 42
1753 10
7723 96
2884 48
9711 84
1849 52
1163 58
6098 71
265 52
6394 22
4940 12
2512 38
2262 48
6819 44
8212 33
2310 71
5873 77
369 11
7603 22
7119 1
137 24
513 31
7600 89
1809 81
1545 63
4426 77
1959 66
3106 15
4518 13
8169 11
2907 95
5406 16
9216 22
895 55
2195 28
3631 78
8070 86
6372 36
7585 8
176 30
7218 11
5195 39
9992 78
8361 20
6413 21
6888 38
1808 42
1899 90
1327 42
2554 26
2382 43
7816 33
9084 9
1223 24
542 2
7270 33
3410 28
2048 64
5334 24
2590 76
5598 3
8310 37
3941 44
1590 12
1683 13
8247 15
4482 59
4005 90
4732 20
377 1
1177 68
2621 91
5228 47
748 9
3442 30
1422 15
4022 54
8085 10
1895 70
2864 46
6908 71
8389 97
7179 51
4469 91
5339 75
1535 71
5419 48
7858 87
4210 7
6203 47
3504 88
1720 42
9244 83
6084 21
8816 93
5399 50
3443 94
796 40
9261 57
4605 97
1677 40
8351 21
9399 55
7384 46
2733 26
6701 46
5021 77
7687 51
6481 40
1892 36
1596 9
2497 48
7481 3
7911 88
7583 22
2126 56
8554 82
9277 7
9131 32
890 62
7994 32
2947 94
7612 10
6405 43
5180 60
9770 33
8853 55
1514 86
8208 30
8273 85
9768 95
9776 3
5395 82
5459 97
7204 74
9206 34
8166 50
8135 80
3022 56
9980 22
3685 98
5318 29
8989 13
9234 3
5489 33
476 30
4151 20
4555 48
9884 58
9330 80
5156 28
8362 24
1137 7
599 7
8369 15
9613 67
451 40
1250 43
8036 80
8613 42
9336 14
5663 37
7406 88
985 65
5807 2
6000 100
2746 100
6069 26
4763 54
3303 24
6948 14
754 23
8818 56
7464 37
7498 68
5374 14
6099 57
7599 13
781 80
3055 62
8386 44
4499 65
5568 26
4468 98
7070 55
3194 81
7364 40
9247 68
2289 6
3320 27
7441 18
8448 25
5881 49
7632 10
6165 85
1920 85
8469 3
374 13
2498 28
4409 6
7405 28
6811 53
2916 27
3535 68
2121 50
919 85
7781 31
6035 54
4161 48
6172 63
5087 38
5321 86
2411 3
1325 87
9883 40
3572 80
6074 1
8390 61
813 91
2595 32
6222 23
6996 17
8823 73
5846 19
5915 9
2831 54
1442 49
9165 43
2771 44
4471 48
1570 51
4397 40
1160 70
6401 65
5849 40
7358 37
6876 32
540 59
7436 71
7057 82
4955 20
1690 36
6842 18
9008 89
851 52
6477 51
4665 26
8756 31
8334 25
6238 19
9975 34
9818 94
2762 54
2953 73
9951 15
7474 27
9219 96
6363 77
9521 17
7182 75
2002 71
7769 70
6959 28
7618 56
5203 12
5813 79
1142 63
5334 32
454 95
5317 98
3701 39
1659 80
6917 96
9260 12
5124 58
3713 7
7691 64
6623 63
7979 19
6432 65
8584 99
9562 87
1051 53
2590 18
6284 64
3369 32
5552 33
1317 65
8438 35
4520 1
3555 8
3942 26
7960 13
5592 11
1302 91
2549 24
7093 57
4656 15
5666 46
8178 51
6118 6
5252 9
8089 57
7831 9
7947 75
7842 86
1244 54
3293 1
5249 52
3991 7
9534 94
1870 13
544 17
3359 70
526 43
974 3
8627 10
1158 49
737 26
926 13
4565 55
3660 3
8581 45
6949 43
1597 98
2993 13
1077 55
5162 33
1091 60
2296 25
4136 95
3905 42
6841 86
9361 45
3112 60
4232 5
2579 54
9237 72
7066 97
4331 80
6044 61
8793 51
259 7
2169 27
8974 69
9449 64
6920 40
3773 59
9118 54
4187 8
3342 75
895 17
4165 87
4536 46
7067 47
1458 9
833 84
7406 64
9812 70
4569 65
7791 75
9186 73
4289 71
5622 53
2604 90
8684 67
5899 6
7118 86
7241 36
6630 65
8874 62
7556 78
8807 70
4134 26
1597 60
477 39
2074 53
254 82
3725 11
1666 64
965 73
6079 5
7647 46
2900 64
4053 53
1053 9
8231 70
2377 95
4625 95
547 6
8372 81
6543 64
5078 40
6297 45
3599 19
3294 36
6428 47
761 100
8410 82
5395 59
5115 35
3837 24
7793 92
2239 16
1198 92
5984 38
3135 64
9533 35
8131 72
4945 39
8611 98
615 98
9777 14
6121 39
464 25
7693 96
1271 68
6372 39
501 51
1469 78
504 32
4544 2
615 28
7477 16
7024 80
8101 12
1525 96
7561 73
8050 1
9859 62
4449 2
3701 15
1821 19
3923 47
2492 25
5972 31
5047 60
1195 60
7613 64
7361 8
8213 85
3921 62
7006 45
5754 54
1880 22
9969 35
6308 92
4433 43
4604 19
6740 92
1733 26
1000 74
6692 27
4391 50
5569 45
1697 79
7613 86
1106 86
1049 9
5202 63
8262 77
