262
3481 15
278 38
463 30
9673 77
7621 38
8115 93
4110 17
1239 93
3408 32
1801 2
4948 50
2829 26
2769 64
7625 56
6679 55
3631 99
3150 49
4672 8
8647 30
8612 77
5169 74
2048 27
2032 82
4745 1
2509 81
8840 59
3259 7
1384 63
1409 58
9305 58
3195 43
4112 20
3659 33
7221 4
9653 97
9361 25
6812 92
7640 49
3175 71
3444 68
2145 61
672 18
5355 40
5080 98
5429 92
3263 95
342 79
5709 37
5597 76
3694 28
1121 17
678 9
4035 9
3284 41
7778 88
5366 4
5392 5
7220 38
5510 59
1299 14
5119 83
7474 20
5491 35
9021 89
7387 10
7601 46
5972 61
9572 20
6166 89
6153 29
6050 3
6045 42
4845 40
5759 5
3946 30
9192 92
8440 38
8276 66
7088 50
1834 32
274 80
2434 83
2372 26
1457 38
3170 79
9365 41
7384 50
5001 3
3302 39
8999 41
6966 25
1003 37
916 92
1369 17
8650 62
5337 32
1263 44
1058 84
8188 45
8574 24
980 67
6671 7
4474 73
4822 30
3797 19
2399 95
3868 24
821 72
8810 3
8868 7
1051 83
446 4
3788 44
8349 66
7243 26
146 73
924 95
5812 57
3797 42
3537 17
1314 28
6084 27
7172 91
2581 84
2596 8
8408 16
8719 5
594 2
7710 40
2689 4
439 16
8103 92
438 12
6758 49
5391 81
2735 36
2362 30
4408 42
4512 19
6749 73
3760 48
9262 9
1925 86
8320 7
6636 73
5592 6
7167 59
6901 98
4979 55
6630 92
7892 73
1425 59
1024 79
6158 20
5088 19
9525 97
9387 89
4543 52
1722 64
2991 10
8227 40
9265 37
4423 64
5216 86
500 51
3475 45
1631 96
6309 32
7716 56
3046 88
6913 65
3431 46
8655 22
1796 84
8381 96
1225 6
6990 55
5745 93
9248 58
3612 26
8603 85
5394 27
6337 11
582 43
8681 15
518 50
590 45
479 37
6517 10
7695 7
4836 43
7770 45
7004 2
6234 68
3287 94
8316 39
3326 99
7651 89
3979 76
7386 39
6017 73
8606 59
6458 56
5343 18
619 57
9700 14
3310 69
4960 27
7689 6
8667 26
7278 21
7715 5
7120 14
5137 42
9980 13
1903 9
164 86
5918 93
4496 11
2724 17
1690 78
5099 25
2120 42
9216 33
1371 95
7029 11
7639 42
5090 77
1480 21
4117 91
2788 17
2245 58
3847 76
7336 50
330 3
8546 78
9519 59
4676 38
1938 2
9409 73
7722 82
3337 100
8242 33
127 94
4964 11
6696 63
5668 4
4240 86
624 53
896 23
3392 71
725 21
564 19
4106 88
4128 68
5574 64
8870 88
5764 53
975 14
5373 88
4105 100
5019 99
