524
4589 42
6722 53
1226 8
3926 94
1830 85
3669 1
137 82
490 52
1598 51
9504 52
9680 46
379 66
3130 41
3556 90
6475 15
5458 41
4439 81
3524 65
363 92
5902 29
8691 86
779 45
9893 98
4345 41
7435 65
1897 38
7315 95
3903 96
3365 72
6653 15
2487 55
9387 92
8660 14
5960 4
2437 41
4629 67
1697 71
274 92
4425 77
1816 24
6166 76
3451 11
9138 41
398 61
1696 21
7971 91
425 89
7869 94
5647 44
2561 83
1095 75
9465 10
1624 70
8122 77
2439 55
823 31
8385 72
9937 84
4842 6
4108 26
1453 76
6659 21
7024 98
6308 17
3668 59
2711 98
462 37
5236 68
1267 97
7578 35
9113 42
6344 20
2472 37
4576 89
8236 5
4176 44
1760 87
2958 19
3342 90
8872 82
2155 9
8347 78
1990 62
6948 77
7605 60
1849 72
9736 8
5584 74
8945 47
7055 90
7181 57
7866 42
9654 42
7207 68
4205 88
7043 93
324 86
2820 29
8892 1
5763 3
1012 3
9688 96
8709 7
8993 84
4866 8
1274 39
2724 21
3727 7
5592 86
5999 2
2867 15
4010 98
1596 82
5505 38
6796 9
9588 40
9274 44
3338 93
7785 63
3988 94
1051 59
2543 84
4479 85
1948 89
3048 90
3186 49
2240 91
6866 55
340 75
2830 19
353 90
1372 61
1488 63
8576 69
7304 49
8663 85
3726 97
2710 17
7133 59
7339 68
8070 35
2475 97
5957 47
5823 10
7729 16
842 11
8150 39
5067 7
3409 39
7203 34
1685 94
8493 28
5411 96
6862 9
8280 98
8542 24
7599 7
9388 52
1321 17
2392 80
7659 27
6265 6
9956 29
3922 58
1812 80
9460 58
8513 72
6291 87
1122 81
9457 72
6121 98
4874 75
8606 70
6015 29
6586 19
9330 86
732 68
689 41
3824 32
6355 26
7767 79
4096 100
9813 86
2037 60
1193 35
485 37
8173 58
5573 62
2324 90
6015 62
254 38
7456 60
7058 60
6562 36
8824 21
6619 36
247 40
7414 48
538 86
8749 24
9918 87
1928 77
8202 54
754 56
7445 5
8934 51
136 75
6740 55
7426 88
1817 47
6693 99
4713 85
8044 23
703 85
1836 14
4912 21
7008 4
5631 61
9279 62
7202 78
8720 25
4065 80
8458 65
4215 43
4093 66
5438 6
9128 28
9185 29
3247 15
9296 18
4172 39
947 93
4860 45
3194 92
6151 84
4232 78
4317 73
7477 69
482 11
9015 93
4971 9
449 71
7032 16
6613 17
4215 8
4957 79
2683 96
9581 17
3122 63
4498 78
4583 54
1515 11
3728 22
3155 52
4958 77
2188 82
7413 34
1832 25
1421 15
2268 66
7367 62
8490 15
4320 75
8277 9
540 40
8279 82
8782 4
6665 64
4030 93
215 48
4646 83
8008 72
6025 91
3751 7
6747 87
1624 44
3307 13
3385 10
7783 66
3453 16
722 39
6271 6
5240 25
1683 100
3578 7
8035 27
386 30
1876 9
9378 89
6532 23
8710 26
4727 31
8381 23
6878 43
7445 72
7040 92
8211 3
277 83
6968 72
2429 93
6804 20
5347 78
8886 13
933 48
5111 60
7003 74
3986 20
4671 66
2836 8
2143 25
6363 50
919 47
7960 9
7631 10
8234 48
4682 30
4651 50
3321 9
9861 24
4324 94
7825 94
5661 5
6664 20
1624 46
1503 18
8126 100
2078 19
3321 89
1655 82
7867 45
6091 79
4157 89
8781 27
7833 90
4441 98
1609 75
955 37
407 5
6716 62
9702 94
3469 2
2580 45
6659 87
9212 77
3744 35
4927 51
2178 78
2982 93
6595 80
9866 27
7719 68
7553 98
9396 84
3259 74
2766 64
7814 56
3426 63
1321 84
4412 25
445 99
8141 59
1024 56
3696 57
6680 5
5628 36
2692 8
1109 86
9947 76
7183 35
7094 44
6528 29
7045 39
2252 39
4563 29
721 79
6916 35
5259 50
2621 22
5536 70
6460 12
3644 97
2717 93
918 29
1788 47
168 50
8878 48
3285 48
5793 59
858 13
1924 54
5448 58
2060 67
6024 51
2616 93
2619 90
2720 98
3637 77
5901 46
7861 44
8867 6
7915 1
8772 7
8774 88
9637 87
411 24
2717 31
825 79
1543 91
2927 25
4702 55
4874 91
2276 89
5394 74
5585 87
7481 59
3603 10
3124 87
5681 75
2386 7
3322 61
9039 25
2832 39
4182 82
8933 77
8897 19
8050 39
1797 14
1448 17
6588 61
7544 91
8183 36
3001 40
8284 93
7878 79
8988 56
9983 64
7859 47
6862 92
5998 44
5525 93
2990 20
6483 59
4154 47
7408 70
9177 89
1408 43
5022 95
1512 100
1911 1
2893 83
7931 52
171 82
815 71
6987 7
4331 67
2332 30
9603 98
774 74
2851 50
6613 61
6708 23
9610 18
1337 60
2344 62
3232 73
1539 30
222 17
4423 49
9250 64
812 53
390 57
6449 39
3349 60
9402 47
2996 80
3422 60
1832 90
8594 48
8666 34
1834 34
6408 44
4761 71
484 78
6059 48
461 90
5787 8
7601 51
3363 50
4099 83
3957 88
251 16
149 57
5032 53
4363 86
9288 39
445 92
8420 89
4439 10
3560 7
7737 65
9125 43
3456 60
9253 92
5921 30
977 21
6437 71
5913 4
5235 1
7754 81
5588 58
1106 24
6505 81
3865 23
3988 49
1248 52
1288 12
3226 41
5995 84
9901 68
2318 97
6907 23
7286 71
2989 65
9143 45
