94
4791 12
6795 39
3296 11
5265 13
4495 82
8521 87
1665 65
2061 77
7865 15
4993 25
6044 1
9002 88
580 15
787 29
8245 53
1182 32
8775 8
9094 3
8617 16
8865 94
9853 35
8310 76
6327 95
7016 39
1868 35
678 88
7883 6
4022 60
1034 49
8242 77
1048 27
5419 86
4767 88
9350 91
2814 49
2965 42
9543 16
989 31
5519 49
1378 79
9900 22
4304 2
5271 36
9061 10
4254 18
8470 59
4033 48
5693 11
3320 4
2259 54
9062 44
9474 4
6774 27
815 13
7658 5
5259 83
1798 12
6816 20
4203 94
5103 1
5415 69
6225 73
5706 1
2070 83
9691 89
2566 97
7263 50
8832 97
4092 18
1654 55
7248 93
8342 93
3704 3
2062 78
6437 49
6648 95
9369 22
4348 45
6690 100
584 46
7729 96
5720 57
4802 85
378 11
2228 59
7674 20
6033 69
4621 9
2461 65
7845 98
7648 51
3699 25
4945 44
9108 39
