493
6894 93
2653 22
5763 62
3156 10
4927 27
4371 30
3301 71
997 55
7466 48
3011 29
6129 42
2487 4
9007 3
7138 5
1757 100
3592 85
6539 75
2338 59
930 33
6087 39
5144 87
4781 77
1602 73
499 91
8790 86
1992 88
2013 65
4706 32
7074 35
1839 53
4721 13
5425 42
6115 65
8443 52
7296 5
1502 50
8750 67
9465 79
1937 69
5631 29
1149 57
1150 43
7804 10
1604 25
4597 87
7943 7
3747 16
7340 46
2495 50
1237 50
792 6
3000 74
7050 56
7962 52
794 60
6805 28
8049 33
1557 87
7990 38
1723 94
2215 85
3549 64
1008 12
5269 22
8387 28
1941 6
9597 8
4385 20
5336 14
4920 95
2299 16
7973 62
5215 22
9187 42
3827 5
773 69
9460 66
9317 13
1492 100
8647 64
9350 13
5265 6
2607 34
6507 7
3186 46
4639 53
5002 100
2211 86
1243 25
4103 18
8050 10
235 74
1477 68
4733 60
2839 37
1716 12
452 38
9088 72
461 96
6079 79
6104 59
3539 3
4633 77
3810 6
2843 90
5967 24
8521 88
3777 43
6156 46
7657 69
440 43
7638 8
9709 42
5925 100
3032 25
6858 12
8445 5
7563 94
5332 95
7125 8
1684 20
4658 34
1601 34
1170 52
1476 3
9165 33
5300 76
5757 3
4471 49
4887 35
2422 27
2349 87
2250 45
7000 31
1158 37
6404 3
5728 8
383 29
7687 69
7866 28
5188 55
198 35
5270 24
9387 31
4784 46
4760 20
8855 82
1476 47
7465 8
7062 31
6581 97
9246 8
2890 88
9773 10
2182 6
6752 44
4340 2
6287 4
3810 73
3354 9
6030 95
2023 8
1629 43
9121 50
8605 69
3230 89
6602 23
8129 86
2292 35
8794 56
1481 17
6907 84
5744 6
6871 15
1914 85
6331 59
3638 68
3866 45
7445 38
955 86
7895 55
7807 54
3055 6
7750 73
6662 25
3882 50
209 18
9497 88
9068 50
5018 1
353 10
8791 63
8542 63
9966 74
3508 93
6714 82
2951 10
2071 41
4015 66
8202 34
903 49
8120 96
9135 28
8107 23
4901 64
2055 92
8612 23
3366 72
2246 13
3904 47
7017 85
9286 22
7195 93
6936 76
3879 66
7938 24
4040 78
8046 61
4124 36
7230 37
6917 12
4032 86
6173 77
9996 1
2603 14
1114 7
535 45
1987 78
7760 50
122 31
6723 56
2475 84
8948 33
2581 40
1275 47
541 50
2684 53
6811 40
6752 63
8129 25
9602 18
3459 17
5133 5
1350 61
7201 21
6353 74
2175 44
9376 53
390 40
9086 77
1211 46
3438 34
7221 37
4756 62
2431 24
8497 39
2903 48
9526 29
7049 43
4791 75
3177 65
4026 75
3470 7
6527 1
1612 94
2467 51
6642 37
7354 11
2782 98
2963 62
2634 65
5394 12
7659 11
1868 4
300 82
9237 85
274 39
3379 20
3893 86
8415 29
1283 11
4941 29
5722 80
6683 54
4120 93
113 40
5331 9
4907 79
5080 32
6564 34
3132 38
6944 27
5546 71
4162 50
6440 85
1572 67
2480 92
3476 68
6259 93
8257 55
9259 99
3176 83
3705 66
4459 47
1729 97
9147 58
450 17
8100 12
9408 63
2179 81
1047 48
8409 94
9122 69
8178 78
2814 59
138 45
9571 88
8091 42
5124 84
1569 62
1854 45
5045 100
3330 83
7573 27
5023 46
2041 32
2449 80
2564 62
2874 62
3604 38
1497 3
9391 38
2845 26
1596 87
6760 81
7836 87
536 17
9628 85
6038 1
9303 25
8754 50
4153 65
3911 2
335 25
1727 3
4595 81
9399 11
5971 71
1787 2
7759 52
5062 3
4838 49
5416 39
3067 9
2948 27
895 41
5543 41
4517 8
5074 68
3331 16
2805 52
1881 30
6299 43
5783 3
8487 70
7080 74
6302 2
4580 76
3039 45
5635 78
2280 60
4690 18
6138 13
4000 19
3621 100
2049 64
8447 9
9124 4
6244 87
1070 54
2725 95
370 19
5275 18
8079 71
4470 31
8977 24
9415 88
6289 40
4290 20
3546 68
9518 97
5972 42
407 95
7442 88
4628 3
6461 42
2938 91
5933 51
3602 18
7236 18
7900 32
2136 99
7814 51
4966 66
757 55
3944 17
9739 82
9127 41
9466 33
2304 60
9694 16
7348 26
6307 93
3934 86
9940 93
426 70
3297 87
4007 10
7509 18
2068 43
1418 44
4169 22
667 57
1171 42
7144 72
1957 37
9393 83
2083 42
6864 81
7475 85
8852 26
229 84
4025 67
6457 1
9878 56
3395 62
7186 56
1262 46
5245 100
9961 78
2206 80
4670 32
760 17
5007 21
3006 92
1362 87
3842 65
4246 85
1291 33
1003 19
5549 74
1890 50
6193 52
5907 55
6826 27
4106 58
2486 25
9319 32
9104 9
4032 44
3416 75
2145 8
1247 54
4629 37
5813 26
7688 8
8892 52
2349 72
6849 61
9573 76
1084 89
8326 5
798 40
3606 24
2000 80
6339 90
4570 85
8793 50
7386 11
2425 12
939 13
5315 16
2121 94
4298 45
8260 95
7080 20
3893 15
4572 26
6899 94
7869 22
5425 62
1391 75
5370 7
