914
2187 97
3316 100
219 20
2731 50
7189 92
9124 92
1377 9
3722 100
6410 1
8025 43
1069 24
3503 40
3015 11
2168 73
1429 78
7838 75
4883 20
2408 52
5520 61
9985 81
3634 5
480 5
6447 10
7531 7
8258 34
7702 53
4269 65
5804 14
3860 44
860 80
2249 10
2618 75
8351 3
2206 12
8320 48
9030 9
1191 45
6860 81
3057 74
7360 28
1460 75
7253 80
960 61
8806 47
2853 48
901 41
4719 57
9489 12
651 87
815 90
5103 20
9900 1
1357 11
5769 85
8736 84
8805 52
2093 5
5826 70
2610 51
1024 46
7852 53
1495 89
4433 46
3235 48
2729 42
1374 32
5704 56
3488 88
8476 61
1599 79
7572 34
6255 94
6288 9
1426 41
2387 56
366 42
6768 97
5109 34
6694 81
3150 87
4491 55
5180 40
2776 58
7964 41
4940 21
5309 69
7399 84
6167 71
8150 17
8559 49
4020 61
6467 70
1624 42
6002 21
2736 95
7032 54
3168 39
1176 63
8075 50
3417 77
4000 86
4218 24
743 60
140 8
259 73
4235 67
5756 44
7589 72
4845 10
2268 1
9535 28
6835 4
8660 57
4734 90
7357 21
2530 78
9187 40
789 15
8813 63
995 49
5755 92
9718 46
4299 84
9132 77
4842 3
2052 80
9590 94
8430 96
5801 45
6143 2
4841 50
3591 58
4467 58
3989 9
1342 23
5920 100
1661 51
9783 85
7092 35
9193 59
6491 97
330 67
8704 83
4867 5
9863 93
4202 58
6630 3
9039 29
5073 60
1022 16
3433 43
3698 48
8297 32
9719 96
6155 13
3431 77
4375 14
2879 18
6677 44
5701 25
6504 56
6093 84
9560 86
7827 49
1064 41
6564 89
5606 42
4399 74
422 14
5681 6
6942 19
8472 11
3373 24
8994 87
6274 39
8773 99
2054 3
2453 4
4612 99
3133 31
6321 21
2885 28
5661 53
3903 78
8897 66
5683 29
7606 32
3455 69
8144 2
7103 44
7428 47
776 20
4481 16
9982 94
904 38
900 86
4503 15
8806 3
546 47
7530 32
9814 42
5222 91
4877 6
4246 77
2117 78
5325 92
9090 74
7076 21
1379 94
877 36
8958 95
5513 11
9288 47
6297 93
9321 24
1306 99
9554 78
9912 42
5177 42
432 18
349 64
6051 34
5554 34
7984 96
420 21
977 89
8729 44
7565 96
1596 67
2215 99
6488 52
6344 25
6463 94
9228 92
1907 81
7283 35
3222 90
5851 4
7944 76
2611 47
4921 83
226 26
4066 43
3907 36
5855 11
5367 52
3654 59
4278 1
1193 84
8918 22
2430 42
2497 3
3844 100
2150 18
1519 10
4761 69
6037 83
6233 95
9600 97
1497 97
5920 96
7089 30
5743 63
3565 20
9159 56
5414 57
7146 69
8617 57
4329 32
1183 56
9143 24
5241 42
6350 76
9189 80
5190 98
387 69
7231 17
2047 8
6259 16
329 46
5128 89
6334 65
3313 57
3493 56
1380 91
2297 38
8810 96
3038 46
5275 60
2937 21
9648 78
4801 15
9808 59
9608 47
8369 95
4954 24
534 33
7513 83
7077 42
346 78
1587 80
1354 51
6233 7
2458 60
6750 24
8478 69
6143 18
191 33
9710 56
2994 21
4228 2
194 30
3177 65
8162 90
6130 63
5998 63
284 59
3753 46
307 36
9180 7
917 22
4477 84
1325 30
5025 43
7203 71
3582 27
5279 13
1335 5
3981 20
7465 35
1586 72
7132 63
7909 79
7228 18
4087 22
3551 33
8361 82
6434 3
1985 80
4586 13
4534 84
3578 53
9396 45
686 63
2458 50
2093 40
4020 36
6162 44
2373 47
4181 97
9882 1
4242 27
4318 68
9885 10
8255 96
3113 94
5661 70
2235 18
8342 23
2284 52
1369 10
2542 22
7398 91
2183 69
4572 81
9532 67
2006 73
2782 29
5930 65
989 5
7172 80
5083 6
1670 97
6336 57
9680 29
4986 97
6193 33
9427 86
7955 63
1215 26
5830 46
8428 79
7915 40
6498 58
1983 6
1161 2
1838 30
8035 4
7034 18
7065 17
1468 53
1410 87
1295 7
700 97
9845 57
4269 99
936 10
8180 35
3990 87
5632 70
4630 43
2510 65
4703 82
277 42
607 18
4910 26
1241 43
7172 85
9572 11
4214 79
4108 70
7085 60
2605 92
195 88
4473 79
2236 84
1927 37
7977 87
7771 17
682 62
3149 18
458 54
3017 48
5366 2
5133 92
8321 81
4777 25
183 76
129 20
7929 100
7393 43
4488 72
577 61
1105 12
2569 8
956 42
4895 19
3672 79
2180 12
1144 100
6628 33
1646 95
250 69
7206 89
117 73
2934 8
9229 19
1807 72
7358 53
7947 78
5654 20
2170 94
4508 33
9848 25
6699 21
835 89
9170 66
8426 7
9332 10
1510 94
5151 79
3927 78
5384 54
207 80
3826 18
5101 77
8165 83
135 59
4781 34
3435 29
7683 99
8831 63
5113 85
7009 6
2973 54
6476 54
4654 60
9143 87
3459 30
6397 85
4000 40
8798 19
7761 56
3841 11
3754 88
1619 96
5426 74
5898 69
4811 26
5632 57
772 50
2393 57
1819 28
7062 37
8059 74
357 88
7427 3
4214 38
6868 72
3258 39
8687 61
4937 4
2213 27
5851 56
5361 21
4087 13
240 36
9459 12
7383 74
2653 28
6624 60
6489 39
2587 72
4466 2
8950 22
4807 52
3528 94
6084 97
4327 24
2927 61
422 27
5223 77
829 25
3446 79
2983 48
2543 24
4038 4
3016 56
1683 90
6698 16
137 98
5411 97
9211 30
8757 64
8600 9
8028 22
6422 2
1365 12
3192 39
7139 97
6732 77
3406 66
6956 93
241 49
5855 95
9035 90
5033 96
2310 57
6145 76
7372 24
630 84
8712 16
1260 96
1691 44
9435 73
7531 85
1778 9
7288 66
6078 8
8786 56
5938 74
5682 20
3041 3
4338 22
3026 74
2954 84
6664 17
3516 6
9808 70
3231 26
2589 62
9231 71
984 72
7153 43
5871 95
5738 63
7951 15
9522 73
477 98
7749 100
3911 77
8249 99
250 86
7136 7
4459 67
4461 79
560 43
2430 27
3318 58
8231 2
8484 21
6264 55
5358 1
5174 14
6905 25
4114 38
4847 68
9588 56
8132 100
4423 25
2777 77
329 67
7477 77
2973 97
3660 20
6042 5
627 32
4393 64
1981 18
6397 18
836 12
6791 10
6660 37
2972 12
9359 70
4278 51
7889 23
8313 70
1784 80
4554 56
8618 44
2494 87
5485 13
6884 57
9914 28
6729 70
8975 46
6748 100
8232 58
1115 12
5143 12
1146 61
1373 9
3054 48
6844 44
8662 42
835 87
3929 3
5703 26
9338 50
8924 11
776 78
5850 11
4708 54
2342 46
8927 60
8512 22
973 92
480 47
632 73
9541 61
2937 55
7919 47
1542 84
4935 2
2287 18
1355 41
9364 74
1387 52
7591 28
4041 54
6945 97
5078 95
885 40
5650 74
7981 90
6825 79
8396 89
6549 40
9610 9
2201 6
565 36
1323 30
8709 78
8281 77
9926 37
6413 84
8363 10
5319 2
2866 98
4938 14
5776 70
8627 71
286 71
7376 43
2120 15
2139 41
9111 27
3759 15
2002 17
143 46
2578 29
6284 32
8567 40
6135 37
6607 83
5635 69
9854 7
7697 63
1269 33
9292 81
3789 80
893 34
4340 28
5050 22
7237 9
7868 61
1912 93
3008 37
2997 32
8354 5
969 47
3661 81
8546 21
504 88
7359 99
755 9
2534 83
3051 49
5998 58
8493 35
8180 24
3642 79
4242 34
4352 60
679 86
2700 27
6140 59
6482 79
6852 72
7359 55
3717 83
1045 38
3662 73
2116 71
8296 95
7792 34
6425 85
2337 14
7276 16
197 93
2932 56
6528 31
912 97
4199 76
8396 74
2944 47
6647 80
4930 45
7258 25
8062 59
2455 88
1872 85
142 41
9255 63
8887 42
1487 53
9270 45
7930 42
4465 10
2904 65
5034 9
1772 58
7258 11
9631 46
8517 69
1647 52
227 20
2842 87
8026 12
7806 6
7481 68
8589 12
2195 3
7102 15
3470 20
7188 22
9973 35
845 38
6262 38
3985 60
4567 46
2229 73
6807 33
1944 93
6976 66
5606 75
6925 8
9485 86
3554 18
4098 26
3307 74
7964 60
2872 67
4245 52
8324 87
8751 57
8364 53
8009 8
9927 80
8057 97
9203 11
4435 63
5552 17
5798 88
7320 62
3211 15
329 64
9142 32
8569 76
4844 56
910 1
1572 12
5418 50
6318 75
5948 39
4973 60
9688 78
4843 44
2944 22
8361 87
8287 55
1426 1
7815 100
5269 53
6062 48
531 93
9379 57
163 20
6646 70
1484 72
5182 61
6406 79
7897 24
6846 86
5796 1
4491 60
9103 70
3540 1
2816 21
5483 87
6277 5
7273 43
4878 14
2464 99
9334 57
7496 66
1397 1
1479 82
1268 25
9079 93
159 22
2952 95
2875 67
4424 7
8549 55
8277 44
4425 32
1387 69
7234 76
9357 15
4372 61
2141 82
3253 39
6610 53
8229 76
3290 95
6773 40
3527 42
1499 93
6329 11
7028 79
904 76
3002 16
7870 98
1300 66
3213 26
4089 1
3189 35
9911 42
8922 48
9068 78
5374 57
2765 73
1364 37
3078 80
887 43
3239 6
3204 81
3075 23
7306 2
1168 76
657 3
3273 68
1014 3
5042 82
5104 48
5706 41
6760 88
5050 23
3982 30
8756 29
860 78
4987 29
427 36
5509 70
9853 48
1333 86
279 2
3827 59
5778 67
3269 49
1150 94
9670 100
