1000
2572 61
6049 12
3691 74
1769 53
9219 71
5205 10
4882 91
6935 38
5931 6
5140 23
5895 41
8658 3
8680 97
5471 16
3208 23
1177 24
7647 85
4772 55
8884 95
1026 37
8183 38
7889 3
4177 15
4920 90
2176 7
5322 10
349 3
3476 81
7253 73
699 33
9595 30
5862 58
5389 29
1120 27
8160 25
4054 69
8924 85
7528 49
2858 25
9456 20
9170 42
7378 86
7886 62
7195 62
377 59
6891 39
2283 81
9374 5
8246 10
3850 70
2148 41
6876 64
4579 42
7651 59
3701 61
2304 59
1966 11
9824 65
5232 37
7845 4
6499 83
5247 10
8349 53
1417 66
9520 16
2550 74
7069 84
5487 79
3708 10
6481 91
8054 91
9045 7
2974 42
7914 87
4951 15
9622 5
4880 17
5914 17
9260 70
6161 14
5880 39
2108 80
2716 18
9747 23
3108 90
4751 22
3257 98
2939 47
7879 8
4163 26
8772 88
7711 96
4159 87
2642 43
6560 86
2979 72
2785 6
2811 83
5198 94
8429 66
7901 87
9274 45
7983 18
6826 87
1766 67
5810 62
8002 63
7157 95
7714 8
8133 41
3180 95
3097 43
9977 99
3300 27
7593 36
1223 45
6940 55
1315 37
3834 61
193 18
9335 82
5559 25
7955 24
6424 48
914 36
7478 95
4744 23
5203 71
5437 84
8150 76
4465 4
1601 45
4303 100
2289 84
9944 65
3021 95
431 26
3601 40
3165 6
8099 74
8778 26
3272 17
8487 16
1120 58
8150 39
6207 93
387 75
5278 46
1784 22
6556 46
8902 42
5650 81
5700 23
944 71
8315 66
8521 9
7168 96
3086 68
7225 59
9109 38
2402 88
3125 59
5290 100
5567 64
8215 53
2955 35
8124 10
1662 18
3968 35
7897 86
2823 75
3484 7
3337 96
3459 10
784 13
3715 5
788 22
1971 41
2177 79
6591 98
3505 93
8272 74
6839 13
2595 50
2616 80
7696 41
3732 21
7433 36
4399 25
5436 73
8652 57
769 6
7951 72
8346 100
5707 42
6028 44
9082 43
7927 70
9745 87
1339 48
6675 16
2546 37
4412 12
6476 42
2498 34
636 98
7142 17
2631 26
1816 43
5645 19
3045 79
334 46
1401 11
4505 75
736 40
4180 54
9065 73
1906 31
2531 82
5509 70
7514 10
8488 46
2452 86
464 74
7957 98
2742 3
917 80
4632 82
2672 15
750 60
9677 67
9152 68
2913 59
9821 16
7091 96
2939 27
6979 28
4417 61
321 99
9660 72
9543 9
1596 52
5340 63
3756 13
7976 3
9110 43
7733 3
7568 86
6357 83
2078 98
7667 31
9633 59
5843 46
2058 5
805 24
7724 3
6608 88
3766 8
5750 10
9143 52
3571 20
4826 66
9122 74
1873 29
9881 6
4198 73
1635 26
8546 51
6838 15
580 90
9687 77
1289 86
5204 23
6355 85
3820 36
7232 12
3309 77
7726 88
6941 34
5741 96
2838 75
8815 10
9516 26
6602 30
9842 88
5277 53
9108 63
1307 20
5450 4
6371 41
5687 85
8470 23
534 12
6652 24
7376 61
9847 65
6979 47
7737 89
371 60
8209 51
1774 58
1434 24
4806 74
8709 30
9472 21
9262 68
9933 58
9895 20
2212 71
1872 16
1484 80
4430 71
4777 44
2410 33
361 33
4441 99
2064 97
5173 28
348 8
6392 1
6386 16
412 75
4829 72
4768 97
4702 14
6577 97
8926 74
3021 61
8430 68
4682 35
6713 26
2078 47
8775 72
3281 56
2487 22
3978 8
566 45
1959 11
824 31
9406 51
9003 20
3171 68
9343 95
3819 17
2445 64
7030 15
412 32
1135 63
8041 29
7920 84
9591 76
5180 44
1705 39
804 57
7441 45
8692 55
3266 24
6117 46
9956 91
1665 32
2743 80
8544 45
5768 42
3522 24
971 46
2637 17
5834 20
403 56
1175 56
1443 31
842 10
5944 22
3078 54
7954 93
5792 65
5990 73
6176 86
7981 38
1223 66
4020 42
5005 28
7002 3
1179 9
6847 97
7984 5
8052 92
5288 80
8663 2
7671 52
1991 31
6361 77
2973 62
616 79
9464 41
7845 43
2292 29
227 83
4785 6
4186 87
4216 55
6371 28
7334 36
9169 36
404 44
4866 20
5848 48
495 10
4846 80
4837 83
7039 72
5126 66
3435 30
8773 99
4544 29
500 26
9120 71
5988 46
7087 35
4035 38
9795 27
7743 67
2783 47
2035 40
5374 43
141 15
5843 17
549 5
3368 37
9420 80
9334 53
1169 15
710 4
954 13
9696 35
5652 72
2714 45
852 85
8248 44
782 8
5592 49
8997 45
6181 60
2145 38
8898 59
6392 40
3491 29
7751 46
8994 38
7758 78
4380 83
3506 93
3902 36
2799 41
3066 80
6115 83
7880 45
217 2
9547 50
2391 41
9880 72
9714 17
2464 79
1816 85
6338 2
2268 25
9158 46
4144 17
9147 8
3429 16
6150 82
4221 58
337 77
4504 73
7415 51
1748 99
2748 95
900 35
4855 63
3481 17
6948 39
7931 50
4980 45
3372 14
6036 62
5686 58
8020 95
9946 85
1962 23
890 10
1864 35
5692 49
7582 72
8482 28
9450 47
5641 41
7700 42
552 13
2688 65
3379 96
9677 51
158 25
1865 63
6470 66
6231 77
7771 12
4198 16
9939 83
1079 81
2129 47
1755 41
3759 40
2370 63
311 37
513 37
3587 82
2380 44
2519 20
3143 90
3607 86
9105 2
2867 75
2959 71
7619 73
4056 76
3794 21
8517 16
8421 5
7110 70
4977 1
1302 92
9281 58
5763 20
9053 87
5420 92
4914 88
398 12
7360 16
4776 58
9712 27
895 10
3515 93
7116 21
5333 52
514 75
5940 81
7976 53
3435 49
5894 62
518 26
614 40
1435 21
7679 99
6963 63
3088 91
1572 22
4080 100
4685 47
6704 50
3538 97
6046 35
5443 72
1714 71
4673 56
1472 46
7970 24
9032 55
6675 79
4285 71
3137 13
4584 90
6909 71
2491 13
8729 82
3537 61
128 45
5644 90
5055 63
9091 72
610 84
5815 65
5417 52
6342 63
4045 66
8482 8
4864 59
6939 36
5399 26
3765 46
7066 3
3616 87
937 27
2584 58
4373 99
5950 85
8515 23
6840 70
129 1
7972 64
4655 66
8268 7
1088 10
9162 91
746 94
8603 31
1357 96
5637 22
4233 95
2877 72
3094 4
1626 93
9893 25
4589 3
9016 2
3103 82
5788 23
6852 47
7027 10
6164 81
6073 95
4584 71
6235 96
8232 73
3471 27
7171 89
7635 2
1755 32
1753 3
5789 81
1057 20
3469 59
5572 71
9288 62
8711 68
2174 89
1145 86
5376 55
883 72
2555 47
3433 17
3323 75
6348 9
844 27
1191 30
5467 94
5333 20
7869 71
1631 35
4160 90
9154 58
8529 12
4521 96
6326 21
6009 77
176 70
4109 96
3179 39
6242 6
5597 5
413 48
4983 49
939 69
213 9
8465 10
9425 58
8400 51
242 44
4467 46
9255 29
436 57
6826 59
5743 22
7035 81
8094 45
515 22
7174 42
3295 77
1722 99
3247 44
4052 89
9068 62
1773 15
5432 80
3674 74
2090 11
103 5
5920 15
5399 93
9092 69
8669 14
1005 26
1676 22
8935 24
6694 18
8732 70
6329 23
243 72
3221 86
4147 98
6199 39
4215 14
8599 73
410 70
8969 31
8673 75
7530 74
8628 15
6640 20
5536 60
4974 74
2841 92
1521 25
188 93
2684 7
257 17
5678 69
7484 54
4307 67
7548 29
2198 78
3894 72
9370 72
9180 37
3672 16
5067 97
6775 92
4712 11
4120 86
2789 100
9329 30
2134 89
6580 49
8486 66
5956 33
3024 77
3080 100
1325 4
4638 1
9544 65
7944 28
4815 42
4698 28
451 85
9235 80
2126 86
565 48
694 40
2419 64
1752 60
4389 54
8312 66
3916 35
4201 55
7893 22
9914 71
4962 91
2662 46
5680 90
1776 13
1068 80
7567 14
4656 25
5763 42
1567 2
8141 15
9540 40
5494 66
6965 91
2845 64
8329 51
5059 55
3741 87
8971 34
8107 94
3182 58
9351 34
1578 19
294 71
9801 23
248 58
1718 87
8594 47
6561 85
7360 10
8375 39
1590 3
315 77
1131 18
5326 60
5539 17
1710 5
6594 75
1583 35
4675 59
6394 4
3442 20
1159 100
6171 78
8673 35
3390 96
279 71
7167 94
6542 22
8628 10
1323 20
6981 49
6999 16
8603 44
441 69
9343 42
5718 76
5743 75
7845 28
3085 53
6197 47
7415 55
9772 91
7149 8
183 66
5573 99
4017 15
828 51
3558 90
3687 61
8796 2
5450 1
3168 75
6603 83
6954 93
1473 83
8345 92
3680 32
4428 25
6601 20
5058 57
7904 13
7791 37
7186 36
2024 55
4536 47
6556 73
6223 25
9424 39
1710 94
8934 1
8559 16
8970 3
1300 47
4903 66
6048 46
7456 34
8927 23
6376 90
5999 35
5302 6
6285 12
4993 11
2599 95
7304 50
5528 51
3614 43
8840 85
571 91
874 26
5963 10
4414 65
3955 3
5826 82
1228 86
5522 75
9935 10
2237 71
1820 1
8361 64
2167 32
7924 17
250 67
458 34
9538 57
2740 69
4227 33
9915 39
8167 33
731 69
7681 39
5868 14
6612 82
375 75
2897 48
1556 14
2085 95
1127 71
4306 5
1180 59
3575 48
5238 76
7917 83
7041 94
3351 57
5065 96
3010 81
2765 8
7389 99
7880 23
3805 5
5880 75
7792 6
5285 61
4149 80
1714 76
8577 47
3361 63
8617 44
5645 65
9653 48
5415 28
3728 80
367 86
560 50
2223 97
9229 52
155 46
8386 35
5768 3
8803 87
630 79
8295 69
2884 18
6115 73
4728 84
2507 12
8045 19
4924 89
6852 76
7365 96
2333 12
1821 84
2977 15
2866 3
5578 98
9281 71
319 15
987 56
531 60
3334 84
8901 17
8313 8
7349 93
7127 91
4005 13
3104 24
9803 2
9160 44
2233 55
1824 37
4123 18
1807 68
8827 72
4589 14
7534 70
1835 85
9150 24
222 97
5821 73
5713 88
3522 18
9332 96
3626 99
840 100
4943 57
2299 93
636 49
4427 95
4819 72
1845 18
4648 26
788 81
7950 2
5113 76
1103 78
8812 30
1087 81
4040 52
5072 58
4604 72
3857 64
7766 16
5584 33
9681 28
2193 7
6682 37
749 10
3287 95
2574 80
5441 61
2633 71
8862 93
5573 70
6789 31
6436 19
832 85
