455
863 4376
4986 7022
4279 9946
7494 6975
1565 2192
1158 8201
8108 8188
1555 2258
121 7311
7670 6017
9179 5814
392 6399
4950 6663
2272 1644
8682 426
9514 7146
2077 2622
1707 2013
5571 7072
6235 5730
1932 6593
8988 3123
3075 2666
7356 5539
2306 8568
7985 243
6903 8267
5488 6418
3909 2525
8031 1734
8053 5658
203 443
9105 524
6593 2341
2477 3420
6202 4978
836 8478
5481 9358
3528 4284
1192 3000
2588 5810
7423 7600
2856 6021
5502 7115
4617 7883
8143 2785
7434 3387
6367 4894
2333 5817
1861 2941
5248 7227
2978 1993
2210 7913
3857 4599
6944 6770
9127 8884
7647 9328
2320 9334
145 8904
7701 1576
8524 8180
4258 9784
8598 974
1736 5326
3747 3157
4093 676
1163 2776
3943 1445
8988 2980
2600 9903
9450 5481
6396 7908
2648 4694
2740 7240
2549 5146
8091 1152
5219 6643
956 5467
8278 3912
6665 9660
4715 2672
3363 1661
2047 1403
3614 8647
9283 4394
2726 375
4149 3106
9240 3722
4855 7938
4912 4382
2595 4634
9535 4081
7393 2655
3166 224
1528 8351
2199 5295
3241 8279
3100 3271
4093 6496
2509 2386
8443 632
8642 4190
5718 4014
1541 2416
7448 3082
3002 3059
1356 9623
86 9524
1796 2932
4188 6119
5723 9981
1315 2255
5653 9174
9933 2674
124 4237
1991 9258
489 4066
9824 3837
8937 1338
8836 5770
5310 1799
2012 6456
195 8309
7546 987
8130 6879
9812 6781
434 9020
4058 7223
719 1546
7081 6540
961 2896
6257 248
7782 8534
8982 9889
8211 9941
1844 6588
4961 5727
5969 3848
2921 9081
6179 9076
3801 823
6578 6679
781 174
9687 8192
6330 9657
7442 4131
6109 1202
7973 9341
2992 6175
59 3367
5877 6098
1161 121
6621 7303
4663 5204
5171 8156
7890 3743
6952 5381
8045 2719
2957 8854
8197 7415
4389 4895
1507 5410
6838 6101
6800 7688
1196 5772
255 729
973 4681
8451 4240
7694 6936
398 7633
8092 4811
4494 4870
4542 9925
4699 4409
4152 3517
5807 4285
1475 6883
5693 7245
9309 6120
3983 6397
6063 4767
1109 8253
2107 6923
1779 9553
2559 2692
4376 3434
4688 2017
735 1790
4094 9573
5445 7489
699 5268
6719 7686
553 9731
8393 9968
4242 6592
7914 5724
6394 5615
9033 2382
9024 1384
7318 8619
141 2692
2168 6406
1766 8500
7648 6187
9263 6454
1678 79
4061 8433
151 3881
7229 3277
6636 1728
5576 2688
7279 5664
2803 4420
3748 1950
1281 3150
6333 4497
9259 2460
8818 3652
6130 1142
5556 9539
3283 1643
2672 1836
7214 9629
3758 4847
9730 2630
2719 8323
6567 4054
3864 861
8478 6827
1473 4686
1589 6241
9441 1923
3547 3721
1808 6504
4530 8589
26 7024
6254 4753
7455 3540
482 1646
3276 4707
4408 8909
93 3457
1882 3097
1643 3375
5024 5836
2622 934
3635 1542
8223 3622
282 8797
7187 8085
5144 8249
7377 6657
1161 4869
251 3030
1819 6700
5005 7233
8735 1484
3353 7268
6492 8069
9208 7854
1978 4713
9611 1811
2100 6312
3073 9172
5420 2367
9398 989
9768 8481
5620 9071
8804 427
3296 1768
7678 6233
1636 2626
3477 4757
2844 9737
3735 1842
6744 4537
1241 9334
2549 2986
6907 9871
3334 4414
3785 6404
976 508
1265 5109
4154 870
1553 8401
3483 6779
5660 7115
7180 2135
7907 1579
4914 137
1146 3812
2154 660
9626 7615
8353 2672
3240 8718
5788 9617
2874 9545
4015 4239
8948 9450
2082 3128
5797 6291
4275 1719
2074 8168
3320 9423
5751 3851
9584 2821
9700 9292
7987 7757
5400 1815
7263 8775
4023 4022
74 3152
6900 8691
8638 8881
2790 6316
2437 1662
7067 6401
7471 1399
6617 3114
3431 2086
6801 7773
5999 4412
763 2005
5734 3511
433 5362
1786 298
8325 611
35 2449
2979 3056
7519 9372
7701 2217
3619 8616
9652 9119
8837 6449
9865 2604
3833 3389
2326 1557
6912 4497
9703 7027
1974 7629
7842 1260
8194 2726
9574 193
1358 126
7955 7584
7647 3193
6448 9847
3847 694
4659 1475
1699 7864
3762 1522
6651 1931
6603 1066
6901 3013
2482 1229
3183 4516
6662 1649
4234 6934
8482 952
4064 6580
3779 7671
20 9552
1910 9815
1689 2154
3473 9801
8104 1285
8737 9031
3288 7806
2163 8735
2118 8636
1022 4450
9496 4254
3448 8945
7351 9909
8579 1132
1207 6474
1470 2347
125 9304
3379 6889
4044 9208
4404 755
1096 6917
6043 81
7636 1865
4513 5760
3458 6768
214 3866
9821 9129
7764 9250
2621 7040
7104 1201
7071 4148
6644 8428
353 7189
4000 9881
9910 1837
7471 3097
3329 541
4811 3639
4072 8033
7854 8901
5458 6207
4053 4594
7154 6856
754 8057
4611 6714
2688 8975
6098 3764
8192 3100
3742 8029
5380 3655
2561 3104
7312 1714
5700 7568
6508 3008
2647 931
8291 5635
5013 3376
242 724
7974 9693
6127 7092
1803 8626
3425 1307
4138 7920
1435 2369
5329 8179
8459 7274
4909 5031
2553 6924
6304 8798
6878 6593
4292 7964
2766 5279
4111 6920
7142 4361
6312 3506
7818 1187
7862 6320
6185 6153
6792 7399
6207 6124
2588 1618
3577 8426
8762 7631
6735 5619
7144 356
5312 2274
9859 7864
9353 3944
7661 8959
1551 3779
7105 631
1728 7427
6572 3101
9571 1091
