989
6748 7354
2239 3540
6123 9425
7584 6076
2599 182
6874 5514
4948 8454
5322 7825
904 9829
8880 9009
6531 5554
6966 7420
822 3814
7954 847
4506 8801
2041 4598
2978 5559
8882 1711
4753 1026
4735 8540
5444 5439
5995 3198
3330 2887
8211 5391
4998 1045
7529 7904
1962 4252
960 6149
2407 2656
5571 7898
9867 789
7788 5959
7281 1974
1570 9427
215 3432
9411 499
214 9798
7925 6336
4439 9413
597 960
8447 1966
5268 754
3829 1878
7721 3924
8350 4259
8881 8780
7558 1399
9237 9436
3519 4207
635 2422
6042 5252
3810 4369
7973 4820
6929 734
911 6802
2578 1374
7683 7078
3216 1097
9238 2392
7252 618
6792 983
5476 4371
6432 398
3815 1325
9115 8766
9115 9130
6627 9749
554 9711
5753 5194
6829 4239
9812 1160
5606 2332
6052 7801
970 8302
4826 3987
4967 9647
4029 8478
5437 324
5312 6640
4965 5953
6625 8090
5689 3004
3540 7043
3661 7163
2637 8758
133 6962
6256 9353
7668 6065
6629 4864
486 3092
4925 7343
9660 5946
7307 5832
8369 3145
8100 2242
451 1439
4385 9591
3653 6985
1332 1515
5942 7623
8895 673
1312 3263
5297 5644
1453 4190
1112 5043
3841 7625
4110 5611
6808 5720
2634 6192
5351 8994
1097 6208
9173 1942
940 5726
2607 7461
6072 3175
5777 8293
3495 2073
1751 6501
8778 1006
5104 9935
6018 9388
7081 2758
1821 4705
4431 6961
5150 3981
7631 2925
4379 744
412 9369
8544 4404
953 6453
564 6099
710 5317
3063 5325
4953 1093
1827 3183
1188 4628
8728 9496
6355 4377
8507 3672
5145 826
4433 4801
4834 1080
3465 4271
1520 3317
4170 8173
1318 7694
9455 7818
7532 4249
488 6996
193 9543
5838 3981
3526 2591
7535 2860
4203 5209
2250 7019
252 8249
6458 3475
4520 2488
6971 4608
3628 9146
8713 1868
3268 2789
4343 7735
7032 2918
6155 2362
6719 2921
3891 296
4416 597
9934 7526
6211 6682
5753 919
6581 2053
9574 6773
9872 7446
2065 3255
70 6746
6808 9753
6987 4531
9145 1339
7192 8602
4364 8711
9022 8734
5939 2466
1518 181
6887 3368
4991 3080
4596 3229
7472 9366
9520 1128
341 2274
2370 7005
3089 5170
4971 3597
1452 5641
9902 8030
7719 6330
3927 9889
868 5253
1809 387
170 779
4389 860
1329 6340
8475 1641
8124 2184
1830 2735
7780 9411
8194 9354
167 668
7267 8521
2510 8077
3751 1062
8411 6344
7615 7767
3415 26
9560 7721
1597 7393
3640 8944
5003 3475
4812 1159
9167 2371
5250 9319
1900 279
9454 6846
3514 9317
8989 5394
6568 4210
1221 3946
3609 552
6673 9973
2476 4764
1180 8800
1684 2912
4748 8066
9800 8509
6844 782
9920 2174
9708 4725
5643 3574
9433 9788
3606 7665
8939 9705
1882 3761
3843 6277
8344 312
4564 9968
2321 6698
5438 2128
9698 6560
6271 4033
9830 9155
3919 4414
8078 7215
9195 6870
104 8751
4157 8859
6553 7945
8151 2017
2050 9301
1379 7398
7801 5402
1011 3198
7031 3951
8673 8669
3588 3476
2739 6418
1120 6224
3855 1185
5939 5836
4088 2087
2259 2891
3861 1507
7282 9524
309 8932
601 828
1400 2451
2977 9214
6029 6213
4975 9076
174 7081
8730 7128
4024 3100
8764 2156
9475 6693
7299 1463
3588 8207
5519 995
6112 7121
6867 4830
1256 2965
5335 5793
1333 815
5403 6355
7269 8836
8145 4497
5090 1069
1236 9701
9264 2348
38 7000
5957 7593
4419 3175
1318 8543
7753 3481
9902 5160
2863 1596
3506 2958
704 3753
2478 7574
3080 3423
2849 3860
7369 4391
3084 9901
9042 1967
6927 7852
5810 4657
5273 376
6282 6123
2415 8680
6102 6101
4057 4011
2148 347
2600 3937
1667 2458
7275 9968
1444 1214
8489 5148
3098 4150
4001 3313
8710 564
9319 2504
7303 8352
6841 2327
3288 7416
31 3180
9176 9490
9660 2618
4534 8090
8502 4499
4982 1735
7020 2450
1601 3369
594 2596
6584 8784
7173 4617
9238 7687
410 1677
1319 1436
3505 6762
7868 9481
4543 4801
6621 5692
9297 5448
9722 5841
5857 7029
2612 5841
4423 5937
7795 3330
2502 6110
9126 1937
2614 3724
1472 1350
8206 9721
4343 2119
103 1935
952 5277
2509 9036
3641 675
2654 390
4380 167
2886 410
1535 4638
6776 9731
3651 4033
7158 239
8472 455
6646 522
1022 2183
7206 9063
7576 6697
6116 6893
8188 1414
7946 9824
4938 7217
8492 5247
4975 6633
2047 2541
1806 1395
9064 6407
682 4091
7405 5554
3416 8889
3851 8252
3001 6420
6785 2366
2755 2477
1896 7041
8417 6519
7484 2046
365 8451
4163 5194
35 5687
1025 4646
1169 6401
2052 7277
4470 4839
7559 6726
5616 8088
41 52
4241 6432
9270 4440
1232 6225
4955 966
3727 167
2693 8048
6175 8203
5060 8056
2063 8811
7945 6830
6436 2423
8566 9552
9631 692
7725 2785
3870 9231
2761 292
29 3776
6149 6808
3994 3462
7333 4090
8362 6123
9044 9567
1614 6331
5174 3100
3471 3134
5918 4357
5298 5464
7764 7382
7180 74
1439 9778
7116 3057
4859 7375
2418 5397
7457 3985
2502 4135
10000 5525
1747 9453
9294 7813
2397 7742
3385 1107
2040 6438
2622 5254
5200 1348
6849 9260
609 6395
7401 2846
1811 6575
8729 6620
3212 190
6547 7425
4042 1120
1797 1433
2377 1792
5014 5346
2513 1601
8777 3375
480 5970
4325 416
5163 5522
2803 389
8984 1176
3865 8534
983 8315
9971 4078
6603 4968
2335 9505
5969 3009
3333 3570
7542 9607
5634 6375
6439 9678
4044 3986
7697 275
3794 7301
6920 5721
7753 836
9152 2826
7163 6003
617 1680
7840 4405
5286 3624
979 1040
577 1428
7409 6510
5486 484
2470 7182
3636 7178
6962 6821
3324 2143
9953 3853
9601 8908
4196 8212
247 744
5159 65
7835 2149
5171 3252
5294 5794
3242 2623
4679 1241
5793 8875
9031 6469
167 9103
5167 2266
9358 7203
6881 739
6531 4323
2744 6972
1783 6232
3883 2460
8711 677
5249 4751
8394 3118
4101 998
2786 6096
9188 8822
9429 7863
9174 3493
3536 9936
2683 8863
8880 4384
9991 1415
1525 8121
9610 8471
7886 3304
6504 9353
9840 913
4684 4560
8142 2839
2519 7319
3680 1578
2347 7861
9921 3672
4442 3543
2470 674
5764 5043
2418 9951
1529 5801
1488 7872
2408 761
9381 8481
7038 7586
3405 4912
7308 6068
7856 5314
2105 230
6152 886
112 1586
9456 3081
5518 6746
9188 7445
2278 5571
7198 7332
3949 3109
2020 4683
830 3064
95 2786
1539 218
3008 3353
1142 999
7644 5211
4383 4541
3445 5649
2941 6427
492 8920
3973 1973
9137 59
6184 2058
69 436
2445 1963
6695 865
6208 3861
282 5753
8843 2381
9329 1251
152 6484
2893 6426
9452 7568
7241 6286
5276 2063
1543 9356
3736 3237
5729 4064
996 3917
5696 1988
3516 5876
1820 4886
3223 2414
5181 8321
7034 1698
76 8847
1853 6450
1786 953
5369 7452
1683 1494
7447 382
1044 2360
2386 7318
1798 3702
7856 2741
1913 7496
1430 408
6563 3475
773 8363
6621 5967
9955 6471
2756 5409
9899 1136
4415 4114
813 3011
2311 1780
5311 4633
3746 2886
7843 3171
8207 3088
9542 8615
635 3040
9706 1191
912 5118
7667 6330
1667 6584
450 5225
2658 7373
9897 1566
215 2237
8243 5051
4041 5851
5466 8422
9061 6825
234 7693
1453 3488
8915 4514
1030 9448
558 4064
1017 8501
9125 8164
4906 4991
1752 1624
4434 8754
4999 1112
6706 7038
8347 5917
4190 9228
4332 9055
1848 8141
9647 9791
4101 7666
7141 8945
1701 7273
784 1686
9743 5646
4165 5311
2222 8317
1035 9141
8721 7091
9767 1698
2073 4522
6788 2089
3526 1702
8338 2484
4737 7159
9034 7527
171 5302
1423 2489
2927 7543
5581 5281
754 6171
5204 6468
5194 4704
4530 9734
2948 6755
2484 9424
7983 5857
200 5361
613 6877
9975 227
2491 8454
3517 6415
3387 8636
921 8783
5161 7373
3411 1579
3943 952
9344 5330
6373 1158
1942 7385
1544 9856
2475 8474
6512 6982
2037 551
6280 6644
8567 7304
4832 7928
8464 6920
7339 6601
1365 1488
2965 9438
1210 2749
3194 3142
6389 3219
9583 5896
7618 4781
1215 4836
8204 3225
14 6774
6342 2307
8410 8961
5191 1714
8125 4088
8112 582
6827 8176
846 4463
3007 6432
6533 3892
2344 3389
6186 5082
7146 6859
5230 5006
7333 5880
7927 7625
9190 2770
6524 1627
1610 5110
1369 2315
1505 9850
9490 1745
2511 2202
5151 6901
2358 5057
1031 8513
519 538
9623 4859
3170 1371
4197 8535
6459 9427
3149 6060
1685 7264
2140 4737
7342 4916
3403 3024
8490 6084
4113 2668
1891 6499
8921 5728
189 8685
2087 1105
3226 9507
702 5425
7297 787
1587 9377
4088 8749
2495 8292
5047 3563
783 6301
8351 7455
9652 4547
3213 9521
1008 5740
9907 2448
7905 865
7739 5183
1303 2740
4480 6261
4562 7425
4267 3405
6377 4641
9332 8204
5285 4333
9060 8872
2512 8382
2228 8537
2930 3698
5650 8591
3185 9922
3675 5049
1303 2778
5642 3693
3345 7164
2558 9721
1615 2383
1618 6548
2367 4862
4880 4792
110 6320
4016 3358
9417 2353
9751 8426
5615 8750
5389 5769
4388 8296
1522 5194
1712 2863
4830 6116
9583 2018
6684 4448
1251 9304
2338 9779
5178 2019
6831 2323
5621 372
2325 9461
9910 5910
4306 451
2703 4615
8031 7258
5509 2629
2293 7657
7570 4852
1652 7519
1787 2763
5927 4904
9616 3282
9487 414
6711 2656
8567 1875
9998 32
2178 3907
5541 5675
8994 6133
9835 2870
605 4429
5565 5006
8077 1399
4424 6632
3851 306
6288 4643
3552 2477
9234 1192
2365 4019
8590 5898
4848 6484
7626 9978
9932 2377
8331 5934
6372 8863
2686 9606
4470 8096
3291 5140
7766 8763
2689 1327
5041 6839
181 7373
6706 9969
8711 8629
9532 8036
5412 3948
500 9820
8502 8830
8084 3507
2079 3768
4254 4045
1313 8242
3890 5698
4881 7780
102 3645
3246 6970
4125 9943
4809 8271
3780 2804
4508 6342
3625 5553
1984 2619
5147 5475
8013 6762
3160 496
752 5451
9961 68
9680 7229
4009 3645
5229 7822
6951 3637
8215 690
8013 1673
4328 1301
3598 5519
2886 6140
9842 8051
8084 4892
2748 1001
7498 7551
922 6324
4573 9597
5151 5161
6393 9609
8713 5557
4883 5517
248 704
1717 1318
9242 9957
4150 4458
3757 4719
3902 8795
167 6728
6615 2658
6118 6505
1461 9270
565 2550
1560 9467
8357 7960
8571 5196
215 2893
7281 9079
5951 8670
9728 699
4300 7640
8023 4056
9263 1539
6859 3583
550 979
8515 6075
5177 6923
8205 1318
1351 8669
317 1186
7263 2065
9972 4546
6474 1303
3229 7247
467 7736
7775 5146
3728 5369
4643 9497
2412 5432
2328 6232
6072 2484
454 1136
3261 1105
8500 8952
9903 9109
3494 8812
7256 4730
4802 6854
6988 2190
1441 5986
942 1172
356 2130
8360 8681
9914 7178
3000 1727
904 3053
7292 3674
4248 5216
1334 9748
2332 3667
5807 6153
319 606
5481 931
6350 4720
5711 9454
8202 6652
5382 8982
7862 7885
2081 8786
563 8996
9657 9428
71 1733
5272 8168
9408 2344
4905 3375
3883 9291
209 9488
5351 3731
669 2132
7130 7567
1136 292
9444 9156
1977 6903
7721 1016
1945 6962
662 7613
7080 3859
1405 4306
5403 2133
1598 8388
8550 6158
7729 4962
8481 9384
9658 8507
5809 6919
1034 639
1365 4290
1928 8096
7044 3138
