548
7632 135
6211 2063
3849 286
6910 5240
6032 1537
9617 7089
7060 1782
9907 9138
3721 1320
4640 7272
4813 2366
4646 1513
4407 7460
9402 7420
4478 3220
4212 2173
1111 7734
7421 1007
6642 4209
7285 7696
5659 948
3000 6017
8850 416
5643 9819
1200 3443
5243 8812
7785 5432
7677 888
9423 6277
4852 2898
6176 6887
5396 6023
3152 3916
5801 5991
932 9998
5180 6670
6072 1705
4695 9805
4468 7946
4063 3164
7094 2176
2121 4611
4189 4379
9487 5862
778 7641
9736 3401
5446 4001
7004 1036
4467 768
5764 7488
5862 2439
5827 5188
8624 553
1331 425
3343 7463
7089 1165
5079 7886
7410 5596
4263 2292
353 7871
7148 8417
6253 6249
1668 9217
9969 2450
6896 1178
7762 6792
1825 5635
8427 8564
8939 1980
1347 7829
8566 3150
2398 9757
3572 5635
3640 7693
9917 7227
8979 6672
5815 784
3176 1267
2011 8893
4920 5233
1763 7309
9542 5114
8070 1989
8334 8389
397 2058
5820 4059
5160 2988
1428 2565
6007 5681
8052 9016
6705 7374
2291 5591
4466 8471
6042 6177
9927 1085
5250 8083
1351 3478
6024 2709
4486 9472
2614 8708
4709 7519
9316 8826
8549 6262
9398 1924
4745 2230
4970 3040
7606 2870
7248 3903
1088 289
8984 9633
7896 8714
6290 8709
4163 8705
1656 1923
9596 9897
3517 8515
4871 3140
9586 9769
3224 8793
3626 300
319 4468
9373 2020
2166 4012
2063 9057
6523 6924
5391 3651
3235 6611
4473 325
1153 1891
149 1832
8098 8678
8670 5292
5881 9155
5023 4142
8648 8856
614 2614
8460 3388
9901 5769
7489 232
8880 3194
6751 809
2897 6114
9804 9312
5279 4087
3375 8715
9016 5340
615 5384
7253 4230
911 9717
1925 8481
3201 8306
8322 3387
9579 4440
7480 2580
5634 1448
1067 861
424 6531
8997 2963
9315 6096
3959 3692
7483 9531
1758 5906
1528 2894
9320 3112
6487 434
8927 1734
35 1685
3537 4761
9365 2143
4468 9826
5058 4903
4997 8602
7712 5594
1413 4688
3632 6379
5853 9040
9095 7590
541 5587
3761 1597
3438 2254
5769 7375
6256 3597
4843 5898
1657 2513
4655 7255
3647 5217
288 2656
7062 1619
8832 8431
2467 25
5903 9387
7466 4896
5137 1898
4682 5883
5656 2693
825 7079
1601 6584
1753 3059
8921 1993
6837 9305
8141 1566
5465 3014
5437 7899
8716 649
1408 8707
9393 4473
1394 8830
9157 9306
9913 6139
885 3831
329 8429
758 24
8902 566
2776 4609
7551 8823
8442 9804
8260 5847
9761 5997
1693 8956
8471 3704
2225 9097
1438 5299
4431 761
6138 3894
5571 5932
6224 6239
5395 9688
6041 7408
4280 1680
1116 3512
7168 9281
2270 6825
9623 6176
9565 9878
7167 5800
1016 6869
6243 7223
9063 4600
58 9338
7549 4164
359 5517
8764 2968
5984 8302
7636 2371
3843 5555
5641 9048
5252 2707
5950 4213
3700 6445
4873 1452
107 6286
1599 5658
2393 5275
3797 7410
1985 5359
9010 4268
8052 546
1888 4826
3229 6842
3482 6488
3461 7623
730 3065
834 6894
7535 7342
2619 6084
4838 7762
8119 3993
2566 4656
5094 7692
1569 8932
3137 7152
9943 9104
1484 8538
3970 148
5950 4627
7711 6014
6216 2349
771 8636
8385 7155
6695 7968
2836 5645
1619 5426
531 606
6742 2319
6299 5662
1850 7984
1244 7851
2263 949
8648 6795
4122 9390
5401 3086
3147 6786
6522 7877
1443 1674
2536 4722
2610 1697
9106 2484
4181 6036
5625 6425
8268 9364
3968 4111
9209 5500
701 2535
287 9773
7277 5769
9706 9198
5951 6349
7223 5670
3381 2583
2636 5189
9638 1636
4320 8792
8575 5001
7771 6870
949 3857
7737 979
4714 4265
5215 5798
9389 3976
7982 4343
146 3012
3785 3307
380 9937
922 1708
5950 8848
5156 7939
2116 3243
1402 3075
1536 1312
2864 6692
9124 6643
1537 6290
8321 8494
5002 320
8730 3898
6354 5266
6628 2660
1787 6987
4336 4556
2133 8504
5830 5508
7215 6862
4263 9780
36 2107
7590 4711
1328 6139
868 5982
4482 3665
5755 4600
2300 5507
4235 1953
1443 1374
4713 7677
7279 4676
1380 5742
3626 7348
60 4548
2275 8556
9570 4457
3977 9507
5137 67
4504 5052
530 8866
1131 2689
9428 3353
4601 3168
6782 4508
4347 7728
876 6493
3867 9784
8290 3425
6712 2634
3232 3765
7590 1793
3093 3278
6597 8445
2083 8146
3332 5728
5955 2891
4509 8766
1371 746
3765 2393
828 3080
1912 9651
5735 6939
3594 5211
1844 5298
8477 5844
3354 3870
7763 8194
4116 7996
4429 7865
6855 662
3064 4504
1274 8967
8603 3735
3248 5059
3551 4695
9792 7430
8610 9836
6093 8295
7921 8668
6727 1695
2052 9187
9342 7389
1047 3162
7941 1907
240 3870
6453 2429
6674 3296
4623 4122
1912 1995
7857 2009
5013 3922
9080 7020
2658 1710
8881 5454
6314 8947
9150 829
4787 2841
5189 2146
2808 1238
5 7543
2104 1004
7689 9578
1138 6771
8719 2494
8860 3059
9123 3327
6751 7743
2095 8239
8200 1674
8710 9099
3484 8568
3205 4532
3467 2544
6546 7545
7309 6287
6335 4010
6895 6160
8283 9822
9708 2576
5575 2093
1177 2217
4277 1431
4756 8762
7157 63
4891 966
9669 1040
6607 6082
9082 1095
2972 4550
4852 323
652 1627
8478 301
8150 5204
5482 9368
5053 445
3446 5275
8203 7069
1663 3004
5371 2918
2336 8141
9818 8403
8177 5304
4929 4034
3975 7049
1487 8018
3779 9427
1128 8794
4313 2916
3229 6271
6768 5312
6264 3210
6508 4557
8499 9661
833 5242
2811 6950
4458 7184
9722 8979
9899 8602
2223 1294
2876 9404
1681 5157
8503 1623
9175 9094
3469 1307
846 7614
2538 5702
8300 6051
2388 2791
1599 8264
2553 384
8079 1824
8584 7029
6403 900
2790 4591
1877 8972
5448 3256
650 900
8714 4282
1216 280
2518 35
7066 5180
4717 5655
5080 6762
336 6392
1080 2760
1568 8127
1891 9369
7536 7750
2743 5202
5827 6952
1750 7634
3435 8415
9730 7341
747 2491
6927 1144
3018 6524
1908 5221
9353 5801
9296 2155
3167 6282
7892 4000
770 4819
5366 2726
2177 9632
7028 5148
7037 9191
8145 7526
7956 9441
7414 9810
7619 5129
6121 1819
4601 848
7484 910
7588 9793
1204 3995
3636 7286
6596 2285
8101 5322
4549 5836
7627 9973
8020 4288
1033 2638
1018 3288
1284 3502
608 4813
