885
8831 2360
1673 7348
6222 7930
2343 7368
1524 3475
591 1280
4206 449
6407 1342
3330 6589
4829 9106
6169 310
2160 785
8049 3670
2865 2090
3837 8381
3552 6142
1109 4555
3785 5215
1521 2192
7187 5182
9000 6229
9744 1097
6266 5526
3578 6295
9794 2733
2714 9780
6647 3990
3183 7522
1577 435
1222 195
5367 7979
8632 4737
6840 8578
9127 2434
7562 298
8038 5332
9497 4109
6755 2622
2532 9500
2075 8687
4050 3489
8718 6996
608 2213
9680 1000
8912 2886
3454 7604
3004 8559
6500 695
3143 2255
6631 5637
8874 1544
4913 8344
7861 9635
9001 6126
9459 4068
1242 6608
8401 4335
9729 9527
1633 3697
7397 9420
5580 8684
4034 6530
4848 5956
3643 8452
2305 6060
518 9405
4548 6865
2403 6496
7131 7691
8055 2573
6231 4649
7802 2988
4020 7289
6169 8839
5693 6580
7326 7414
8401 6466
6573 8455
6514 9231
5672 8716
9532 315
6465 3439
2643 9315
2942 2097
1485 1495
9448 1705
415 1132
40 5080
6380 5657
8789 8338
6803 3357
9742 3241
8750 6130
8828 1259
9553 8496
5833 5616
6182 9404
2036 9172
3725 8111
3633 4580
3880 1335
6752 6148
4105 4853
782 2370
4355 5711
2054 7830
891 6063
2444 9538
9824 6979
5079 3978
6918 1708
1599 8143
7973 2872
6742 9920
2907 9624
452 2791
2759 2839
4223 6782
4415 1814
1120 260
5510 7121
5381 6686
8356 4023
4321 4747
1670 1176
4763 6898
4985 8058
7461 4715
2606 94
853 3247
1980 2515
4589 8423
297 471
7407 8664
345 3270
416 2440
6918 5055
1672 8210
686 5045
3070 2478
4446 187
9610 7655
5429 8108
772 9783
2035 6535
6506 9581
1635 1069
9670 8690
8305 3670
4968 8395
5764 1837
3584 4690
4895 2173
6759 4749
4815 5608
411 6650
960 772
6098 8196
3666 210
3407 5613
5655 3627
7392 2714
545 7136
2163 1555
1237 3867
8078 5168
541 5637
7764 6645
930 9788
1257 9273
7445 8058
1737 7543
6079 1198
3990 7241
6328 1846
6302 7287
5726 9817
144 8294
1118 29
881 3165
9290 7590
6058 274
8368 5111
1257 8025
4045 9687
1240 4740
6294 169
2910 1961
1542 8885
2596 2262
9564 5459
1447 7500
1937 4596
7127 3321
9955 4614
5631 3829
8666 9891
9168 3440
3614 421
8294 1484
5489 8704
3758 2781
1641 9894
2456 7778
6386 6394
1343 4305
6442 1157
4945 7431
8172 8651
6327 4944
8192 271
9436 1494
7687 7456
5212 735
4783 6805
8601 9328
248 8537
7898 9812
8725 3357
6798 9793
4671 6272
1218 5030
7644 6737
240 1959
2195 3498
5791 5625
1084 2943
8164 7221
6239 1529
7848 7940
1440 9433
4956 1586
8178 657
4556 2776
5814 8037
8241 4389
3740 1217
101 9972
7515 4425
2008 6663
1483 9482
1983 1012
349 7144
6259 9818
733 4757
2565 9337
4302 5050
5288 3617
6503 7318
7763 1860
5590 7376
7584 9605
8760 1779
749 5984
3984 9648
6166 2527
4458 8426
3832 7920
1101 9793
2509 125
7651 8888
2405 2388
645 1494
23 5330
2339 6673
7126 2483
770 1584
7097 3827
1738 2155
754 4801
3300 8263
7568 6766
4986 7121
5058 4356
911 811
7217 5719
1732 4559
2039 9656
139 4316
3584 7933
6677 3866
8053 5630
6128 5326
8693 9433
5196 5974
8516 7975
4954 2031
4492 641
4049 8154
9242 6092
6356 3467
6646 3209
3436 6307
2044 334
3519 332
2610 6588
4593 5221
9483 8682
5203 7242
3308 166
7277 7838
4928 93
406 4677
2505 8054
935 3167
6944 3326
1238 3143
656 5789
726 405
5101 3897
9825 6456
9810 7122
6950 3387
8381 2476
9389 2473
3479 1755
8520 5465
6847 3323
5089 1445
6402 6149
783 6725
9840 6404
6912 4968
8124 9095
9142 2377
2408 103
5254 6153
3439 407
67 2189
4957 1583
7419 8530
446 8954
2003 1141
3887 7355
1642 2508
1339 8884
7325 858
4805 5029
6403 6971
5611 9609
8871 8730
1722 5978
9721 1410
7598 8157
8496 454
4421 1446
9974 8091
1864 8413
2091 5863
4645 1663
8979 1831
4861 4653
3485 7599
44 7511
27 4685
3307 6779
7909 9342
5094 2478
5094 8707
6505 4071
248 5612
6953 1313
4859 7367
191 8872
3332 8061
8672 2721
6061 36
5474 658
4085 4355
6172 811
4114 1150
8965 9708
6698 3187
92 9082
6423 9203
5087 6060
7743 4953
5521 1539
7521 7588
1316 4094
1739 5026
7364 730
8195 2915
3956 8975
3166 7995
1949 1711
88 6233
9311 6658
3712 5792
4975 2650
2678 5274
1439 1583
2902 5727
9869 6357
4355 3750
7294 4045
7464 1602
2667 8913
228 6249
4188 5436
2895 8198
6351 1775
9948 8626
8678 2339
438 5277
2703 2959
1934 3989
4710 9880
4814 630
5978 6459
8251 7548
9125 7782
5391 3728
1584 5379
6039 4067
2790 9546
3699 3735
3413 9749
6157 5641
6939 5709
8987 9677
952 4449
6986 2578
2686 5065
505 9301
6049 8749
2019 675
370 8667
3896 8395
6681 9547
6882 7010
8961 5521
8946 8937
5694 5789
4626 4874
8177 9008
2477 5614
1106 7702
2138 1378
9424 9279
858 8032
8503 8240
7024 7835
6439 810
3002 2700
6117 1774
4263 8901
2080 6115
5136 2512
6045 5189
2291 5250
7560 8776
5842 2104
1070 7548
8837 4798
2275 2867
5723 4283
9433 9851
1729 9622
2598 2433
2451 4132
9673 8790
1173 1860
706 3494
2242 6725
1185 5109
1219 5629
4167 5485
1581 1419
3108 6009
9621 1135
4231 7380
8857 4268
6998 9537
6422 3732
4301 4987
7954 2453
4300 1164
4832 5545
4730 2639
8363 7943
6019 2657
5703 7243
2502 5600
6772 7644
9099 3965
3930 8139
1473 9594
457 661
5102 7996
8544 1709
122 9930
8023 8898
7751 7514
3747 2046
6345 4415
5830 9893
5183 3905
8387 1064
2184 3391
6861 5153
2549 1962
7015 3139
4481 6197
4066 5613
7231 2476
4409 7346
8295 4231
7291 6317
4148 2910
5836 4070
6528 4743
4184 5572
8735 6095
251 319
1809 5415
5323 8119
5526 4051
8705 4713
6247 2826
1666 5162
1929 3419
6844 2197
6676 545
7006 857
5975 194
4979 871
6423 1191
3080 7619
5595 4641
7952 5533
3436 3850
291 8445
8809 8211
9888 292
2172 3768
4011 5640
4216 9632
5794 4717
5912 9905
4699 4467
6522 3558
3077 1332
7073 9507
9531 1695
4319 2417
3867 1941
1247 8873
8906 4661
3447 8468
7992 827
9782 8644
4562 2639
9235 8275
3666 3977
7181 8444
606 1869
8751 2238
9408 7136
7837 9374
3236 5274
5243 7545
7015 1608
7113 4176
5394 6233
8745 6548
3289 8045
7859 2068
6680 2184
2452 9182
4091 2210
8311 6297
6289 2046
2685 8731
7221 4315
8362 1740
4076 3376
2795 449
4948 8312
8228 9996
8511 1847
6718 1207
2539 7454
5490 3943
2376 1415
7637 9481
9165 6390
5805 842
5493 9658
240 9695
2394 2115
747 4623
8254 9732
9298 9147
3596 6673
9128 7071
4380 3662
7905 3934
7493 3643
7667 3229
4829 9281
9733 237
8913 6984
6267 7535
2099 8094
8003 4920
1464 8876
4172 1808
821 7572
6319 5935
8326 4261
1638 4035
2810 3367
3286 6894
9413 5669
2048 4779
2932 8279
7217 7198
725 3273
2535 3101
2058 9401
2541 7168
1503 7024
2208 143
9430 5762
1114 7346
420 8871
1210 6561
4381 5546
9978 3161
2649 5884
1939 8778
6155 5259
16 2541
6632 7516
7164 3803
2856 6709
5686 1599
5994 2080
1160 5265
2174 1283
9870 2451
1081 4951
8244 8483
9902 238
697 2261
9249 6175
1782 6784
4734 2162
3764 4731
2918 6204
9328 6328
8416 6370
9940 6501
7462 6410
6314 8314
1695 3744
2234 4077
3865 4082
8095 3879
4780 580
1399 1515
9588 5023
1087 9588
7349 9668
5938 7980
6799 2080
1978 8702
4595 4812
6014 5021
8555 9871
4791 5488
5999 3059
3292 2698
554 4339
972 800
117 6634
2476 4435
4745 8648
8076 5521
3343 6776
8273 7189
9144 4100
6040 8803
9698 8757
6356 6623
6563 8990
8522 2484
8646 2483
8655 4446
2338 8798
505 1454
5320 8095
3247 9746
3350 5373
1387 4520
8435 2326
8219 9632
8575 4723
8207 7500
5560 8622
8404 1288
6428 5039
1373 1507
5216 6713
9954 6814
1491 3937
7326 2055
5511 6516
6344 1688
7773 2539
2937 3141
7002 7277
4848 9566
756 2272
9644 1932
6696 3186
7824 310
1378 9298
2 4528
279 151
9922 1390
1654 6165
9522 5523
2366 6077
914 5786
5138 8039
6960 124
4418 6098
5776 3631
9455 540
4362 4305
1372 3008
3762 4205
5810 3970
1403 9684
732 1192
4403 7957
3526 6953
6709 638
7063 1778
5308 9654
1351 392
1973 6406
9987 1686
9108 7618
955 2672
702 4435
5270 6626
7610 3139
5773 4846
8379 920
6504 3756
4861 2284
9661 9812
9453 101
7290 4943
5051 2781
4969 2216
9368 3609
5205 4227
5684 74
7645 811
2011 8009
7753 1394
5993 9992
5403 7178
4563 378
7024 2566
5365 5816
5625 6497
3781 4270
757 8159
4295 1989
1912 3705
5027 2214
6456 9166
1962 6105
4534 2428
1667 1920
3094 2905
5622 700
6203 9492
3438 2299
9554 2171
2449 7186
7441 5542
3273 2237
4329 2322
4328 1599
2169 4521
729 4574
2707 1944
7173 5019
2414 7776
292 597
1145 4082
3831 1611
118 1380
4260 1612
1495 5208
9165 2220
9976 546
4328 262
3267 3509
1468 3410
2319 1680
3426 2920
317 8257
4238 9683
8389 2665
1857 8733
304 1988
682 6670
92 1433
6445 8033
2624 2288
6421 3134
4415 3893
6129 4371
5359 7308
8931 4380
3531 142
7334 3398
7702 8880
1325 5703
7747 9204
3236 2577
3564 6436
7171 7641
279 7686
427 6269
7869 9871
8505 6556
1588 8665
1410 2929
6111 7109
8139 5885
5413 6160
9881 7922
826 2736
916 9729
5057 910
259 8439
762 438
676 4459
6970 8079
1636 4719
6189 623
1896 5064
5217 8024
4327 1695
9867 8305
3438 3902
5452 1038
9272 6264
2968 2612
8845 454
2097 8423
5072 4482
8162 45
4957 2550
8989 141
7296 9933
4552 7962
3779 4853
6772 4532
5748 1493
7395 9777
2153 9543
1165 6181
9314 7390
5913 8479
9753 6991
5472 8079
9597 9088
3541 5250
6604 3050
9490 5717
7974 1251
7530 7085
196 1506
9063 7437
8020 9774
985 3545
