213
8076 2497
5228 1938
1548 5590
2893 453
3915 777
7032 5399
5281 4733
8310 2213
8769 7043
4079 7429
1007 7612
7732 2580
9867 3176
3331 8163
2419 676
7479 5305
7905 4334
4582 3743
6401 1113
8174 6981
7871 7934
6201 458
3080 1620
882 2529
1189 9160
6088 6724
8360 1479
7982 4656
910 4041
867 2051
1559 9841
2689 623
837 4090
2175 8292
4566 5607
5375 162
4734 2033
284 3
4078 3985
4151 5368
7136 381
354 5163
4002 8375
2490 643
4824 2646
9043 680
5929 1528
3330 4732
2108 1797
1841 384
3367 2937
4082 6749
9838 8067
6914 135
2967 9754
8017 9777
5532 5860
9978 2671
7371 3405
8318 504
9199 2007
1117 9994
4677 4382
1447 2836
2238 1043
9947 6594
4526 1911
4949 6807
8523 8272
4036 4593
6225 7941
1363 951
1968 1299
1320 1045
9770 7254
7207 6065
34 9041
1179 6973
8312 6573
6175 704
8492 1433
6178 3006
2845 902
7019 4650
7802 9835
979 769
4349 4787
8474 4104
2241 6416
4972 9802
9349 9323
7981 4129
3576 3715
8656 297
1437 5526
1864 6781
5039 2528
7525 7712
3265 4295
5787 9039
241 6191
8168 7854
4952 8798
6950 3663
1764 592
3184 5704
8025 7415
9293 5144
7886 187
730 3450
2639 6966
1250 9706
9635 3226
532 5304
7348 2389
1340 2318
5816 9269
9113 5406
5142 155
3384 7052
750 6298
2348 8122
1990 6082
4114 8990
8077 1488
1016 5415
6437 943
9125 5317
1336 6557
9057 3166
3120 4054
6710 3286
1638 2727
6280 9612
1629 3211
619 5454
1313 2635
9137 3195
5575 4719
8930 6058
5363 6751
9840 8680
895 4999
8743 6225
314 8395
8038 8445
9448 9445
5403 9228
679 9947
7991 1088
5897 5342
9278 7579
2337 9212
6419 801
1642 158
9126 7168
3456 2395
4345 8550
6251 1720
5036 8211
3573 9579
876 1128
1514 9475
2012 7841
115 3500
5109 9298
514 3762
3726 2371
4575 6885
6813 5628
9531 2214
731 5912
7808 6053
734 7110
5874 4240
7721 3057
200 4574
5211 1385
7611 4904
8939 9077
1185 9368
9167 9502
601 2633
8374 4406
3927 6938
6489 6664
9852 9157
7854 6306
8018 635
555 5113
4663 8392
4739 1240
4564 266
9539 5830
8043 6904
7786 6692
3044 1161
6076 7113
2356 1692
8817 5893
2910 208
3818 7904
939 6925
8441 9833
6967 9630
8208 7170
9572 824
3602 1600
9240 3985
5033 5981
2252 5020
6990 1888
9580 9257
