912
2625 1
9960 3
7669 4
1412 5
371 5
9785 6
3526 6
5832 7
4792 9
4689 11
5374 11
1517 13
4039 14
8892 17
9852 17
5778 18
4651 18
4979 20
7347 20
2567 21
109 21
1323 23
2609 24
1859 25
8191 26
2467 26
4132 29
850 29
1847 29
581 30
4879 32
5289 33
3539 33
4594 34
7335 34
5748 38
1298 41
1753 44
1539 45
5692 46
7594 47
4337 47
5791 48
2105 48
605 48
3394 50
1316 50
1868 50
5523 50
5638 51
7623 53
1212 54
4005 54
659 55
5058 57
263 57
9522 58
6595 58
4244 59
7056 59
2648 59
2593 61
4939 61
2835 62
6935 62
1992 62
2207 63
1045 63
3616 64
1351 65
9686 68
4584 69
1453 69
8720 70
8111 72
3349 72
728 73
4093 74
8080 74
2642 74
2258 75
2118 79
7257 80
1121 81
4338 81
1561 82
5767 84
9553 84
1919 84
250 85
1099 85
8761 85
617 86
5336 86
3418 86
45 88
9142 88
7310 88
5379 88
7839 90
5833 95
6190 95
1171 96
5234 97
6493 97
845 98
2056 99
5133 100
4105 100
1729 102
4933 102
4167 102
306 105
9872 105
1269 108
3972 111
4051 111
8675 112
1976 114
8085 114
117 114
4490 116
3670 117
9234 119
2454 121
8725 121
7091 123
8416 126
8993 128
8378 130
5542 131
4152 133
1645 133
5289 135
7645 136
2772 137
5791 139
1481 139
5631 139
9580 141
346 141
8804 143
3315 143
9690 145
2988 145
6914 147
5951 149
8338 150
3391 150
9742 150
1496 150
5940 152
7007 153
885 154
1388 155
6188 156
4196 157
7722 158
1716 159
6179 161
2517 161
2300 162
1001 164
1332 164
2110 168
3588 169
4525 170
1937 171
4749 171
9107 171
3306 172
8708 175
6299 176
9296 177
8963 180
2763 180
6839 181
5084 183
1923 185
5098 186
804 188
4014 188
6913 188
7740 189
2278 193
9122 194
5861 197
5132 197
6023 197
8977 198
8954 199
9440 200
6042 200
9186 202
499 202
6621 202
8145 204
4068 205
7876 205
2499 206
5849 206
5302 207
2252 208
3261 209
8458 213
953 215
835 218
7471 219
2022 220
7025 221
667 222
6875 222
9543 223
6367 224
144 224
9697 224
9967 226
6192 228
1018 230
1474 230
7511 232
5872 235
13 236
5268 240
1222 241
8397 243
2668 244
2616 245
7475 250
5488 250
3427 251
5292 252
9107 252
4850 253
6975 254
6151 255
9862 257
8882 258
3809 260
1111 267
1548 269
3490 269
3892 269
4682 273
2639 274
6156 274
8128 275
8338 277
3740 280
2313 281
4315 281
5438 281
4478 283
7217 285
7394 287
2718 289
2028 289
8012 289
5620 289
1136 291
5140 292
2625 293
7112 295
8144 297
2092 300
1289 300
9079 302
5614 303
6168 303
9328 303
2337 305
4130 307
710 308
8788 308
3675 309
5006 309
8863 310
9180 312
7142 316
8898 321
2095 321
6897 323
1360 324
7522 324
4703 326
1275 328
2919 329
3230 329
4527 329
503 332
7271 332
9329 333
4408 335
3844 337
8880 338
1026 338
1132 338
5990 338
4533 339
2410 340
9813 340
6281 341
4206 341
1501 342
2293 342
2679 342
4449 342
8378 343
8284 343
3128 344
175 344
1494 345
5440 345
4865 345
7783 346
3519 346
3650 347
3531 347
7654 348
7400 348
5459 349
4607 350
8629 350
229 351
4770 352
4460 353
5936 354
3813 354
9695 354
8405 358
2954 359
8736 359
8834 360
6648 361
2769 362
8613 362
1143 362
5229 362
2564 363
6159 363
8983 366
7711 367
6666 370
335 371
6282 371
8748 372
3637 373
2035 375
1491 375
9904 376
7755 376
8692 377
6233 378
4554 379
7808 380
4866 380
1389 380
4289 382
9951 382
1996 382
2979 383
3130 384
9338 384
6892 385
1090 387
8442 387
5888 388
6971 388
1939 388
7210 390
7673 392
3830 393
7938 394
7729 395
1701 396
6295 397
9586 397
8750 397
1355 398
4319 399
9871 400
2539 400
3779 402
4198 403
7117 404
4389 405
1456 406
7693 407
5230 407
1896 410
2897 411
1038 411
8072 414
2731 417
8778 421
6193 421
3358 422
4215 422
6236 423
7481 425
9629 425
8754 426
706 433
8683 434
3831 435
3921 436
8423 437
6437 437
2062 438
8402 440
6482 440
3658 440
4033 441
1756 443
8015 444
4785 444
9028 445
1433 447
5258 447
5628 449
9185 450
1132 452
4308 455
3477 455
1042 455
5569 455
6332 456
3299 457
2923 458
736 459
2754 461
7122 462
304 463
9861 464
6181 464
1758 466
9943 468
9763 469
2609 469
3436 469
7364 470
6363 472
8074 472
7419 472
6427 473
1794 473
3700 474
1054 478
2465 480
7961 482
9196 486
1164 487
88 489
5662 494
1275 495
360 496
1704 496
8562 497
9864 497
6628 499
6048 501
3462 501
8083 505
4383 510
9779 511
5517 514
5308 515
9287 518
9516 518
243 520
6231 520
2153 521
4436 522
4332 522
3610 524
6622 526
9903 528
6264 529
6257 529
2136 531
8474 531
8538 531
9275 532
8505 532
3773 536
8987 537
722 537
7093 539
5979 539
4271 539
8565 540
4839 540
1280 541
398 541
3347 542
3988 545
3341 546
9612 547
5343 548
6069 548
9873 549
2656 549
8395 551
8438 552
2708 552
2318 552
771 552
9825 553
3948 554
7277 555
9992 555
554 556
4210 556
2934 557
7811 559
6320 559
5690 563
4014 565
3063 565
6221 567
6346 568
8258 568
6960 569
8645 569
2787 571
3738 571
5615 571
7889 572
7893 572
7396 573
9662 578
3445 579
4254 580
9037 582
3050 582
2978 582
2216 583
5903 584
2088 584
5717 585
1031 585
9267 586
9709 586
6400 586
3674 586
3901 587
6343 590
5842 591
8263 593
2405 593
4341 593
7440 595
6850 595
1822 598
7829 598
9211 600
5782 600
6953 601
6206 601
2437 602
4126 602
2534 603
636 604
9185 604
2463 606
7797 608
1143 608
9949 608
764 609
8952 609
7177 610
7282 610
3549 610
1563 613
3701 615
1423 616
7448 617
2956 618
3605 618
3392 620
1754 620
8776 620
9297 624
9794 625
7723 625
9269 626
4936 627
1788 629
8582 630
5985 632
3782 632
2244 635
8163 635
4210 636
3402 637
9843 639
8974 639
7039 640
2438 642
6335 645
6003 647
4299 648
1168 648
6257 648
3748 650
7171 651
138 652
201 652
9755 653
1593 654
5268 655
1928 656
3931 656
8294 657
356 657
1469 659
7095 659
5108 660
8470 662
7845 665
9195 666
5570 666
3071 666
8013 667
8526 667
5999 668
3086 668
462 668
3877 670
2035 670
4790 670
1417 671
7314 673
460 673
8346 674
9111 675
8263 678
9563 678
7596 679
2603 679
3818 680
7583 687
7007 688
3489 689
7915 689
7194 690
7856 691
735 694
5238 695
4148 696
84 697
27 698
2015 699
8714 700
4010 700
9093 701
3854 701
2589 702
5787 703
2855 705
6443 705
1303 707
897 709
72 709
1124 712
5970 712
8984 715
3486 715
3101 717
8965 721
4720 721
474 723
8342 726
85 726
7369 727
4393 730
5498 730
4161 731
3052 731
9567 732
2557 732
5439 732
2783 733
5837 734
73 734
3525 736
5011 741
2899 742
4270 742
3460 743
930 743
5716 743
7267 747
3574 747
2706 750
4837 751
5916 751
7092 751
6918 751
7874 756
6039 756
4622 757
9365 759
5072 762
7019 765
246 767
3748 768
9623 768
8822 770
6217 772
7788 772
8127 773
6493 773
6806 773
7752 774
9851 774
6933 774
3495 775
9943 776
2631 777
124 778
90 778
3362 781
2143 782
375 784
3011 785
9848 785
8180 786
5281 788
6581 788
7414 789
1284 790
1834 790
9803 790
7663 791
3822 792
2597 793
5187 794
9265 798
8987 799
3540 800
3278 802
278 803
3083 806
8446 806
9910 807
9826 810
5658 812
4556 812
900 812
7979 815
5260 818
519 819
9479 820
5029 820
7217 820
4089 820
8279 821
758 822
2418 824
2081 825
3616 826
6710 827
9988 830
5161 831
3819 835
8052 836
1518 836
889 839
5261 840
6855 841
1443 842
795 842
8362 845
3253 846
400 847
8922 848
6524 848
6386 849
2343 849
5045 851
3612 854
9747 854
9518 855
45 856
3159 857
5639 859
6130 859
4481 859
7762 860
2339 861
3869 862
3317 862
2999 862
841 863
6409 863
9892 863
3288 864
666 864
3862 866
9027 868
978 869
8051 869
7503 870
8074 871
1161 871
9639 871
3371 874
7968 875
2735 879
1881 881
6701 883
6070 883
9507 884
1681 886
8423 888
1737 889
5197 890
2738 891
2420 891
6043 891
1538 892
8209 893
9036 894
925 894
5603 895
3428 896
3721 896
4148 897
3954 898
9569 898
7985 898
2905 901
14 901
4817 903
170 904
4947 904
3258 905
1061 908
9154 911
9751 912
4258 912
1748 913
8599 914
4345 915
2413 918
8368 919
4083 921
6819 921
5489 922
6921 922
209 923
4974 927
4428 928
6906 928
7454 931
1211 932
5138 932
369 934
4096 935
9275 942
9926 943
9867 944
7760 945
9575 947
220 949
8882 952
447 955
6923 959
228 960
9913 960
4298 961
5766 961
4209 962
4228 962
7678 962
25 962
3042 964
6298 965
1060 967
7105 968
6010 968
5199 968
2386 968
5856 968
4263 970
4134 971
739 971
2941 974
8121 975
4098 977
4465 977
9118 979
6817 980
6434 981
4769 984
6103 986
2861 987
8591 987
384 988
6181 992
7078 992
1465 993
8794 994
1571 994
6165 994
9987 995
6848 996
9573 997
1180 998
5216 998
9184 999
