655
9204 1
2272 2
6316 3
5309 3
4148 4
1910 6
7787 7
4593 8
5140 9
1037 9
1354 10
5712 17
3539 18
8572 18
8018 19
5921 28
4245 28
8266 30
535 34
1877 35
2515 35
6441 39
2945 40
3046 42
8481 43
6783 44
8244 45
7820 47
4900 47
5105 47
9233 51
5554 53
686 53
6557 55
1097 60
2259 64
8113 65
6804 67
1145 69
2787 71
4581 72
8791 72
7532 74
273 75
8728 75
8001 77
4050 78
4480 78
8986 80
5940 82
5488 86
1467 87
8538 87
6091 90
6270 92
6078 93
4416 94
9657 95
2636 95
7311 96
8835 96
3232 98
3733 98
7563 101
6195 104
5758 104
8971 104
4459 104
3784 104
2777 110
5363 112
8220 113
8840 113
6679 116
8169 120
4837 120
2233 121
1096 121
2629 122
2859 123
9470 125
9089 125
724 128
4028 131
7419 136
5654 137
7693 139
7443 140
7444 141
4528 142
9470 144
4059 144
6400 148
3554 148
7614 150
2554 151
4066 153
8891 155
5971 156
3076 156
7600 161
8383 164
4940 168
8121 168
4255 175
5452 175
1273 176
6932 177
7021 183
3411 183
1036 186
4564 189
2651 190
8109 191
5698 192
1335 193
5113 194
7403 195
1659 198
4004 198
5730 198
3191 200
7660 203
6205 205
7190 205
5882 207
5335 207
5131 213
6872 217
4869 218
8504 222
6904 224
2763 228
9373 228
3931 229
6624 230
943 230
9192 230
5182 233
402 234
8170 235
241 237
5922 238
8537 241
9733 243
3035 243
9876 244
9093 244
8433 244
2036 246
1811 247
3461 249
5682 250
8126 251
2133 254
2156 256
408 257
7548 259
9592 264
9564 264
9607 267
6786 268
299 269
2575 269
9106 270
1844 273
3287 273
8422 274
4306 274
1504 275
2324 276
9471 279
8439 279
5902 279
5729 281
3007 283
6088 283
4163 284
7671 286
2893 288
2257 294
3061 295
105 296
7990 300
5409 300
9880 300
6860 300
9249 306
9994 309
6454 310
6474 311
7595 315
545 316
7306 316
6726 319
3355 320
6537 321
5503 321
5425 329
8769 331
3187 332
9573 334
4410 336
8842 337
1770 338
1387 339
2618 340
9974 342
7211 343
7902 344
9634 345
6293 347
2126 348
4830 349
9897 350
596 351
7258 351
9108 352
2373 352
9132 354
3562 354
9883 354
1492 355
5608 356
3191 356
5790 358
8923 359
3443 359
7501 360
7708 361
7029 362
1930 363
5670 364
9985 364
1278 365
5696 368
6854 369
6424 371
1217 371
6481 373
805 374
2259 376
8200 378
8590 381
6174 385
8046 390
9719 393
8154 394
7493 399
3241 402
7662 404
374 405
9768 406
9196 408
7273 408
539 409
4325 409
345 409
1863 410
3404 410
1008 412
86 414
1628 415
4539 416
8236 416
504 416
7804 417
4211 419
1613 420
2560 421
6448 424
1256 428
901 429
8245 434
4545 436
5740 437
9235 437
6958 437
2100 440
5321 441
6896 441
5634 446
2408 447
8572 447
506 448
3975 448
8906 449
9582 451
3685 453
2110 454
4725 454
7907 456
4229 457
2884 462
7667 462
9487 464
3108 468
7719 468
9608 468
4261 470
6280 470
149 472
1791 472
3127 474
1749 474
3690 475
2736 477
3104 477
9726 477
1063 478
9436 480
4216 482
9598 483
2396 485
1482 485
7225 487
1470 488
1533 488
8443 489
1303 491
7874 491
5813 491
9995 494
7749 496
2349 496
6932 501
3314 503
5783 504
5902 504
2275 506
6510 509
5877 509
3380 510
8028 515
1360 516
3813 517
8521 517
1515 520
7513 522
1293 524
2617 525
5263 525
5021 525
5487 527
2524 533
7858 534
3806 535
6354 538
3424 538
4575 539
2683 542
4272 544
3931 544
8848 545
5362 546
3168 547
1334 551
7534 553
3529 554
2899 554
5259 555
9865 557
906 558
6232 558
3020 560
38 561
466 564
802 566
5353 566
8196 568
9223 571
7475 572
3068 574
6843 575
6639 577
2136 579
7610 580
4095 581
7484 582
3147 585
1563 587
328 587
2660 588
3824 588
5996 590
7080 592
388 594
851 595
1991 599
1180 601
6156 602
9195 602
9494 603
9185 605
8076 606
172 607
5574 612
9205 613
6967 616
9951 624
7443 628
1477 630
1987 630
934 634
9972 638
3623 638
8029 640
9087 642
2099 648
4013 648
3049 653
3616 654
9347 655
3587 659
6766 660
9154 660
308 661
6429 661
8008 662
8802 667
9932 668
2204 669
7624 670
7958 670
6098 671
9867 674
6928 675
9718 675
3984 676
8670 676
13 677
8456 678
931 679
2953 679
7859 686
9869 687
7603 688
5330 689
4797 693
7701 694
5863 699
6389 700
1618 701
728 703
3750 704
2648 705
8151 706
3373 706
1666 707
2905 711
8630 711
3703 711
8791 712
5909 713
6127 714
1247 716
3343 720
8073 722
9513 722
6848 723
6047 723
701 724
3578 724
1619 726
2323 726
4856 729
7686 729
1697 730
3994 730
3443 735
3515 736
2036 738
1160 740
1472 741
3355 742
3355 744
628 748
9830 748
6342 750
6120 754
9553 756
552 756
7167 758
7133 758
2519 767
8617 767
2215 770
2939 774
7473 776
1519 776
1414 776
1904 779
5678 780
258 780
7849 780
6579 780
315 780
4205 782
6102 784
1022 785
867 789
8653 789
8574 792
2420 793
2111 793
5790 794
7502 794
5648 798
1235 800
5880 803
2960 804
5971 807
5226 808
439 812
3839 812
7895 813
5406 815
8510 815
5472 817
1081 821
6758 822
7482 823
3215 823
5265 824
6803 825
8576 826
139 827
94 827
8606 828
9830 829
4233 829
7476 830
8818 831
4576 834
9270 837
3424 839
4804 840
6185 841
7195 841
5181 843
5916 843
3100 844
8086 846
6434 848
7139 850
1715 850
2064 851
9687 852
4972 854
7499 854
1867 855
5237 857
6786 857
1607 859
1069 859
4417 861
8981 862
6645 863
8545 864
6100 865
1519 867
7791 867
2455 868
8412 868
8935 869
1702 872
6919 878
6418 880
9267 883
2000 885
9259 885
5919 886
3768 887
2091 887
2335 888
7468 891
5617 892
9147 893
1026 893
3133 895
238 896
1680 896
4658 897
7093 899
2113 900
1552 900
7454 901
4285 902
8401 903
1746 903
2402 905
4735 905
8231 905
3878 905
8662 906
1678 908
5656 911
4456 914
513 914
2766 915
7738 917
614 920
4113 923
514 923
7994 923
93 924
4314 926
976 927
1002 929
8810 929
7081 930
9803 931
8941 932
14 933
1194 936
4154 936
6906 936
1299 938
1129 938
4767 938
7840 938
1144 940
4245 945
1770 948
5141 949
8360 949
2067 949
7303 950
5397 952
9529 952
8504 953
7970 955
7382 958
7996 958
6206 962
5923 965
7379 967
3008 967
4804 968
822 971
6473 972
7428 974
5213 977
3332 978
7751 979
6436 979
6233 984
4185 985
1480 986
7191 987
2214 987
469 990
765 990
9009 996
30 999
