267
3079 2
5805 8
9971 12
1256 15
5498 19
812 21
2385 24
331 29
1262 33
4039 40
7620 43
1451 43
4799 45
7243 45
8104 47
2604 57
9274 62
2165 62
3713 68
9063 73
5947 79
8689 79
8139 80
480 81
5826 84
7217 91
1704 95
9226 99
7267 103
9630 105
7012 121
7598 126
3215 131
9524 137
4830 142
5009 143
9311 144
567 150
459 152
4673 162
744 167
9113 173
8535 192
8106 192
4825 198
5630 200
4487 206
5570 210
7745 213
9456 214
5438 214
2767 218
2931 221
7399 227
6254 233
4855 234
5241 235
5204 238
4259 243
7629 245
1185 264
1529 271
9059 277
9805 282
5454 287
4384 287
2677 289
5686 296
9175 297
1673 299
9256 300
9467 306
7290 314
7705 320
2153 321
7211 329
1032 330
7946 331
5114 332
2927 338
8071 340
7254 341
6840 342
7151 346
8174 347
9123 352
7034 357
485 365
8415 366
9834 373
8059 382
8034 384
6187 386
2091 390
7470 395
410 399
6814 399
6094 407
9969 411
9292 413
5214 416
8891 416
8891 417
4737 423
5081 425
7387 433
3427 438
7377 439
1462 447
4758 453
1365 464
5669 466
7175 471
6245 477
1432 479
950 479
3574 480
8069 483
308 493
4107 496
8626 498
2833 510
8338 510
3792 515
8985 516
2491 516
6345 522
3580 528
1950 528
9417 530
7509 545
7195 549
8998 553
752 557
525 558
8485 562
9340 563
6475 567
3885 569
5458 576
5280 577
6778 582
5802 584
9243 585
2984 588
4361 591
8876 593
1958 593
2913 596
452 597
9916 604
3686 604
5128 606
8625 619
6914 628
8252 635
1090 638
611 645
5495 651
8473 652
2780 657
4856 659
2393 670
6698 671
3526 673
8157 676
7558 676
2530 678
8524 679
8394 681
875 683
6662 684
1536 685
1931 685
2126 693
1926 694
5724 698
8097 698
3100 700
3708 700
4490 714
6424 716
5465 719
6516 720
3748 724
8096 726
8133 726
9752 730
3329 736
7757 737
9326 738
8877 740
5779 746
1598 746
2589 751
8699 756
5538 759
5735 763
8346 765
2069 765
3267 768
191 774
4006 774
7077 774
7684 777
6424 792
6866 795
4183 795
1473 802
7461 805
2185 808
6573 811
4250 814
1221 820
3292 820
9551 822
1738 822
1488 827
93 832
5067 840
9777 843
9677 843
7926 845
2520 850
3478 851
687 854
4677 866
9183 867
1911 869
7493 869
7985 869
5344 870
711 877
3893 880
695 883
1616 884
3364 894
6129 903
6238 906
7630 908
628 908
5745 917
5062 918
9524 921
7373 923
4708 926
6497 927
6665 930
8583 932
2973 932
9947 935
9158 938
9589 941
3930 941
7169 941
8051 948
1538 949
88 958
7108 960
5033 962
479 969
636 978
9103 983
4150 985
7979 987
9686 991
5615 1000
