90
6601 13
4472 16
6955 17
99 18
4400 28
1468 34
9573 35
1080 63
117 66
9695 104
7001 111
7544 118
1084 130
9041 141
2651 145
7086 150
4333 170
3119 193
9185 229
1307 242
6219 251
1935 260
421 267
7730 271
9571 277
1375 293
9278 300
926 310
4711 333
7108 341
486 347
5113 361
3026 362
6296 370
1449 374
7216 386
3105 404
7842 409
2661 409
7876 412
2416 417
6127 432
7068 437
3312 447
7375 447
4848 457
2160 457
8215 474
9309 483
9798 492
3090 502
2273 509
7717 524
47 539
6306 560
9857 565
4637 573
6723 581
6805 599
154 614
9556 638
6258 654
1453 665
2500 674
382 694
6182 711
5599 715
8267 727
2392 743
5175 745
433 753
3986 755
9741 780
384 785
3901 798
6478 813
6395 816
2392 838
4185 839
2724 873
537 874
452 874
7351 899
5462 910
1050 929
7114 932
636 963
5362 971
2170 992
7512 995
