970
2486 4
5577 4
9627 5
3589 5
5129 6
1888 6
6399 7
7412 8
7854 8
8304 9
6231 9
1177 9
9201 10
8412 14
4399 16
6191 16
6268 16
8169 18
8523 19
6848 20
9242 21
8138 22
1846 23
41 23
6781 24
1940 25
5921 27
5245 27
4223 27
3933 28
1157 29
2207 29
3543 30
7187 32
1662 32
2641 32
8003 32
567 32
5107 35
9166 36
7056 37
8856 39
5506 40
4256 44
4305 46
323 48
1883 48
7243 48
8859 49
4550 49
2258 49
5217 50
804 51
1677 53
1556 55
1016 56
988 56
2033 56
1412 57
5521 57
8192 57
4902 59
7847 61
230 63
5094 65
9003 66
4120 68
4125 68
6152 69
6329 69
3303 70
8478 70
9022 74
7077 76
1512 77
6423 78
5902 79
4093 81
1110 81
1847 84
8381 86
731 86
818 87
2614 87
8566 87
2127 88
906 90
2925 90
9115 90
5614 90
9005 91
8286 94
5523 94
6834 94
2871 94
2343 95
9887 95
1580 95
9024 96
7227 102
9182 103
8243 105
3832 105
6472 107
9629 107
8697 108
7777 108
2508 109
3851 110
6128 111
1128 111
5282 112
9129 114
3527 115
8731 120
3528 120
1625 122
6184 123
947 124
5481 124
6059 126
2076 126
1527 128
9754 129
4373 129
5414 129
3283 129
7814 130
5230 131
8766 132
4858 132
3032 133
3898 134
5299 134
4582 134
5097 136
1232 136
6537 137
8690 137
8107 138
5630 138
6489 140
286 142
9805 142
9853 151
6839 153
2389 153
4375 154
6173 155
553 155
3686 157
7380 157
3682 158
9573 158
604 159
1238 159
4622 160
3922 160
2855 160
2899 162
4139 164
5507 164
5475 165
9414 165
6795 166
5902 168
8904 169
4812 169
6565 169
629 172
3758 172
5761 173
8236 175
5230 176
436 179
6431 179
1720 179
1432 183
3063 184
4470 185
8979 186
5212 187
6560 190
3548 190
5262 192
325 196
2268 197
5469 198
3158 199
115 202
8061 202
8316 205
3342 206
5437 206
78 206
4870 207
2069 207
6146 209
9014 209
3013 209
2082 209
3511 210
2880 210
2432 212
6811 215
1755 216
5442 217
2059 218
7500 219
861 219
7592 222
8550 222
8695 224
5067 224
6148 224
6993 224
798 227
8628 227
1403 229
5746 230
5543 230
9497 230
5933 232
5753 233
934 235
7062 235
6123 236
7094 237
5075 238
252 240
2026 241
5926 243
9545 244
4258 244
9119 244
8031 246
7977 249
4006 249
569 250
2993 250
3370 253
4514 253
9927 254
3671 254
6119 254
474 256
8350 257
9835 257
3277 258
9243 258
793 260
7621 261
654 262
5909 263
6309 268
305 272
683 273
4600 276
2130 277
877 280
9666 280
6470 282
166 283
1248 284
5322 285
6285 285
1121 287
3728 288
4575 288
2574 289
2002 290
6235 291
1139 291
1897 291
4630 293
6359 294
9519 295
1289 295
1590 296
9688 297
7386 297
4971 300
7118 300
9042 301
5289 302
8094 304
3060 305
9173 306
9652 306
2750 307
3384 309
7896 310
1584 311
3156 311
6789 312
1308 312
2181 316
2637 317
4732 319
9610 320
6488 321
9280 321
3626 322
3537 323
617 323
2708 326
7939 329
3900 330
2044 332
687 332
1492 333
2224 334
4987 335
149 335
9634 337
1239 338
4508 338
7071 339
4654 339
438 342
502 345
1877 346
7341 347
7185 348
2832 348
637 349
1568 349
6191 350
3247 352
9686 354
5614 359
2823 359
5506 361
2638 361
6322 362
8040 363
8469 367
5820 369
2181 369
4284 369
9412 369
1713 370
4814 370
1319 373
7189 374
4723 374
9223 374
7055 375
4190 376
317 377
1092 378
3750 378
6373 382
428 382
3558 382
326 383
2276 383
577 384
2547 384
4416 386
7391 387
3731 388
92 389
1710 390
2053 391
4915 392
1094 394
6724 395
9718 395
6060 395
2787 397
7146 398
4004 400
3777 400
779 401
3894 402
2555 403
4176 404
2345 408
4045 409
7100 409
1112 409
9492 411
6130 413
8869 414
7912 414
9257 415
8221 417
2289 417
4673 418
5976 418
2058 419
8347 419
9977 419
4919 419
472 419
6392 420
6808 421
3995 421
6780 421
4996 423
4713 424
3478 425
2972 427
1632 427
2901 427
9466 427
9863 428
1196 428
4980 428
8522 429
1504 429
3582 429
4576 429
7488 431
7015 432
1428 435
8880 435
141 436
5287 436
3535 437
4572 439
7033 440
8302 442
5948 442
9346 443
5303 445
30 446
1481 446
5604 448
4076 449
7744 450
45 451
3972 452
611 454
3041 454
1845 457
7956 457
2565 457
3680 459
2076 460
7712 461
9129 463
3557 466
4640 468
5744 469
8801 470
7062 471
7263 471
2364 471
8677 473
2582 474
2149 477
8547 478
6354 478
6754 480
1994 482
243 482
2772 482
5149 482
7759 484
2838 484
9331 485
3349 487
1464 488
6803 488
3651 488
7933 490
635 490
9687 490
9273 491
2437 494
7764 495
1176 495
9507 496
6989 497
1885 498
2411 500
9566 501
2203 503
3359 503
9895 504
1005 505
4315 505
5757 507
6257 508
7843 508
9623 509
2452 509
892 510
5285 510
1093 511
6882 512
7635 512
9564 512
8931 514
3510 516
3962 517
1983 517
6630 518
6879 518
7900 519
6645 519
272 519
906 521
2988 522
325 523
7526 523
9632 523
665 524
6637 524
2486 524
5320 525
9056 525
3290 526
8856 530
52 530
1726 530
5576 531
2558 533
8497 535
8544 535
8185 535
2426 537
3192 537
9265 538
6989 538
1300 538
9020 539
5590 539
2577 540
6150 541
912 541
2992 542
4117 543
6662 545
3615 551
528 552
5935 554
9589 555
3910 556
7049 557
2090 562
5805 563
8879 564
9618 566
1970 571
5236 571
6938 575
728 578
1829 578
8733 580
9713 580
4719 581
2607 583
7530 583
8238 584
7458 585
9681 585
7633 585
6716 586
8783 586
3325 587
9068 588
9086 589
1036 592
3108 593
7071 594
9455 594
4104 594
3396 594
2992 595
8818 599
9204 600
9012 600
1946 603
7008 604
2887 605
315 605
2269 606
374 606
2731 606
8112 606
8474 608
7268 610
779 612
9292 614
1216 615
5942 615
3395 618
4314 618
4290 618
3550 620
7430 623
4831 625
8288 625
448 626
2483 626
5419 626
9950 628
9129 629
3196 629
353 630
7640 632
5090 632
9163 633
8148 634
2975 634
2229 634
3922 634
1774 635
3681 635
6269 635
1681 636
2898 638
7157 640
7917 645
2693 645
4829 646
9719 647
9475 647
8600 648
6713 649
6072 649
688 649
6211 650
3173 652
5953 653
2093 655
6084 655
6473 658
3713 658
7252 658
6507 659
5360 660
1151 660
410 662
3584 662
1663 663
8061 664
1091 664
5105 666
2398 667
5414 667
9534 667
2750 669
5246 671
4806 672
9785 672
2786 672
1442 674
2927 674
6196 675
7997 678
4755 679
3499 680
2954 682
155 683
1396 685
4873 689
8519 690
7491 691
2580 692
7777 694
5097 697
2472 697
5920 697
7953 701
6460 701
7583 702
3409 702
1042 703
1061 703
3832 705
8109 710
850 710
675 716
50 716
3631 716
9947 717
1070 719
7170 720
1545 720
1219 722
9191 723
2529 723
8144 724
9764 727
7623 731
4398 732
6809 733
4320 734
8278 735
9324 736
1295 739
816 740
6363 742
6182 742
7031 744
8355 744
9229 745
3755 746
5871 748
6693 748
9452 751
3465 751
1303 751
9516 752
3820 753
6403 755
3770 757
4358 757
9297 758
5075 758
3033 759
334 761
9424 762
4199 762
5678 763
7130 764
7096 764
9208 766
6439 767
8172 768
7809 769
4785 769
3400 771
698 771
6116 772
7721 772
5822 772
6150 774
8141 775
5374 775
2065 776
3020 777
649 778
4743 780
1006 782
467 783
7081 784
1064 784
5294 786
5967 786
2002 787
4409 789
5894 790
5413 790
3665 791
6696 791
5314 792
7901 793
4504 798
7401 804
5147 806
8358 806
6407 808
8009 808
8565 808
5301 809
4101 810
1198 810
5642 811
649 812
8504 813
3647 813
959 814
3353 815
9239 818
5942 820
4437 821
2945 821
2036 823
4679 824
4696 827
1875 829
1966 833
5098 833
3831 835
2809 835
4292 837
1216 838
8086 840
8866 841
578 841
6471 842
2174 842
4220 843
224 844
7943 845
4915 845
4305 845
9152 845
8363 845
2675 846
1116 846
509 849
5613 849
7162 850
7995 850
5861 854
524 854
1944 854
2380 863
3052 863
4601 864
7966 864
2561 864
57 864
8171 866
4201 866
5488 866
1046 867
2239 868
7027 868
4963 868
1451 869
9068 869
6978 869
9727 870
4996 870
2338 872
3570 872
8635 873
3763 873
7529 874
6348 875
7376 877
9699 878
5485 878
1613 879
2765 880
766 880
4861 880
1871 881
9898 883
1474 884
9657 884
1207 885
2162 885
9 886
5378 886
8703 887
6840 887
1172 888
5467 888
8994 889
1741 889
5197 891
348 894
7350 895
1664 896
2216 896
2192 897
1163 898
5978 899
269 899
3588 899
7022 900
403 900
1232 901
6313 903
8678 903
4178 906
5168 906
6421 908
5053 909
6023 911
2244 911
9541 911
2392 913
2773 914
8381 916
7720 916
5105 916
656 916
8476 917
9681 917
3548 919
5646 920
8900 920
5862 920
5458 921
6342 921
5141 923
399 923
9372 923
5241 923
8942 924
5220 924
183 924
9374 925
1855 925
5044 926
5526 927
7429 930
107 930
2886 931
5954 931
4546 934
8379 936
6412 937
6610 938
7138 939
3549 940
1635 940
3293 940
2901 940
7880 942
8607 942
8405 943
7435 944
1726 945
3383 947
2100 949
4585 950
5039 950
943 953
2267 953
4008 956
3854 956
4184 959
8711 960
4137 960
2386 961
2514 961
611 962
7761 964
6024 966
5527 967
3796 969
7748 970
1223 971
7307 971
6112 973
7075 975
4477 975
3892 976
5107 976
1528 977
50 977
8971 977
4164 978
2378 980
4834 980
3876 982
8157 982
4092 983
230 983
2895 984
6717 984
796 984
2372 985
5455 987
5837 987
1954 988
1118 989
1186 990
3548 992
2407 992
1189 993
1682 994
5172 994
4804 996
9831 996
8084 996
2437 997
7083 998
7638 999
8806 999
