566
2290 994
7575 988
370 987
8178 986
3980 986
5072 982
7848 980
2989 978
8488 977
415 976
4800 975
2758 975
2929 974
8491 974
3864 973
69 972
3881 972
3132 966
4386 966
903 961
6983 960
1239 959
5573 957
2115 956
2529 954
5698 950
1248 948
9593 948
7003 948
7596 948
8203 945
7137 944
6282 942
7932 942
9153 938
4815 936
1672 935
7529 933
2152 931
9951 929
9301 929
3058 927
1814 926
5352 925
650 921
3472 919
9908 919
7058 917
8979 914
82 914
6543 911
2218 910
5162 904
767 901
9181 899
5883 895
8152 894
2558 891
632 890
2863 890
1809 887
4058 884
1209 884
4601 883
5584 880
9117 876
1950 874
8865 874
7609 872
4751 872
9293 872
8642 869
8991 868
1666 865
7433 864
286 864
9214 863
7460 862
1034 861
7172 860
3283 860
2355 858
4079 855
9099 854
5404 854
2186 853
5290 851
487 851
8697 848
8132 845
9396 845
9075 845
3659 843
1440 843
8388 842
4444 842
970 841
1809 838
2430 835
7035 834
8782 833
8197 822
6663 822
5026 821
1022 820
3778 820
4506 818
1291 818
7235 815
5419 813
578 812
4996 811
3338 811
2949 806
3046 800
5263 799
4530 798
6477 796
2974 795
4661 795
5425 791
8764 784
2157 781
233 780
4633 777
2592 774
4081 774
1914 773
9091 773
4765 770
3572 770
2428 768
5388 768
9149 767
3005 767
68 766
7345 764
2053 764
2843 759
1333 756
6128 752
7205 752
9299 752
3112 749
6128 748
3233 748
3213 747
8802 745
8755 745
8173 744
4558 744
3505 743
9632 741
9651 741
3889 740
7932 739
2363 736
7974 736
3239 734
6212 732
2702 731
1389 730
3367 729
5825 728
1943 727
7298 727
8596 725
3607 725
2096 724
6949 724
5899 723
1460 722
4580 720
6847 718
4099 718
340 715
7799 715
2934 713
3216 711
6201 709
100 707
2732 706
9946 705
4236 703
6192 703
9652 702
4324 699
9726 698
2944 693
297 691
4853 685
2209 685
6258 677
198 677
6370 677
546 673
215 666
9507 663
7721 660
8099 659
2072 659
3427 658
5113 653
7355 653
1742 651
9833 650
3497 650
8167 647
5938 647
6427 646
8474 643
9899 643
2175 642
9097 642
5657 639
2752 637
4190 636
4010 635
7552 632
9877 632
5484 627
5879 626
4603 626
3508 623
5947 622
5480 621
6351 619
2638 618
8641 617
3523 613
6627 612
4810 611
7849 609
3017 607
5190 605
5415 600
1406 598
4339 596
4715 595
136 588
7427 587
9141 585
6941 583
1757 583
4005 579
8990 579
384 578
3819 574
6725 574
6866 573
1721 573
9499 569
6938 568
5841 567
819 567
3393 566
8736 565
9757 564
9196 564
2561 564
81 561
1719 559
3784 558
9048 556
4099 556
9679 550
8682 549
7764 543
2730 539
2678 537
169 535
3439 533
2832 526
6363 524
1934 522
5647 521
5197 519
8638 518
8254 516
1573 512
1643 512
669 511
9180 510
6741 510
7707 509
2291 508
7378 508
9155 505
7990 503
6720 499
6214 498
862 498
5277 494
4971 493
3072 492
9825 491
7461 489
4202 487
4183 485
2953 482
364 478
6187 478
2112 476
651 475
7486 475
9172 472
1087 469
7108 468
8172 467
3370 467
4725 466
4676 466
4799 465
3571 464
130 463
1611 462
6623 458
6320 455
1051 454
799 453
3375 451
1755 450
6717 449
592 447
7731 442
8589 431
1432 430
4296 428
887 426
6453 424
4765 422
9632 421
7699 413
939 413
1741 412
2460 412
1740 412
9932 412
8950 409
1584 406
6101 405
1270 405
8701 402
154 401
8899 400
8292 396
4721 395
6498 391
837 389
9763 389
4203 387
5604 386
2290 384
6516 384
3871 384
9378 383
8418 382
4124 378
7373 376
2575 373
5798 373
8489 369
5952 367
6835 365
438 365
7312 362
2672 360
383 360
9954 360
5447 359
2375 358
1208 356
1391 355
9847 351
1799 347
3559 347
5134 346
1086 345
6764 344
6366 342
609 341
5806 338
1137 336
4644 336
7607 333
9033 327
163 326
2792 324
4418 323
7164 322
1036 321
883 318
9032 314
7802 313
7462 313
4 313
5887 310
8482 309
7542 306
3673 305
3975 302
8853 302
6563 300
9804 298
3051 297
9183 292
727 292
6971 290
318 288
7197 287
2607 285
2308 284
3783 280
9713 277
2982 274
1089 273
1796 272
8518 272
3945 270
769 270
3428 266
9980 263
9471 263
8585 262
6462 261
243 258
5062 258
3445 254
6778 254
8312 254
3229 253
2411 252
1834 249
95 249
7482 246
3374 241
7947 236
2592 233
2837 233
4497 233
8150 230
7759 227
5283 223
964 222
671 222
7057 221
2873 218
9979 216
3920 214
2769 213
8487 212
4892 207
8042 204
6628 204
2090 203
2754 197
4898 193
2646 191
9133 185
3444 181
5818 181
1414 180
3472 176
7195 175
6010 175
1251 174
7073 174
9187 173
5560 172
1820 171
8248 171
1071 170
9369 169
9876 168
5778 164
3349 164
309 162
6947 159
6880 158
6183 155
1874 153
9462 152
6137 152
1888 151
6323 150
3598 149
3892 148
2771 148
7642 147
338 144
2464 139
500 136
5552 134
6449 132
230 132
4611 130
5569 126
2723 124
382 121
8396 117
9450 113
9620 112
4378 112
3122 109
5178 109
8942 108
1835 105
4903 105
3054 104
1129 102
9709 101
1811 100
9850 99
1851 99
5003 96
3854 95
5039 88
7907 88
9326 87
9414 84
6273 84
3219 83
7509 77
9024 75
5498 69
7772 68
6685 65
5340 61
1274 60
2543 60
2956 58
4683 53
7670 51
5218 51
9807 50
190 48
1814 48
8637 47
6050 45
502 42
6662 38
168 35
649 35
6049 35
3403 32
5984 32
674 31
794 29
4122 28
4643 28
2246 25
2038 25
3766 23
6951 22
7222 21
9243 20
8139 19
4960 17
1492 17
8037 17
2070 12
848 12
2984 10
2518 8
2986 7
8340 2
