144
7094 998
9990 976
7463 965
3153 963
2588 956
5095 953
4060 953
647 939
3876 938
5261 937
5853 928
8609 926
6310 914
6694 913
4601 910
7937 907
8274 903
2205 902
784 892
7610 890
5926 886
4392 871
7040 868
4250 867
8596 859
2578 844
6656 840
6170 839
8241 834
5008 832
135 823
7696 822
9582 821
3259 804
8950 802
9101 801
3418 793
2982 792
9370 790
8615 781
513 779
10 753
4925 731
1424 722
3562 719
536 707
3190 694
2628 691
1029 684
5679 682
8014 673
6088 670
4141 664
6463 662
4002 654
1461 654
4209 645
9635 623
1125 621
9345 619
1862 608
252 594
3241 593
6468 591
1424 584
7447 581
3051 577
2226 575
7126 569
8727 557
5368 555
9242 543
5931 540
31 514
8347 507
2836 504
2731 499
2962 473
4318 468
3855 466
3766 466
36 450
725 449
7699 442
6361 440
7260 438
3357 437
9482 431
613 391
1083 389
9206 380
7674 377
7978 374
9611 371
2500 359
8241 356
941 355
1386 335
4994 315
8934 309
9203 308
9818 297
413 278
6425 247
9994 239
3019 238
8602 238
5856 233
8012 232
9283 232
5190 231
7299 231
3901 227
5643 225
2074 222
3848 215
953 210
4379 199
6561 196
1318 195
3036 195
7609 181
1146 176
9479 174
9496 170
1089 164
4211 157
9666 129
4992 120
2683 118
6589 94
3521 88
2281 80
3337 69
3897 59
6039 52
3634 50
6521 46
8816 31
533 29
9591 22
1053 17
3977 10
3633 3
