567
7413 1000
821 997
6667 995
7008 995
4457 995
4466 994
2546 992
5098 991
1690 989
6831 986
6802 986
5357 984
876 982
7169 982
2435 979
9386 979
3348 977
64 977
9577 976
5522 974
5928 974
704 974
4474 974
4706 973
3906 970
1673 969
6298 967
5157 967
2808 966
7133 966
4439 964
7155 963
6193 961
4510 960
1721 959
8401 957
9193 956
3866 953
1244 952
1595 951
2818 948
7382 947
5247 941
5399 938
9261 937
9088 934
4331 931
4759 930
5805 929
3330 923
3727 922
2760 922
6249 915
5441 911
6221 908
4982 907
7726 905
8032 905
362 904
1700 904
1249 899
2342 899
8227 897
6823 897
9039 897
6487 897
2446 896
4580 895
1417 894
1368 890
7094 889
4005 889
2093 889
2251 888
4004 886
1909 885
6108 885
6077 882
1253 881
2885 880
7675 879
4573 879
9198 878
8443 877
1114 877
1694 877
2573 876
1144 875
2757 875
8273 875
8848 875
6278 874
4508 873
1414 870
8267 870
7167 868
4076 865
9658 862
424 859
4141 854
637 854
2304 852
6091 848
2003 847
7541 846
5177 844
9891 844
7244 844
8063 842
362 841
6177 839
514 837
7660 835
4347 835
4941 834
5062 832
3347 831
5624 827
8387 825
3308 823
9352 819
6794 818
8134 812
309 811
9098 810
4598 809
5961 805
2904 803
561 801
3651 799
9760 799
7688 798
3057 794
8710 793
3847 791
7926 791
9349 789
9077 789
6326 788
3398 788
1473 784
6893 784
7507 779
2237 773
977 772
7699 772
310 771
3838 769
4495 766
8549 762
2875 762
3320 755
3543 754
3817 751
6593 749
3584 747
7150 746
8720 738
8892 735
5527 730
6915 723
2726 723
509 721
4148 720
5770 719
2272 718
6159 713
8728 709
5499 709
1886 709
2991 708
5205 708
3572 707
3112 707
8652 706
7357 694
7014 694
9340 693
6600 692
7756 692
8085 690
2439 690
1927 688
3925 688
5966 688
1418 687
6183 687
9984 682
7550 679
830 679
3302 678
2373 675
5615 675
2897 674
8498 671
221 669
5234 669
302 666
5242 666
1608 664
6183 660
1250 659
8403 659
2220 658
8151 658
5921 655
6560 655
5632 655
6800 655
9910 651
1509 650
8531 642
3771 639
1017 639
6063 634
6992 634
6712 632
6520 631
4939 630
1349 629
2559 624
9985 623
2949 621
544 621
76 620
3559 620
9259 619
9092 618
8552 615
9233 614
3287 610
8280 609
2031 608
9889 608
7991 607
8272 606
6383 606
1005 603
9649 603
9063 600
6060 600
2621 597
2680 595
1064 594
7600 592
3597 591
1163 591
6785 588
6724 587
5055 587
3797 584
7226 580
3161 579
543 578
315 577
1361 576
793 575
4605 571
1909 570
4704 570
706 566
4138 560
6739 554
1614 550
1610 547
6279 547
7860 547
8244 542
4266 542
9470 542
4835 542
6471 541
1898 532
7602 528
2448 524
9017 523
9377 522
8089 518
5702 517
1387 515
2627 511
7145 508
9423 506
2357 504
2907 500
9622 499
9368 494
9987 494
1478 493
2790 492
7214 489
3733 485
1945 482
2039 480
178 479
4479 479
3772 478
7516 478
5864 476
1486 474
2497 473
8571 469
7616 468
3935 468
2929 467
3329 465
7850 463
6625 461
57 459
1485 458
795 457
8896 456
3678 452
8010 448
1699 446
7855 444
3810 443
4231 440
2032 440
4476 439
3671 433
744 432
520 426
4379 418
8066 415
4949 415
520 414
7068 414
174 413
7302 411
2001 411
6434 411
2049 409
725 408
5510 408
2970 408
7103 407
5817 406
7801 405
7144 402
1795 401
4992 401
5505 399
4517 397
2124 397
2131 396
3230 393
1286 393
4148 391
9715 387
2325 386
6564 378
2245 375
5442 373
5042 369
6396 369
7394 368
8063 368
9579 367
8529 366
9052 366
8483 361
6030 359
7107 357
9773 354
699 351
5473 350
4655 350
4835 350
3666 341
7176 338
40 336
4438 332
869 331
989 328
4044 327
2384 327
2246 325
9903 323
5710 322
5115 321
7333 320
169 318
7351 317
1588 315
9890 314
3562 313
1937 312
2878 311
4107 310
4259 309
3240 308
4465 308
689 308
5441 306
2358 304
2363 303
9575 300
6514 300
1133 297
2349 291
1424 285
8864 284
5115 283
4781 273
9901 273
1756 268
8300 262
8388 261
3611 260
9185 260
2496 256
3586 254
8632 253
7522 249
5777 249
7186 246
3561 243
1045 243
1509 241
9422 239
136 236
8036 233
935 232
2815 231
9015 231
6290 230
5236 228
8507 227
7069 227
6030 224
9620 224
4715 223
8909 218
4334 216
6459 212
4379 210
2045 207
1067 205
175 203
1476 201
9140 201
6813 198
6966 198
6676 193
5320 186
5503 184
6244 179
6975 178
3425 173
4597 173
4717 172
9914 169
1676 167
3250 166
4889 165
9777 163
3095 162
474 161
6489 159
6688 157
9408 156
7257 156
3118 154
5922 153
6758 152
8628 152
7480 150
6295 148
6790 146
7295 144
1226 143
6327 143
4912 137
2817 135
2323 133
4437 129
9519 128
6304 126
4061 124
8381 123
1161 119
463 119
2569 118
5372 116
4357 113
1362 113
905 112
4267 111
5831 111
3815 105
38 103
8998 100
7949 100
8482 98
2195 97
1472 96
2789 96
5862 95
9718 94
8575 94
403 92
1357 90
8843 89
9111 86
8317 82
2312 81
8492 79
4290 73
3621 71
1589 71
7939 70
3165 69
1026 67
4732 66
6846 66
5443 64
5460 64
9454 62
2954 62
4682 61
4059 60
4831 60
1877 55
2169 54
398 50
3451 49
8206 48
3299 48
9840 47
5404 47
6848 47
4592 43
310 42
2264 39
6921 36
7233 34
6503 34
2042 33
5442 32
6148 32
1693 31
6276 30
8218 28
3942 28
6496 27
9441 27
990 26
7620 23
7171 23
5247 22
799 21
4568 21
5623 21
4114 21
8971 20
9171 18
1621 16
8685 14
3208 13
2252 11
1334 10
144 7
9259 5
4655 3
7398 3
3893 1
