472
9457 1000
9240 992
3036 991
4473 988
8451 984
5711 982
5493 979
1346 979
6611 973
9396 973
8095 970
7332 966
9387 965
6511 965
9946 965
1534 964
180 962
6141 960
369 958
5597 958
6409 955
6404 953
2491 952
9349 951
3120 951
6056 944
1665 944
4799 935
1578 930
2529 930
5843 928
6863 927
1639 922
3864 922
8130 920
8941 920
9250 916
8071 911
7144 908
8435 903
9734 902
2684 902
7050 901
9456 900
8795 897
7916 893
1936 893
4877 892
5951 890
4503 887
107 883
1788 880
5342 878
9752 875
9177 874
5650 874
6579 869
5225 867
2840 865
5876 862
5023 861
578 858
3287 856
9608 851
8062 850
9422 848
927 847
7200 847
9399 845
6928 843
8704 843
5272 843
6428 841
2125 839
7696 838
7736 827
7005 826
5370 824
915 824
5563 824
1761 823
3580 813
6845 812
7697 811
7866 810
6421 803
5520 798
3029 796
5963 793
3075 792
9944 792
7673 791
4402 791
3091 791
79 789
9778 787
299 786
1999 784
5174 784
9317 782
8864 780
3577 772
9652 763
1148 759
9808 753
5234 752
7460 746
398 746
169 738
468 736
4896 736
2459 736
9210 735
6792 731
6370 730
2569 728
4253 727
722 726
8542 722
7318 721
4885 720
2594 719
4455 719
1894 718
5293 716
9259 715
3984 710
110 708
5860 704
5423 703
1813 701
1668 695
5428 693
9506 692
778 683
1990 682
2870 680
6004 678
4858 675
6958 675
4148 672
2465 669
9147 665
868 665
1695 664
982 664
5732 661
3392 656
8635 656
9422 655
5238 651
2540 650
4348 650
7788 646
779 644
2542 636
3394 635
2758 635
4259 635
127 634
7627 633
3224 632
6315 629
3303 621
157 621
1042 620
6664 619
9817 618
8342 615
9738 613
3567 610
5797 609
1868 609
5897 605
7715 603
7850 603
7720 603
504 602
9706 601
7085 598
9479 597
3769 597
8362 596
3092 596
8568 594
6532 591
8153 588
3867 587
2754 586
8268 586
8006 583
9433 583
4010 580
1377 574
1554 567
3546 567
6286 566
2849 564
4081 564
2014 563
6032 558
2514 553
4283 552
3404 551
7826 550
5083 545
54 543
9160 542
312 541
5008 539
6565 539
5059 538
7817 538
1565 537
9202 536
8165 532
2067 531
7347 531
2486 530
8543 529
8551 527
1362 525
4695 522
6614 519
1404 519
2643 516
1133 513
5569 510
747 510
9217 507
5505 506
2248 504
3165 504
4850 500
1027 499
7269 498
204 496
5734 496
9845 495
860 495
4816 488
6510 486
4825 485
271 484
2836 478
6652 474
6924 474
8086 471
6217 469
4677 469
9607 463
1747 461
5794 461
9989 459
4684 455
1335 449
8713 448
5754 445
9274 442
496 439
9110 437
4361 435
5757 434
9395 431
8189 431
2826 431
4674 430
999 425
6070 424
1851 424
264 422
7476 421
5189 420
7474 417
1606 414
9077 413
2614 413
4763 410
4063 406
2806 401
7969 398
8681 398
560 394
9568 394
480 389
6980 386
2499 385
3741 384
2758 381
2700 365
104 364
5686 364
8312 360
1416 360
1900 359
5345 359
853 353
2909 350
1943 344
6551 334
7316 331
1816 330
2639 328
1461 326
2478 324
518 324
4626 324
2108 322
9603 321
7501 318
7157 314
9244 312
7843 310
8261 309
3310 308
7541 300
1886 299
1556 298
4338 298
5725 293
3980 293
7046 293
6608 292
4376 292
5276 288
2788 288
5497 284
4428 284
7715 282
8823 280
6395 280
7604 277
9084 274
8392 272
3111 270
2914 268
6423 267
8471 265
4258 263
2058 260
3600 255
1981 255
5956 253
2894 250
5475 249
4448 249
4627 248
5162 243
9949 242
5642 240
1922 239
7425 238
6705 233
9603 232
1084 230
7227 227
1718 226
5867 224
3670 219
3456 216
2231 214
2482 211
6047 208
5005 208
6620 208
5026 208
739 207
7743 206
6403 206
4918 205
7321 204
9275 201
478 201
6809 199
9802 198
6813 198
7544 193
9776 191
7916 190
6515 187
468 185
7809 182
8079 175
2828 175
332 171
9274 170
7999 170
9667 170
8141 164
1280 163
8107 160
1867 160
684 158
8515 157
2059 157
4251 157
4346 156
5604 155
7652 145
9092 145
7897 143
2328 141
3619 140
9242 132
9999 123
937 122
5337 116
3609 115
6897 110
135 109
2435 108
8328 107
7192 105
5028 103
5803 103
8749 100
21 97
9915 96
8669 93
8878 90
1600 89
794 87
6633 86
7960 85
1879 84
6857 82
4875 82
6537 81
7710 80
5366 79
4750 79
3775 77
6858 74
6485 72
2330 68
381 65
8296 64
7301 63
646 61
8637 61
2708 61
7765 59
1071 54
7972 53
3990 50
7903 49
5780 48
20 46
5648 43
870 43
8966 43
9571 40
390 40
7493 39
4576 38
5009 37
8305 37
4677 36
3719 35
9306 34
9319 33
827 31
2476 30
8935 28
8019 28
5963 25
3510 22
8581 17
6783 9
6027 9
4084 9
1861 1
