412
30 878
36 630
46 930
60 16
78 151
86 978
102 639
132 845
181 819
204 782
209 526
234 372
246 979
246 9
248 423
249 869
283 90
328 839
346 726
358 333
374 227
409 348
424 331
425 920
427 379
450 578
465 343
472 596
485 415
499 687
510 727
530 158
544 810
590 257
614 335
659 539
673 649
763 795
794 837
816 203
861 968
866 945
882 614
923 827
928 976
932 969
972 445
1008 23
1026 323
1029 65
1037 835
1052 473
1055 461
1073 405
1087 894
1096 484
1103 881
1132 662
1138 38
1140 224
1155 673
1223 176
1224 494
1237 146
1249 58
1280 160
1318 386
1348 106
1400 32
1402 545
1422 767
1459 665
1510 631
1554 144
1555 999
1576 434
1582 93
1591 388
1631 67
1691 91
1695 974
1733 212
1860 492
1884 420
1892 388
1911 358
1930 316
1963 442
2018 70
2032 878
2049 74
2055 741
2083 798
2137 87
2195 876
2231 90
2298 656
2303 603
2321 583
2333 59
2346 465
2357 748
2369 361
2375 513
2400 915
2400 685
2417 180
2456 627
2466 189
2503 775
2539 176
2569 710
2661 825
2769 428
2797 344
2797 296
2841 876
2891 423
2911 548
2931 820
2971 987
3024 978
3032 605
3043 542
3050 913
3055 328
3105 697
3106 501
3145 970
3158 680
3238 612
3264 593
3277 378
3326 998
3368 596
3395 609
3450 423
3458 518
3470 180
3511 57
3516 581
3523 706
3537 10
3539 155
3562 806
3570 846
3623 184
3662 987
3697 131
3729 110
3741 910
3822 338
3832 109
3852 249
3858 709
3859 875
3868 677
3878 447
3891 625
3920 880
3970 916
4039 915
4064 273
4065 176
4080 72
4146 132
4184 507
4226 970
4230 814
4266 249
4278 243
4283 138
4288 837
4293 104
4301 948
4304 650
4348 849
4392 236
4423 143
4429 962
4431 148
4471 863
4481 201
4481 438
4492 748
4511 675
4520 563
4537 828
4563 781
4601 795
4609 725
4617 288
4653 331
4658 401
4674 983
4694 771
4697 912
4710 57
4713 667
4714 566
4766 486
4766 419
4768 400
4768 680
4774 587
4774 170
4778 877
4860 382
4865 94
4873 641
4877 322
4888 589
4890 435
4899 629
4920 612
4949 488
4963 746
4994 994
5014 348
5085 937
5110 967
5135 937
5146 985
5146 666
5160 797
5181 948
5194 612
5291 255
5308 411
5335 411
5368 842
5538 195
5569 102
5617 518
5630 239
5642 472
5710 426
5739 755
5748 50
5759 871
5773 102
5774 218
5847 222
5896 731
5899 851
5913 891
5939 808
5980 482
6044 560
6047 408
6095 524
6156 583
6173 766
6186 750
6191 956
6246 444
6263 182
6290 656
6339 471
6375 130
6383 473
6403 215
6431 486
6444 61
6453 84
6454 469
6464 852
6469 27
6476 659
6476 610
6500 970
6560 643
6577 706
6588 607
6629 686
6660 879
6668 251
6676 777
6678 20
6697 458
6761 908
6781 291
6828 657
6844 730
6863 817
6882 210
6891 683
6898 833
6904 216
6929 528
6961 243
6963 532
7044 27
7085 978
7121 791
7121 355
7165 918
7167 534
7168 32
7182 149
7184 389
7241 788
7246 949
7252 270
7286 657
7347 87
7393 382
7396 443
7402 596
7427 183
7457 315
7458 776
7460 539
7462 18
7496 670
7516 541
7537 258
7587 892
7649 47
7653 522
7654 30
7661 278
7696 37
7707 805
7710 624
7721 331
7746 498
7838 133
7845 340
7867 469
7917 597
7943 899
7963 762
7988 533
8015 211
8026 476
8032 599
8032 636
8049 841
8069 713
8070 301
8091 973
8093 581
8105 895
8113 336
8189 99
8192 316
8213 716
8235 178
8258 296
8258 402
8272 605
8388 138
8394 454
8424 690
8434 67
8503 455
8520 536
8539 947
8572 455
8624 206
8633 418
8667 143
8704 228
8746 471
8759 607
8773 567
8862 136
8867 360
8873 41
8886 913
8898 647
8920 598
8924 587
8937 521
8948 709
8982 908
9032 436
9161 852
9191 793
9204 778
9230 814
9251 960
9252 129
9295 375
9297 92
9325 270
9389 502
9389 58
9397 381
9399 854
9411 575
9428 826
9462 84
9464 356
9518 264
9536 464
9567 75
9567 844
9571 456
9633 849
9649 437
9663 921
9791 531
9815 805
9860 337
9873 134
9874 335
9990 858
9992 65
9996 295
9996 423
