955
7 726
17 623
37 802
38 136
40 25
51 34
55 123
55 175
84 109
85 66
88 272
101 218
120 854
125 566
134 193
142 854
177 475
225 741
225 494
246 109
246 169
252 292
265 987
266 416
269 512
270 361
277 648
284 144
286 656
287 683
293 390
303 956
321 53
321 681
325 974
328 523
345 83
350 340
356 560
358 178
365 42
371 359
373 704
387 105
393 65
400 554
405 552
409 953
454 907
479 330
483 925
502 853
522 93
534 749
538 188
611 680
632 659
643 141
651 754
663 186
664 810
671 630
715 455
716 520
716 782
723 220
725 281
734 222
737 566
739 6
750 959
755 611
767 918
772 788
781 828
790 807
796 71
807 963
807 680
823 470
833 122
846 143
850 591
851 612
872 680
888 544
891 209
906 506
936 802
939 856
960 597
961 818
1002 271
1006 22
1020 974
1024 740
1030 400
1036 114
1060 959
1077 180
1102 358
1108 133
1110 62
1115 478
1118 888
1126 874
1127 815
1127 51
1144 812
1161 165
1170 613
1173 482
1178 820
1180 454
1187 259
1201 702
1205 259
1209 788
1212 256
1218 566
1220 602
1247 123
1259 773
1271 818
1288 247
1291 636
1348 69
1350 537
1365 423
1387 352
1388 852
1393 206
1425 917
1437 464
1438 573
1440 309
1440 910
1454 164
1455 505
1458 894
1460 822
1480 247
1496 735
1500 113
1503 648
1509 553
1531 801
1532 51
1546 123
1548 457
1550 216
1567 117
1574 650
1579 41
1587 523
1604 720
1639 252
1647 71
1658 904
1680 273
1707 307
1714 64
1734 818
1735 449
1740 929
1756 707
1762 448
1769 559
1777 929
1797 635
1799 47
1802 920
1805 148
1808 476
1809 761
1810 874
1816 519
1829 270
1852 310
1854 640
1877 520
1890 808
1903 418
1914 615
1919 542
1919 168
1932 190
1933 831
1946 329
1981 851
1993 662
2015 565
2016 945
2023 182
2037 748
2059 303
2079 802
2095 570
2098 635
2101 245
2103 748
2117 431
2125 239
2144 201
2145 594
2151 190
2174 883
2192 87
2192 510
2202 849
2205 52
2212 619
2222 204
2228 67
2235 27
2243 512
2245 969
2287 410
2296 138
2298 453
2299 467
2309 420
2323 993
2349 534
2354 935
2359 509
2385 397
2402 145
2402 661
2415 111
2426 76
2464 967
2472 439
2474 805
2504 934
2505 47
2507 713
2530 175
2555 402
2563 626
2575 766
2597 957
2633 85
2657 717
2667 563
2672 425
2676 540
2677 375
2697 916
2700 19
2706 943
2724 280
2743 292
2756 451
2759 987
2763 354
2799 653
2826 487
2828 752
2828 753
2850 140
2850 222
2896 906
2902 997
2918 260
2922 270
2924 785
2936 660
2966 590
2967 613
2972 104
2999 169
3005 247
3010 513
3012 521
3027 502
3034 561
3037 538
3046 11
3061 309
3089 22
3109 760
3111 606
3120 606
3120 358
3131 386
3133 361
3145 678
3161 827
3170 413
3182 243
3191 375
3192 330
3194 842
3224 349
3238 570
3252 513
3257 883
3266 734
3293 76
3300 673
3313 303
3317 283
3321 533
3356 199
3374 233
3376 986
3386 558
3387 720
3398 540
3401 964
3405 501
3410 861
3419 609
3460 468
3479 110
3482 801
3497 752
3506 296
3512 389
3522 516
3529 408
3536 980
3548 84
3555 938
3576 779
3595 96
3596 410
3626 537
3634 762
3651 34
3668 90
3669 459
3673 667
3687 377
3697 315
3699 19
3705 133
3709 433
3735 101
3746 312
3763 526
3777 86
3783 731
3799 13
3802 462
3805 340
3806 918
3818 698
3826 445
3840 661
3879 523
3910 673
3923 721
3924 266
3934 625
3935 472
3942 349
3948 584
3952 176
3955 513
3964 712
3969 366
3971 793
4001 63
4007 586
4008 452
4043 323
4049 356
4056 789
4061 314
4077 389
4081 880
4098 284
4101 307
4104 149
4105 38
4113 692
4121 834
4137 228
4142 339
4163 491
4180 579
4201 877
4202 97
4204 526
4218 772
4223 221
4234 278
4247 962
4252 263
4255 790
4258 295
4303 710
4308 756
4324 969
4331 280
4335 61
4350 538
4356 645
4376 247
4383 311
4416 970
4423 314
4425 416
4439 724
4444 749
4466 393
4478 239
4489 893
4501 596
4511 901
4523 207
4532 725
4535 919
4559 698
4596 923
4608 397
4620 184
4634 339
4669 377
4671 356
4731 551
4738 615
4739 28
4745 464
4778 203
4782 298
4798 361
4821 627
4826 546
4831 223
4833 891
4836 95
4843 816
4846 531
4863 158
4866 371
4874 312
4875 833
4877 328
4878 295
4899 84
4907 141
4924 400
4939 404
4943 924
4950 373
4952 863
4956 400
4959 839
4997 413
4999 613
5025 696
5029 964
5030 767
5037 655
5041 852
5050 325
5052 96
5056 413
5063 307
5101 40
5109 377
5116 683
5121 494
5124 776
5131 203
5131 107
5131 76
5146 62
5156 406
5157 840
5159 974
5159 69
5171 936
5190 182
5193 82
5203 429
5211 871
5222 683
5225 940
5230 31
5231 139
5235 634
5236 606
5241 684
5243 512
5259 396
5266 478
5271 857
5286 195
5293 176
5306 951
5315 704
5358 530
5364 457
5378 755
5386 779
5398 635
5404 146
5413 292
5416 238
5417 505
5425 904
5425 808
5426 485
5433 791
5437 914
5437 90
5441 496
5441 504
5463 118
5468 272
5479 287
5488 772
5488 513
5511 73
5526 362
5543 475
5548 587
5556 105
5593 927
5609 746
5621 480
5662 778
5698 386
5701 818
5712 235
5737 510
5744 567
5749 111
5751 954
5795 20
5798 731
5820 876
5821 184
5827 137
5830 913
5836 882
5876 898
5879 645
5886 973
5890 516
5898 109
5907 510
5909 199
5916 933
5923 473
5926 93
5939 850
5952 766
5961 383
5970 90
5977 241
5980 806
5990 511
5993 542
5994 80
6001 580
6015 291
6015 812
6015 140
6037 388
6078 538
6083 363
6084 635
6104 854
6122 650
6143 389
6148 663
6150 504
6161 398
6175 562
6179 383
6182 237
6208 350
6226 546
6230 253
6233 634
6239 475
6273 154
6277 831
6293 278
6300 481
6323 509
6334 940
6338 475
6342 423
6345 551
6354 565
6357 766
6365 942
6370 897
6401 614
6411 196
6426 67
6440 305
6452 922
6456 820
6481 744
6482 689
6496 591
6513 361
6516 760
6525 781
6539 183
6544 994
6550 496
6591 341
6619 798
6621 916
6621 851
6641 50
6648 540
6651 842
6661 996
6667 689
6675 37
6677 321
6677 49
6704 713
6712 325
6737 245
6739 420
6741 939
6762 289
6774 375
6783 849
6802 572
6804 193
6824 451
6838 163
6842 757
6851 48
6855 594
6856 424
6861 24
6871 897
6873 487
6884 380
6887 347
6951 988
6962 923
6966 710
6968 730
6980 505
6993 885
6993 124
7002 30
7019 637
7039 553
7073 367
7089 530
7104 301
7119 361
7119 423
7147 638
7158 817
7165 724
7175 142
7180 45
7192 425
7196 394
7218 296
7219 734
7223 961
7230 381
7243 285
7254 450
7259 162
7267 339
7269 824
7285 212
7288 54
7295 579
7312 369
7322 665
7331 242
7339 917
7351 388
7352 658
7358 685
7366 655
7374 264
7398 362
7400 212
7405 91
7411 49
7454 55
7480 358
7491 752
7492 734
7508 130
7515 666
7524 139
7532 918
7539 771
7555 957
7557 858
7561 500
7564 561
7567 25
7570 860
7576 853
7589 713
7590 119
7601 922
7611 357
7611 712
7613 811
7619 746
7625 640
7636 556
7636 131
7637 130
7638 128
7639 519
7641 80
7659 528
7659 887
7696 465
7715 612
7726 165
7731 493
7748 896
7758 219
7771 190
7782 871
7782 179
7786 910
7804 581
7806 634
7808 135
7811 570
7823 813
7834 654
7842 823
7856 2
7860 652
7864 949
7865 506
7869 458
7888 419
7890 21
7914 103
7914 276
7925 731
7926 488
7927 950
7939 755
7950 470
7952 584
7953 915
7966 770
7990 496
8040 41
8040 434
8065 55
8072 616
8079 613
8090 563
8091 78
8124 6
8130 178
8134 344
8138 442
8142 152
8149 605
8150 178
8158 847
8173 854
8178 341
8183 97
8191 273
8191 658
8192 527
8199 272
8201 794
8202 97
8208 513
8244 665
8246 778
8246 822
8248 29
8251 984
8251 385
8260 473
8276 803
8284 146
8289 632
8305 183
8313 788
8324 149
8343 35
8368 516
8369 114
8372 481
8373 463
8376 194
8409 268
8416 749
8435 114
8440 24
8453 102
8453 642
8455 608
8458 116
8466 582
8476 897
8491 340
8492 232
8493 759
8516 564
8516 409
8529 778
8533 979
8536 772
8553 273
8558 685
8571 840
8580 200
8591 694
8592 191
8593 575
8598 745
8607 985
8613 728
8616 569
8634 993
8642 39
8653 30
8666 798
8679 280
8686 714
8705 92
8708 554
8721 782
8723 771
8727 5
8755 160
8758 685
8761 785
8776 480
8784 96
8789 686
8807 142
8809 977
8835 132
8839 987
8839 428
8849 309
8887 941
8895 387
8900 13
8926 9
8940 26
8949 475
8950 348
8959 132
8974 360
8979 331
8990 445
8997 524
9008 759
9039 356
9061 47
9097 79
9113 101
9147 347
9155 111
9160 21
9161 110
9170 866
9174 703
9174 157
9190 467
9194 297
9204 548
9207 735
9221 580
9229 318
9273 359
9279 899
9279 707
9284 550
9291 359
9298 710
9306 872
9339 301
9349 17
9352 745
9363 785
9374 130
9377 180
9407 247
9410 1
9415 440
9416 643
9422 22
9455 571
9459 474
9459 535
9480 322
9480 338
9483 829
9504 693
9512 230
9528 265
9535 875
9540 804
9549 983
9552 293
9553 146
9553 303
9555 464
9557 898
9575 69
9576 27
9576 176
9600 402
9629 226
9636 684
9645 175
9668 688
9673 50
9684 999
9700 637
9701 918
9708 953
9712 564
9714 73
9744 149
9752 388
9756 971
9770 187
9805 931
9808 849
9809 535
9818 457
9851 664
9854 145
9859 332
9892 13
9901 76
9906 369
9907 978
9916 693
9917 528
9943 50
9961 620
9983 829
9985 602
9992 784
9995 152
