627
1 18
3 582
11 371
17 764
34 746
50 930
61 335
66 73
87 686
87 425
97 291
122 676
148 830
150 796
157 667
179 267
193 139
193 545
201 141
202 878
204 438
248 35
278 540
284 895
286 285
314 902
318 17
336 848
337 773
367 804
380 551
420 624
443 255
480 617
520 545
526 182
532 453
536 957
546 830
557 479
563 229
575 585
584 214
587 416
609 88
624 376
664 851
671 461
679 722
681 767
695 913
707 635
718 394
725 682
767 452
768 462
783 77
784 22
806 960
816 579
828 547
854 600
867 231
869 503
872 866
879 908
883 392
887 632
910 544
930 899
946 400
950 480
979 28
985 801
1000 789
1014 365
1039 951
1052 543
1093 594
1109 15
1143 270
1153 553
1155 412
1174 346
1174 190
1203 367
1205 863
1209 289
1210 945
1214 261
1218 827
1242 443
1262 627
1264 720
1307 140
1310 788
1313 617
1317 829
1339 185
1355 109
1386 497
1434 503
1450 677
1467 741
1503 607
1509 374
1540 607
1587 137
1587 972
1591 142
1603 321
1615 620
1617 301
1632 560
1655 696
1686 420
1730 976
1755 239
1763 164
1773 988
1806 172
1838 491
1870 22
1927 783
1946 810
1947 62
2048 657
2056 519
2067 177
2142 10
2145 695
2166 19
2227 491
2234 177
2239 492
2244 815
2248 497
2250 469
2272 720
2288 240
2289 934
2292 608
2334 448
2337 558
2343 509
2374 996
2407 789
2410 731
2430 542
2435 484
2438 128
2456 343
2466 943
2510 132
2537 803
2538 881
2540 81
2587 925
2589 671
2600 514
2600 783
2606 932
2609 852
2619 899
2631 497
2654 144
2683 347
2697 216
2719 675
2722 355
2728 546
2738 255
2754 745
2798 198
2807 998
2832 863
2891 379
2898 590
2906 948
2930 85
2932 702
2949 495
2951 344
2974 238
2981 789
2986 235
2989 668
3067 257
3073 713
3074 60
3078 126
3082 914
3084 306
3091 878
3116 825
3120 702
3124 84
3144 356
3152 755
3243 86
3262 534
3267 702
3301 337
3302 202
3317 734
3335 439
3338 251
3341 955
3347 399
3348 485
3397 187
3422 220
3455 54
3482 852
3493 414
3505 596
3531 558
3538 718
3553 937
3556 769
3557 674
3559 107
3560 358
3590 879
3626 533
3677 477
3688 786
3690 12
3698 939
3706 143
3709 489
3714 443
3718 712
3728 43
3733 719
3753 841
3782 426
3798 903
3824 574
3837 116
3862 837
3863 585
3895 952
3901 30
3909 592
3922 438
3925 608
3930 744
3951 384
3955 215
3960 703
3977 977
3995 429
4011 24
4026 132
4080 499
4087 156
4093 326
4102 474
4125 653
4130 331
4153 3
4155 187
4163 306
4172 315
4180 560
4219 820
4238 446
4244 297
4248 225
4263 477
4270 98
4285 978
4289 414
4317 139
4317 644
4328 110
4337 850
4353 993
4363 292
4371 431
4380 185
4380 891
4384 158
4429 187
4461 153
4465 93
4473 145
4483 47
4494 199
4526 249
4527 123
4530 408
4568 718
4575 44
4608 424
4627 863
4630 517
4633 602
4639 173
4653 528
4687 226
4705 302
4715 535
4725 184
4754 14
4759 171
4762 886
4778 576
4792 155
4833 699
4851 118
4882 598
4929 839
4949 41
4965 91
4989 28
5000 915
5033 492
5037 377
5041 345
5066 187
5073 970
5086 638
5094 929
5114 966
5123 196
5127 500
5182 635
5191 2
5204 28
5230 936
5260 737
5269 15
5285 542
5291 756
5349 865
5358 716
5366 53
5370 7
5373 319
5373 479
5390 849
5400 249
5435 913
5444 235
5445 15
5514 118
5549 338
5555 719
5561 273
5599 943
5628 206
5642 593
5642 468
5657 929
5664 56
5679 468
5725 272
5750 735
5796 821
5798 131
5817 428
5821 215
5823 993
5832 365
5834 5
5902 289
5912 478
5939 586
5968 907
5979 248
5992 583
6008 856
6010 344
6061 774
6105 591
6108 19
6120 822
6122 620
6135 733
6169 197
6181 811
6182 603
6182 542
6184 528
6188 393
6189 62
6195 708
6221 387
6221 140
6227 918
6227 303
6237 195
6238 857
6245 976
6270 65
6287 422
6329 259
6340 3
6348 465
6378 362
6546 31
6547 157
6547 917
6563 134
6582 369
6589 889
6602 468
6620 963
6627 728
6635 84
6640 469
6652 468
6663 707
6676 812
6679 646
6696 920
6734 359
6743 172
6753 446
6758 859
6762 297
6762 350
6782 759
6788 887
6835 863
6858 294
6860 993
6865 913
6891 748
6899 451
6927 687
6928 994
6930 500
6958 30
6975 610
6985 862
6993 628
7000 385
7034 731
7037 341
7043 572
7044 550
7070 86
7079 198
7080 939
7099 381
7138 52
7174 470
7201 230
7208 888
7216 790
7241 924
7265 229
7271 19
7318 59
7327 137
7329 935
7356 226
7367 23
7390 816
7392 950
7393 552
7415 250
7470 504
7477 320
7478 145
7496 970
7518 150
7524 763
7532 176
7542 334
7566 749
7584 819
7601 954
7614 6
7641 81
7650 174
7654 996
7658 13
7674 268
7676 105
7679 133
7693 408
7695 569
7696 255
7712 421
7732 268
7746 269
7782 335
7802 54
7817 883
7828 752
7838 196
7856 465
7880 968
7896 334
7900 671
7909 269
7923 751
7927 561
7977 162
7979 143
7987 570
7991 116
8013 550
8015 347
8050 62
8064 350
8078 108
8111 587
8113 449
8140 827
8147 881
8167 897
8173 948
8210 119
8211 196
8217 26
8222 14
8238 410
8249 137
8256 712
8272 731
8274 776
8299 390
8307 96
8316 390
8320 724
8338 391
8352 870
8354 193
8373 196
8415 719
8418 268
8438 781
8446 65
8453 393
8497 253
8525 687
8550 259
8554 395
8622 924
8626 206
8626 105
8632 287
8637 602
8657 470
8670 509
8676 29
8677 117
8698 196
8699 170
8706 855
8738 991
8831 272
8842 328
8858 778
8861 159
8868 675
8890 211
8912 675
8974 718
8986 435
9033 344
9037 882
9046 479
9048 508
9066 186
9075 566
9084 392
9085 197
9108 902
9108 56
9119 842
9151 498
9159 348
9161 879
9167 132
9260 858
9267 79
9271 446
9313 19
9315 573
9339 453
9360 148
9387 629
9391 367
9396 740
9398 792
9402 517
9428 540
9437 107
9456 404
9485 288
9496 882
9502 328
9511 748
9567 703
9581 478
9590 619
9659 1
9679 157
9680 298
9694 855
9709 694
9715 200
9716 258
9732 496
9756 336
9780 916
9792 529
9795 261
9822 669
9825 2
9862 833
9883 440
9886 727
9891 825
9892 863
9916 413
9926 336
9942 282
9971 181
9983 623
9984 891
