193
3 307
58 921
116 909
167 253
298 285
377 436
499 634
513 527
548 825
631 522
676 464
734 665
899 245
1009 341
1010 41
1054 640
1092 269
1292 175
1339 19
1408 44
1423 690
1538 507
1567 832
1607 271
1623 724
1678 391
1812 512
1823 76
1934 518
1969 964
2027 539
2074 840
2080 410
2109 917
2117 845
2127 705
2174 706
2192 558
2209 386
2234 909
2315 256
2450 371
2683 980
2732 350
2782 597
2785 591
2798 904
2816 616
2818 455
2852 185
2922 603
3010 413
3034 839
3068 348
3068 95
3096 466
3136 613
3187 370
3189 481
3192 941
3216 993
3233 892
3252 156
3262 901
3277 855
3423 395
3427 499
3621 488
3655 420
3705 48
3770 838
3816 75
3910 863
3968 914
4027 370
4125 838
4137 984
4176 424
4200 48
4244 995
4356 773
4401 89
4465 772
4515 976
4584 182
4630 142
4715 18
4777 13
4778 848
4793 167
4905 761
4908 184
4970 419
5070 71
5136 846
5146 818
5165 869
5171 368
5223 537
5231 407
5239 362
5258 629
5273 752
5330 148
5360 445
5389 184
5396 134
5530 793
5683 830
5736 599
5845 775
5856 917
5890 856
5929 845
5976 965
5988 291
5988 758
6073 84
6316 390
6329 858
6413 824
6517 693
6616 717
6679 408
6682 744
6714 193
6720 586
6824 23
6868 747
6900 92
7059 617
7142 386
7235 385
7300 448
7347 410
7414 37
7445 325
7553 206
7564 661
7628 323
7666 421
7709 758
7729 416
7774 743
7831 993
7831 976
7851 983
7874 961
7906 551
7968 438
7971 544
8045 944
8083 105
8227 776
8237 957
8259 608
8475 703
8527 533
8579 833
8584 141
8609 576
8628 308
8636 305
8660 312
8718 502
8756 768
8791 292
8869 508
8877 69
9024 78
9024 870
9080 231
9143 852
9165 364
9244 238
9340 967
9380 919
9409 298
9422 636
9452 148
9456 394
9488 569
9498 791
9578 456
9582 536
9747 874
9765 129
9781 975
9851 163
9867 853
9904 946
9965 301
9978 626
