284
47 352
121 139
123 529
136 445
137 374
160 570
205 28
251 877
272 340
274 278
316 145
321 961
411 775
434 368
438 706
443 367
454 264
505 983
527 989
566 872
604 691
632 458
681 753
711 662
719 536
748 41
753 959
905 53
915 432
943 447
978 722
1015 672
1123 450
1185 320
1258 705
1272 332
1298 877
1357 88
1441 838
1473 839
1500 940
1566 156
1605 677
1625 571
1640 911
1685 483
1695 77
1704 558
1725 364
1781 386
1805 300
1864 161
1869 315
1926 136
1970 705
1992 258
2045 285
2058 649
2124 283
2127 10
2138 695
2158 87
2159 899
2164 529
2312 47
2345 313
2430 231
2433 895
2446 531
2491 202
2529 40
2537 693
2592 960
2597 99
2608 143
2640 893
2657 757
2692 256
2749 789
2797 308
2813 226
2864 230
2876 703
3027 823
3061 521
3068 262
3240 528
3289 107
3320 461
3334 634
3466 406
3542 101
3550 928
3581 93
3644 844
3649 394
3749 892
3761 225
3778 299
3780 95
3837 500
3856 688
3964 394
3973 357
4170 592
4198 590
4216 832
4287 820
4325 458
4366 883
4384 693
4396 213
4437 119
4488 211
4509 264
4603 582
4628 540
4669 420
4688 507
4695 90
4718 457
4789 803
4825 380
4827 7
4828 684
4912 644
4913 18
4920 706
4940 961
4970 332
5011 652
5047 231
5054 284
5147 686
5153 514
5166 74
5208 288
5214 416
5221 416
5272 83
5332 219
5361 850
5413 441
5422 245
5423 196
5463 494
5527 892
5596 18
5601 952
5609 763
5653 119
5682 879
5683 858
5773 754
5806 369
5820 324
5869 18
5921 19
5941 245
5958 405
5959 552
6062 805
6066 292
6158 171
6169 958
6263 624
6271 399
6310 786
6324 772
6350 850
6355 977
6369 355
6381 517
6393 880
6427 141
6503 561
6505 864
6506 955
6560 551
6571 554
6740 158
6753 433
6785 351
6804 709
6836 620
6870 454
6906 223
6915 481
6925 679
6943 852
6984 62
6998 638
7018 403
7034 817
7050 745
7064 728
7065 566
7085 457
7119 113
7144 422
7171 702
7338 123
7381 683
7489 596
7497 405
7502 230
7508 754
7511 358
7540 470
7621 806
7641 833
7782 689
7863 42
7899 348
7900 264
7913 297
7923 906
7927 108
7931 916
7999 549
8014 431
8054 53
8060 192
8133 994
8149 136
8172 359
8184 573
8225 763
8277 502
8277 281
8311 915
8333 412
8335 795
8359 932
8366 691
8369 236
8385 466
8410 606
8425 599
8462 232
8471 231
8511 667
8528 915
8585 2
8605 906
8646 284
8765 203
8783 291
8791 501
8847 989
8853 199
8870 70
8911 475
9020 449
9030 261
9120 883
9124 79
9197 888
9252 149
9252 330
9255 872
9265 966
9267 25
9313 332
9436 656
9458 921
9471 814
9486 838
9487 140
9499 331
9506 653
9508 748
9587 572
9608 991
9643 53
9748 530
9798 899
9818 856
9837 908
9852 40
9862 154
9885 698
9900 158
9942 957
