844
25 1
47 5
56 6
85 7
93 8
109 8
125 8
136 10
140 12
142 14
149 17
162 17
183 17
243 18
245 18
268 18
269 19
298 20
304 20
306 20
320 20
324 22
326 23
331 27
332 28
342 28
345 31
350 32
405 35
412 37
429 41
439 46
460 46
467 46
487 46
520 46
523 47
535 48
535 48
537 49
550 52
555 56
557 57
558 58
593 58
603 59
605 59
613 61
621 61
626 62
636 62
637 63
644 63
647 64
694 67
694 67
703 67
751 68
753 70
756 71
761 71
762 73
766 73
767 74
768 75
781 76
800 77
802 78
835 83
842 83
870 83
903 83
906 86
929 90
937 91
945 93
953 94
963 94
963 95
970 95
995 97
1001 104
1023 104
1046 105
1053 107
1083 108
1139 109
1174 109
1178 110
1180 110
1191 111
1195 111
1204 112
1207 112
1211 112
1230 114
1264 115
1284 116
1289 117
1291 119
1302 120
1320 121
1323 121
1329 122
1337 124
1376 124
1398 125
1400 125
1402 127
1410 129
1412 130
1430 132
1445 133
1458 134
1463 136
1483 137
1514 137
1534 137
1544 144
1557 144
1581 145
1602 146
1654 146
1668 148
1675 149
1676 151
1679 151
1681 152
1687 154
1707 156
1711 156
1714 156
1716 157
1716 158
1717 161
1717 161
1721 162
1759 163
1777 163
1785 163
1787 164
1801 165
1815 166
1842 168
1844 171
1850 171
1859 172
1874 173
1909 176
1935 177
1941 178
1942 178
1955 179
1958 180
1981 182
1989 183
1991 183
1995 183
2015 185
2017 187
2017 187
2018 188
2024 190
2054 191
2067 192
2081 194
2085 195
2087 196
2088 196
2105 196
2128 198
2133 198
2140 199
2148 199
2157 199
2162 200
2171 203
2173 204
2180 204
2190 206
2219 213
2222 213
2238 213
2242 216
2267 216
2282 216
2305 218
2321 219
2326 223
2326 225
2343 226
2344 228
2345 228
2359 228
2367 230
2390 231
2404 232
2419 233
2430 233
2438 235
2443 235
2447 236
2458 236
2487 239
2535 240
2556 240
2567 241
2576 241
2580 242
2581 242
2612 244
2622 246
2644 249
2660 249
2663 249
2671 250
2688 253
2700 256
2720 257
2726 257
2731 257
2740 257
2758 257
2774 259
2798 259
2814 259
2821 259
2829 260
2839 261
2858 262
2871 264
2889 265
2910 266
2920 269
2922 269
2924 270
2924 270
2925 270
2930 271
2942 271
2945 271
2948 273
2958 274
2974 275
2998 277
3011 278
3019 279
3046 280
3050 280
3056 285
3062 285
3067 286
3096 287
3103 289
3108 289
3141 290
3141 290
3189 292
3201 294
3208 295
3208 296
3210 296
3242 298
3243 298
3259 298
3270 305
3270 306
3287 308
3305 308
3307 312
3313 312
3313 312
3330 313
3345 314
3351 315
3360 316
3380 318
3383 318
3383 320
3432 322
3452 322
3455 328
3461 330
3465 330
3465 331
3466 332
3475 332
3475 332
3485 333
3508 338
3524 339
3539 340
3548 341
3552 341
3558 342
3561 343
3563 343
3568 343
3582 345
3596 349
3636 350
3665 351
3682 351
3685 353
3691 354
3695 355
3698 355
3711 356
3717 356
3733 360
3756 360
3772 361
3800 361
3806 361
3812 361
3834 362
3837 362
3856 363
3860 364
3871 365
3881 366
3893 371
3896 371
3898 372
3920 374
3924 375
3926 377
3937 377
3954 377
3996 378
3998 381
4007 381
4015 382
4023 383
4043 384
4052 386
4057 387
4079 389
4109 389
4126 391
4156 391
4175 393
4202 393
4227 394
4228 394
4234 395
4241 396
4241 399
4250 399
4259 402
4265 404
4266 405
4274 405
4312 408
4318 408
4365 408
4374 409
4378 409
4396 411
4405 412
4415 413
4422 413
4431 414
4435 414
4458 422
4463 426
4469 426
4470 429
4472 429
4473 432
4494 433
4505 434
4511 435
4521 436
4523 438
4525 440
4526 440
4554 440
4570 441
4589 445
4602 445
4627 446
4634 446
4653 446
4695 447
4701 448
4721 448
4729 449
4735 451
4747 452
4763 452
4787 452
4806 453
4811 456
4820 456
4825 456
4835 458
4855 460
4858 462
4886 462
4887 464
4895 468
4904 469
4924 471
4929 472
4940 473
4945 475
4947 478
4948 478
4956 478
4960 478
4968 480
5011 481
5024 482
5028 482
5049 482
5072 486
5077 487
5082 489
5086 490
5107 491
5148 493
5167 493
5183 493
5185 495
5199 496
5199 497
5214 499
5225 500
5230 500
5233 501
5235 502
5241 503
5253 505
5273 507
5294 508
5299 509
5319 509
5339 510
5350 510
5370 511
5374 514
5389 514
5408 515
5430 515
5448 516
5464 516
5472 517
5478 518
5483 518
5485 518
5513 518
5516 518
5521 519
5527 519
5530 520
5546 522
5552 522
5554 523
5581 523
5582 524
5605 525
5611 525
5617 527
5642 528
5666 535
5675 536
5690 537
5693 538
5695 538
5706 539
5715 541
5718 543
5729 544
5739 546
5759 547
5768 549
5799 550
5808 552
5845 553
5859 553
5861 555
5901 557
5925 558
5927 559
5928 562
5940 566
5979 567
5980 570
5985 570
5991 571
6012 574
6015 575
6025 575
6035 577
6037 577
6040 578
6059 579
6092 579
6105 580
6110 581
6115 582
6166 583
6173 586
6183 589
6200 591
6201 591
6204 591
6211 591
6218 592
6223 592
6238 593
6292 593
6304 593
6308 598
6313 598
6317 599
6323 600
6336 601
6355 604
6358 605
6385 605
6386 606
6394 608
6395 608
6405 611
6409 612
6420 612
6420 613
6455 616
6466 618
6468 620
6469 621
6470 622
6474 623
6480 624
6480 628
6487 628
6523 628
6534 630
6545 633
6553 634
6577 643
6626 643
6643 643
6662 644
6672 646
6672 646
6680 650
6685 653
6698 653
6720 654
6731 655
6752 656
6755 657
6772 657
6783 658
6787 660
6801 660
6832 661
6834 661
6834 661
6837 661
6841 663
6842 663
6850 666
6857 668
6892 668
6892 669
6903 669
6907 669
6925 670
6946 671
6960 673
6966 674
6993 676
7022 676
7032 680
7037 680
7037 681
7044 682
7045 683
7055 683
7073 684
7089 687
7092 688
7102 689
7105 690
7140 692
7149 692
7150 692
7151 693
7152 693
7181 697
7212 699
7272 700
7274 700
7288 701
7298 703
7306 703
7306 703
7319 704
7320 705
7325 705
7329 709
7341 710
7354 710
7359 710
7361 710
7361 714
7389 716
7397 717
7399 718
7426 723
7455 725
7464 725
7502 726
7506 732
7512 733
7531 733
7532 733
7558 734
7560 734
7564 736
7572 740
7574 743
7603 744
7605 744
7620 745
7620 745
7638 746
7643 746
7670 748
7687 749
7715 749
7723 749
7725 750
7730 750
7732 751
7735 752
7736 752
7736 753
7762 757
7788 758
7789 759
7796 760
7800 760
7802 761
7812 761
7824 761
7830 762
7842 763
7844 767
7855 768
7880 769
7891 769
7903 770
7914 771
7927 771
7942 771
7946 772
7950 773
7950 774
7982 776
8006 776
8030 779
8035 786
8036 789
8040 789
8044 789
8077 789
8080 790
8101 791
8115 792
8123 792
8124 794
8136 795
8159 799
8160 799
8163 800
8180 802
8183 805
8186 807
8203 811
8221 815
8231 816
8236 817
8264 818
8267 818
8295 819
8297 819
8306 819
8307 820
8323 821
8325 823
8330 827
8340 827
8343 827
8366 829
8370 830
8375 831
8384 831
8414 834
8421 835
8424 835
8424 839
8430 840
8430 843
8433 844
8443 847
8467 848
8469 848
8477 849
8487 849
8506 849
8518 850
8524 850
8531 851
8536 851
8553 853
8565 854
8584 854
8612 854
8621 854
8660 855
8686 856
8688 856
8691 859
8733 861
8743 861
8745 861
8748 862
8749 863
8767 863
8774 864
8775 864
8791 865
8793 866
8831 867
8832 869
8838 869
8844 872
8889 874
8929 875
8949 879
8958 880
9050 881
9055 883
9064 884
9064 885
9071 886
9079 888
9104 888
9106 889
9130 890
9133 893
9141 895
9148 896
9149 901
9157 901
9162 903
9173 903
9177 905
9195 905
9195 907
9197 907
9206 908
9208 910
9213 911
9220 912
9228 913
9242 915
9244 916
9281 917
9288 917
9304 918
9307 921
9324 921
9327 921
9338 922
9351 923
9354 924
9360 926
9366 926
9381 929
9390 930
9398 931
9408 932
9409 935
9414 935
9419 935
9441 935
9444 939
9447 940
9448 940
9455 942
9462 948
9467 948
9494 948
9496 949
9503 950
9509 950
9534 950
9539 951
9546 954
9546 959
9547 960
9556 961
9564 965
9570 966
9590 966
9606 968
9622 968
9632 970
9632 970
9649 972
9664 974
9688 975
9696 975
9702 975
9723 977
9765 979
9771 980
9775 980
9805 980
9815 982
9827 982
9840 983
9848 984
9896 985
9909 985
9919 985
9929 985
9934 987
9937 988
9958 989
9962 990
9965 991
9967 994
9976 995
9980 996
9987 997
9994 998
9997 1000
