156
20 12
135 19
162 19
195 22
245 24
254 29
306 32
308 33
459 36
461 54
506 97
604 105
688 118
1023 119
1095 120
1164 121
1255 128
1272 129
1281 131
1353 137
1387 148
1618 149
1638 150
1659 151
1823 151
1867 173
1880 186
1959 190
1977 191
1981 194
2018 198
2169 200
2211 204
2267 233
2316 238
2369 239
2454 243
2472 249
2530 255
2582 256
2599 266
2665 277
2889 280
2962 281
3089 292
3141 311
3144 312
3149 313
3159 316
3191 319
3342 328
3375 330
3395 333
3424 335
3458 336
3493 340
3520 341
3594 346
3677 347
3737 347
3862 352
3892 354
4002 362
4036 373
4243 373
4258 389
4294 396
4342 403
4438 406
4626 416
4687 423
4960 427
5037 436
5182 440
5346 442
5376 447
5402 459
5578 474
5689 483
5697 485
5702 486
5793 489
5815 492
5847 494
5917 497
5936 499
6139 506
6452 526
6477 528
6514 540
6607 547
6608 560
6609 561
6634 562
6699 566
6735 589
6741 603
6804 615
7104 626
7176 628
7281 638
7368 644
7448 663
7556 688
7571 689
7597 705
7672 707
7682 709
7751 717
7812 718
7833 733
7871 738
7900 739
7954 745
8060 752
8080 756
8105 757
8112 759
8173 762
8181 771
8290 777
8316 788
8339 798
8403 800
8453 806
8457 823
8700 828
8734 832
8752 836
8780 837
8830 839
8856 842
8883 843
8965 845
9005 853
9037 854
9062 866
9133 870
9277 887
9293 889
9324 893
9325 921
9330 927
9384 927
9424 935
9488 938
9536 942
9657 947
9701 960
9739 964
9781 971
9793 976
9842 977
9845 988
9863 989
9932 992
