275
58 4
141 10
149 18
163 31
245 36
250 43
259 52
280 53
318 53
319 58
323 61
346 63
353 65
364 65
548 68
603 75
605 75
616 80
679 85
749 87
759 88
875 90
879 90
889 93
916 95
950 98
1027 100
1036 101
1041 105
1066 106
1090 107
1116 108
1120 112
1144 115
1165 121
1202 125
1271 125
1274 128
1280 131
1301 143
1320 145
1356 145
1388 147
1442 148
1446 149
1568 157
1586 157
1614 162
1640 165
1666 168
1674 178
1683 180
1700 183
1716 187
1761 193
1864 196
1865 198
1923 203
1962 215
2031 226
2071 227
2141 229
2147 230
2188 230
2262 232
2312 237
2342 239
2351 240
2359 246
2377 248
2477 249
2497 251
2586 253
2606 257
2637 260
2641 264
2653 277
2667 278
2708 278
2720 283
2766 291
2849 292
2860 305
2971 309
2982 311
3041 311
3134 315
3144 316
3185 317
3197 327
3212 328
3222 329
3283 329
3286 329
3307 355
3340 359
3365 360
3368 364
3421 370
3455 372
3455 377
3520 380
3547 381
3565 384
3642 385
3701 388
3711 396
3712 396
3774 407
3803 408
3822 415
3880 417
3973 420
4004 424
4080 428
4119 431
4124 437
4137 443
4152 450
4166 450
4175 454
4183 455
4190 456
4217 459
4248 467
4289 475
4302 476
4313 477
4358 478
4395 479
4415 479
4424 487
4481 487
4494 503
4629 504
4708 504
4722 509
4754 509
4797 514
4853 516
4857 518
4877 530
4878 540
4898 543
4924 544
5084 551
5103 551
5167 562
5245 573
5251 576
5273 580
5286 581
5311 586
5355 588
5453 593
5462 594
5471 600
5496 602
5507 603
5522 606
5541 608
5635 619
5647 626
5679 626
5684 626
5721 627
5818 628
5882 639
5890 651
5937 654
5951 654
5969 657
5989 660
5994 662
6071 662
6136 665
6208 672
6219 674
6263 680
6311 680
6326 685
6331 691
6413 703
6471 706
6482 709
6485 712
6501 716
6551 717
6558 718
6584 721
6610 722
6627 722
6667 723
6722 726
6728 727
6738 729
6761 736
6785 739
6794 750
6836 757
6880 760
6950 761
6976 761
7035 761
7038 770
7067 771
7141 783
7154 791
7174 791
7181 791
7210 796
7251 800
7281 801
7317 804
7407 806
7425 808
7492 811
7526 813
7565 814
7583 834
7615 835
7644 837
7679 838
7681 840
7710 843
7848 845
7923 845
7960 847
7991 850
8020 851
8029 851
8034 856
8061 869
8078 869
8108 875
8108 880
8121 882
8182 892
8204 896
8208 896
8240 899
8252 907
8292 911
8309 921
8313 922
8396 923
8455 924
8496 926
8582 930
8642 930
8653 931
8677 933
8720 933
9043 939
9076 941
9085 942
9169 950
9233 952
9250 953
9310 954
9313 954
9318 958
9323 959
9361 959
9500 962
9507 966
9531 976
9608 981
9640 981
9730 982
9755 983
9787 990
9915 992
9921 994
9921 994
