399
21 4
54 4
147 8
148 12
180 12
207 13
232 15
243 17
274 17
293 24
360 34
360 35
405 41
536 42
581 44
599 48
599 55
651 58
658 62
685 66
713 68
744 74
759 74
763 75
769 76
840 77
887 81
903 82
905 82
927 83
928 84
939 86
1002 86
1049 86
1102 90
1114 93
1192 102
1195 110
1220 112
1282 112
1322 120
1330 120
1340 121
1347 121
1469 125
1489 126
1539 127
1540 128
1578 129
1582 129
1595 131
1718 135
1754 136
1787 136
1798 140
1800 142
1808 143
1815 144
1880 148
1901 148
1965 151
1967 152
1977 152
1995 153
2029 154
2031 161
2100 165
2161 165
2173 171
2213 174
2247 174
2261 174
2332 177
2336 180
2393 182
2394 183
2400 184
2478 185
2545 188
2608 188
2665 189
2680 192
2698 195
2710 196
2747 199
2748 199
2795 202
2807 204
2814 204
2820 206
2834 207
2872 212
2922 212
2924 213
3001 214
3008 220
3019 224
3100 233
3109 234
3135 235
3138 238
3147 238
3151 240
3180 241
3186 242
3245 243
3271 255
3316 257
3316 258
3317 263
3328 266
3374 268
3409 270
3452 270
3479 281
3485 287
3494 292
3502 296
3521 299
3523 306
3535 310
3557 311
3559 312
3577 314
3591 315
3617 319
3625 320
3638 327
3666 328
3674 328
3678 329
3681 332
3696 332
3702 334
3718 334
3726 338
3740 344
3779 345
3795 347
3838 355
3840 360
3856 361
3894 361
3899 362
3938 362
3955 363
3982 366
3998 383
4011 385
4018 385
4063 398
4076 400
4080 401
4111 404
4114 408
4147 408
4187 409
4244 410
4258 414
4312 419
4312 419
4344 432
4345 433
4376 434
4428 438
4506 439
4518 440
4522 441
4552 443
4566 443
4568 446
4575 447
4584 449
4602 449
4607 453
4623 453
4633 459
4651 462
4682 463
4702 468
4741 469
4756 470
4769 472
4780 477
4787 480
4868 481
4881 484
4889 484
4909 484
4929 485
4963 487
4985 487
5024 487
5038 491
5058 491
5062 492
5091 493
5115 496
5117 499
5135 500
5164 505
5171 506
5178 510
5180 511
5184 513
5185 518
5219 519
5230 520
5248 520
5280 521
5288 525
5306 527
5323 527
5336 531
5439 531
5445 538
5468 539
5469 541
5487 544
5491 545
5537 545
5550 545
5551 548
5563 549
5569 555
5595 555
5634 557
5731 557
5755 559
5817 562
5839 568
5862 571
5932 571
5938 581
5956 582
5969 582
6010 589
6047 592
6091 592
6099 593
6110 594
6115 596
6135 604
6153 605
6188 608
6216 611
6239 612
6251 617
6264 617
6288 617
6292 619
6325 621
6393 624
6419 627
6455 627
6492 635
6510 637
6538 637
6559 643
6563 644
6578 645
6621 657
6736 663
6832 666
6836 671
6846 677
6862 681
6884 686
6917 691
6937 697
6946 697
6954 698
6966 699
7000 699
7019 705
7072 706
7074 708
7074 708
7133 710
7137 711
7138 711
7167 720
7169 720
7194 735
7232 738
7260 740
7298 743
7308 743
7353 743
7391 744
7391 746
7400 748
7404 750
7410 753
7413 753
7431 753
7450 754
7532 755
7567 756
7616 757
7632 759
7648 760
7666 761
7703 766
7706 767
7727 768
7765 772
7778 774
7809 776
7812 776
7829 777
7831 781
7841 785
7841 789
7847 789
7866 791
7896 791
7957 794
7998 795
8043 797
8080 798
8094 800
8112 800
8134 801
8182 804
8186 805
8192 809
8219 816
8222 820
8228 821
8239 824
8331 826
8369 832
8398 833
8399 835
8425 837
8425 838
8495 839
8512 844
8517 845
8543 850
8565 851
8586 854
8629 856
8647 858
8669 862
8670 863
8808 866
8826 867
8847 873
8856 875
8876 875
8900 883
8915 887
8941 888
8958 889
9014 894
9027 897
9029 899
9049 900
9119 903
9119 903
9122 906
9127 907
9175 909
9181 912
9182 915
9215 916
9252 916
9291 918
9314 919
9317 923
9391 924
9397 927
9407 928
9416 934
9457 937
9492 938
9500 938
9503 941
9525 943
9550 945
9551 947
9553 951
9576 955
9618 959
9620 959
9648 960
9664 961
9683 967
9734 970
9752 971
9773 981
9775 983
9824 986
9871 989
9923 990
9959 991
9988 992
