469
10 1
19 1
22 2
38 2
39 5
67 6
189 6
240 6
251 6
267 7
279 8
312 12
328 17
344 18
344 18
368 20
389 20
441 22
448 25
453 26
473 27
491 30
497 31
533 32
586 33
607 34
608 35
614 35
618 35
655 37
691 41
764 41
836 42
871 44
876 49
878 49
887 49
938 56
954 56
962 56
962 56
978 57
1000 57
1070 61
1103 64
1121 67
1153 69
1198 75
1214 76
1229 76
1233 77
1235 79
1235 81
1304 81
1335 83
1350 84
1376 86
1397 89
1406 91
1410 91
1438 92
1484 93
1509 94
1514 95
1549 96
1587 102
1614 105
1616 105
1634 106
1644 108
1647 108
1658 111
1716 112
1755 113
1782 113
1798 113
1825 117
1840 117
1843 119
1855 119
1859 121
1875 123
1884 123
1903 125
1913 128
1924 132
1998 146
2014 148
2037 149
2046 151
2086 152
2092 155
2116 157
2123 159
2127 161
2142 162
2239 163
2244 163
2250 165
2258 170
2259 170
2321 170
2343 177
2359 177
2389 183
2405 184
2445 185
2484 187
2502 187
2513 188
2519 195
2519 196
2564 197
2580 197
2599 197
2607 203
2613 203
2632 205
2650 208
2651 210
2661 210
2675 211
2676 222
2715 228
2760 236
2785 237
2796 239
2805 239
2813 242
2816 243
2855 243
2880 247
2888 247
2900 247
2981 249
3019 254
3026 255
3027 255
3066 263
3076 266
3112 268
3113 270
3116 274
3172 275
3210 281
3252 281
3262 284
3274 286
3295 289
3297 290
3306 294
3323 295
3333 296
3366 298
3383 299
3398 307
3401 311
3421 313
3440 313
3491 314
3514 315
3515 316
3516 318
3535 319
3656 325
3668 325
3674 330
3692 331
3717 332
3719 337
3757 337
3758 338
3775 339
3790 340
3803 342
3851 343
3858 346
3941 348
3943 351
3983 351
3995 356
4006 356
4033 359
4095 360
4101 360
4137 360
4154 361
4164 363
4196 367
4220 369
4233 375
4236 376
4261 377
4263 378
4324 382
4324 382
4408 384
4408 390
4455 390
4465 397
4466 399
4478 399
4487 400
4490 401
4496 402
4528 404
4532 409
4574 410
4697 411
4741 411
4750 413
4765 413
4807 417
4827 418
4847 419
4857 422
4894 422
4900 422
4958 423
4973 425
4976 427
4978 428
4981 436
5041 438
5065 439
5147 439
5166 442
5198 443
5204 448
5213 454
5228 454
5233 461
5235 461
5259 462
5266 464
5286 474
5300 475
5335 477
5371 478
5397 479
5400 481
5423 485
5444 486
5457 487
5463 487
5551 488
5572 489
5573 490
5590 497
5593 500
5623 505
5628 506
5652 509
5659 511
5679 512
5692 513
5727 514
5729 516
5734 519
5735 521
5741 522
5744 524
5762 528
5774 530
5786 536
5787 542
5792 552
5820 555
5858 556
5915 556
5919 557
5925 562
5934 562
5940 564
5944 564
5985 565
6054 566
6061 568
6092 569
6125 570
6128 570
6128 570
6190 571
6217 576
6226 576
6235 581
6236 582
6253 583
6255 585
6261 588
6271 590
6284 590
6292 591
6298 591
6316 594
6353 596
6357 598
6399 600
6450 601
6458 602
6474 606
6489 616
6509 616
6513 618
6536 627
6543 630
6545 632
6549 632
6582 633
6611 635
6619 636
6630 636
6664 637
6675 639
6680 642
6730 644
6730 645
6788 645
6794 649
6807 649
6809 651
6826 652
6848 653
6888 655
6897 662
6904 665
6925 669
6937 672
6939 672
6967 672
6971 673
6981 676
6988 677
7014 678
7055 681
7085 683
7097 683
7113 684
7128 687
7129 691
7140 691
7156 695
7215 695
7239 696
7282 698
7294 698
7337 698
7358 709
7368 710
7410 710
7432 715
7458 721
7468 726
7469 726
7471 726
7473 728
7527 728
7534 732
7556 743
7607 743
7614 750
7624 752
7628 752
7672 756
7682 762
7688 764
7696 766
7699 769
7705 769
7716 770
7731 772
7786 774
7815 778
7839 778
7841 796
7858 797
7874 798
7930 799
7965 804
7982 804
7991 805
7996 805
8035 808
8036 809
8036 812
8051 812
8054 813
8054 817
8101 821
8198 823
8202 823
8215 825
8226 830
8244 831
8258 833
8259 837
8271 839
8313 842
8346 845
8387 847
8396 849
8407 851
8421 863
8453 864
8458 864
8463 865
8511 865
8559 868
8611 871
8647 872
8651 873
8662 873
8714 874
8766 874
8805 874
8805 877
8810 878
8823 879
8887 883
8888 890
8889 891
8892 897
9000 897
9013 897
9027 899
9042 899
9062 901
9065 901
9124 906
9129 908
9135 910
9193 912
9202 913
9256 914
9309 915
9310 915
9352 916
9361 929
9368 932
9384 938
9416 938
9422 938
9443 939
9475 939
9500 941
9507 942
9508 943
9542 950
9594 951
9622 953
9624 955
9642 956
9645 957
9700 963
9731 966
9731 969
9744 970
9753 971
9759 973
9828 974
9836 981
9867 982
9911 990
9926 991
9936 991
9963 996
9974 998
9977 998
9990 999
