530
32 1000
82 997
95 994
99 989
101 989
119 988
123 986
128 986
171 986
174 984
188 980
217 979
229 972
236 970
258 968
274 968
295 967
308 967
315 958
323 954
325 950
340 950
352 949
353 947
355 947
368 945
380 941
423 941
440 940
442 939
475 939
477 938
486 937
494 936
519 936
527 935
528 933
575 927
615 925
620 925
622 924
639 924
641 921
672 920
674 919
693 918
697 917
700 914
720 911
749 908
760 907
764 905
767 905
783 899
800 896
836 895
847 894
858 893
861 893
884 892
910 890
915 889
929 887
949 878
963 877
978 877
985 876
1010 875
1011 874
1031 872
1060 867
1161 862
1186 862
1229 858
1248 857
1265 854
1267 853
1270 849
1270 846
1285 846
1287 845
1293 844
1315 839
1355 837
1358 837
1366 835
1393 834
1415 832
1442 830
1465 830
1493 828
1499 827
1555 823
1557 822
1561 821
1625 817
1648 814
1655 813
1665 813
1702 812
1723 810
1774 809
1783 808
1828 807
1843 804
1883 799
1902 795
1941 795
1979 793
1991 791
1993 788
2016 785
2018 783
2039 780
2057 780
2095 779
2111 778
2111 778
2135 775
2164 774
2166 773
2191 768
2237 767
2245 766
2266 761
2282 758
2296 757
2300 756
2322 753
2324 748
2338 744
2349 744
2350 739
2351 737
2353 735
2384 731
2411 730
2413 730
2441 730
2466 727
2471 727
2494 725
2506 723
2536 721
2566 721
2571 720
2631 719
2652 717
2655 713
2700 711
2700 710
2708 709
2722 707
2730 705
2738 703
2802 702
2837 701
2848 700
2849 699
2863 695
2896 693
2899 692
2994 690
3003 690
3034 689
3046 684
3067 684
3093 683
3176 678
3181 674
3187 671
3237 664
3254 662
3276 661
3334 659
3339 659
3348 654
3355 654
3357 653
3366 652
3377 651
3392 647
3422 647
3423 647
3438 644
3448 643
3493 641
3524 635
3532 630
3547 628
3561 627
3590 625
3674 625
3677 625
3700 620
3705 615
3717 613
3720 611
3727 607
3734 606
3738 605
3740 604
3796 603
3858 599
3860 596
3871 595
3922 595
4005 594
4006 594
4008 590
4028 583
4074 582
4097 582
4097 579
4099 578
4125 578
4161 578
4166 576
4177 568
4177 565
4187 563
4221 560
4261 557
4346 555
4349 551
4368 551
4379 550
4399 549
4405 548
4410 547
4415 546
4422 541
4519 540
4522 539
4553 537
4571 533
4580 525
4616 521
4630 521
4631 521
4634 518
4645 517
4646 516
4660 516
4663 514
4684 513
4689 513
4703 512
4707 509
4718 507
4736 506
4772 503
4778 503
4787 500
4802 499
4814 498
4834 498
4855 497
4886 497
4898 495
4902 492
4933 491
4987 490
5013 490
5049 489
5066 488
5073 484
5087 483
5113 480
5132 479
5140 476
5180 475
5196 474
5217 472
5222 471
5230 469
5249 466
5267 462
5268 460
5270 457
5307 457
5320 456
5348 456
5360 454
5361 452
5386 449
5407 449
5426 446
5441 445
5442 444
5457 441
5547 438
5559 437
5616 436
5653 430
5656 430
5679 426
5704 426
5705 422
5707 421
5749 419
5756 416
5770 416
5787 414
5810 414
5869 413
5889 412
5895 404
5915 404
5931 403
5936 401
5948 400
5950 399
5953 399
5958 396
5966 395
5977 393
5987 391
6023 389
6029 388
6032 383
6038 383
6047 381
6050 380
6130 379
6131 379
6155 378
6167 378
6172 378
6208 377
6235 376
6261 375
6289 371
6293 367
6316 365
6354 364
6362 359
6364 358
6413 352
6421 351
6434 345
6447 344
6475 343
6480 343
6482 342
6486 342
6503 339
6537 337
6557 326
6576 324
6581 324
6584 319
6604 312
6610 306
6629 303
6630 301
6665 297
6671 295
6674 294
6720 294
6739 291
6789 287
6828 280
6830 279
6869 275
6878 275
6890 273
6892 271
6893 269
6893 268
6904 267
6912 265
6978 265
6991 265
7007 262
7066 261
7081 257
7084 256
7096 254
7115 254
7140 250
7141 247
7150 244
7158 243
7201 242
7203 238
7225 237
7269 237
7282 235
7307 234
7325 232
7345 229
7364 228
7390 226
7399 225
7419 225
7463 224
7509 222
7520 221
7523 219
7536 218
7551 213
7552 210
7572 203
7598 203
7599 203
7665 201
7671 201
7684 199
7702 198
7711 198
7715 196
7720 195
7728 195
7772 195
7774 193
7780 192
7784 192
7807 191
7819 191
7820 189
7821 187
7829 187
7851 185
7879 185
7902 184
7927 182
7974 179
7986 178
8056 177
8059 176
8067 174
8076 170
8087 167
8090 167
8114 165
8127 164
8135 162
8149 162
8178 161
8196 155
8198 151
8214 149
8273 143
8274 142
8275 140
8282 138
8288 138
8304 137
8313 137
8314 136
8366 134
8391 131
8404 127
8449 122
8483 121
8487 115
8500 115
8501 113
8521 112
8552 112
8554 111
8595 111
8640 110
8660 104
8678 104
8699 102
8710 100
8743 100
8754 99
8762 99
8763 98
8765 95
8798 86
8845 85
8886 85
8931 77
8961 73
8984 73
8994 71
9009 69
9040 68
9040 67
9048 66
9051 65
9099 65
9143 64
9180 62
9188 60
9205 59
9232 59
9238 57
9248 56
9284 56
9336 54
9353 53
9365 49
9387 44
9395 43
9422 42
9438 42
9452 41
9468 41
9476 40
9515 38
9526 36
9552 35
9553 34
9634 34
9645 34
9651 29
9685 29
9701 27
9752 26
9754 26
9783 22
9786 21
9796 20
9814 20
9816 20
9821 18
9838 14
9862 12
9888 12
9912 8
9931 6
9960 5
9961 3
9966 2
9983 2
