117
6 993
6 981
76 979
168 974
238 964
354 964
399 951
404 943
432 932
765 902
772 896
847 881
924 860
966 857
975 853
1053 849
1069 849
1116 845
1165 823
1181 819
1200 800
1572 795
1574 787
1620 780
1724 772
1797 766
1812 759
1833 755
1848 755
1921 747
2019 744
2026 742
2087 734
2127 721
2541 679
2652 674
2714 644
2720 641
2745 634
2893 628
2959 623
2960 617
3050 600
3076 588
3251 584
3271 569
3530 568
3588 565
3945 564
4047 548
4145 548
4168 546
4227 538
4255 526
4273 522
4278 522
4282 514
4318 510
4379 504
4528 502
4641 498
5003 493
5038 486
5089 486
5110 485
5143 476
5290 446
5349 444
5427 430
5501 423
5532 419
5552 418
5803 411
5803 405
5961 382
6015 367
6055 366
6216 363
6238 347
6318 340
6358 339
6490 337
6495 328
6515 324
6553 320
6599 296
6635 294
7000 271
7649 269
7715 265
7968 248
7998 244
8015 237
8083 235
8132 228
8155 214
8160 210
8282 198
8343 189
8350 179
8382 176
8416 171
8472 170
8566 165
8668 158
8716 150
8973 135
9068 130
9148 111
9176 94
9181 83
9275 79
9446 62
9585 59
9585 40
9746 38
9937 6
