794
23 999
24 996
25 996
37 995
45 994
46 993
48 991
69 991
78 987
106 987
119 987
120 985
134 981
157 980
159 980
173 978
191 978
194 975
197 974
207 974
207 972
239 972
273 971
279 971
286 971
296 971
300 971
301 970
347 970
364 970
365 969
366 967
368 965
419 963
436 963
448 962
460 957
467 957
484 956
501 955
512 952
528 948
549 947
557 946
557 941
558 938
560 938
575 937
580 937
600 936
603 935
624 934
628 933
633 931
639 931
640 930
644 928
654 927
656 926
659 924
675 924
687 921
691 921
704 920
705 919
709 919
724 918
739 916
739 915
752 913
754 911
768 911
770 910
780 910
792 910
811 909
818 906
827 906
834 904
835 901
842 898
845 895
845 894
860 892
865 891
871 891
871 889
871 887
888 887
893 885
903 883
909 883
942 883
946 882
949 882
950 877
956 876
963 876
966 875
1015 875
1026 874
1029 870
1070 868
1073 867
1080 866
1082 866
1097 865
1115 864
1120 864
1122 864
1137 863
1149 863
1151 863
1161 863
1166 861
1173 857
1178 857
1194 856
1195 856
1219 856
1220 855
1250 853
1256 852
1258 852
1259 852
1266 851
1280 851
1329 844
1329 841
1335 841
1360 839
1364 838
1377 836
1391 832
1409 831
1409 830
1411 830
1437 829
1440 826
1473 826
1482 822
1503 822
1511 822
1519 821
1528 821
1528 819
1549 819
1551 817
1566 817
1569 813
1573 812
1595 812
1599 811
1621 811
1627 805
1632 804
1636 803
1655 803
1656 803
1658 801
1682 800
1687 799
1709 796
1726 794
1729 793
1736 793
1753 792
1761 789
1782 788
1783 788
1790 788
1802 785
1846 785
1854 781
1863 781
1866 780
1890 780
1891 779
1895 779
1912 778
1943 778
1948 777
1952 777
1956 777
1964 775
1971 775
1983 771
1997 769
1999 768
2010 768
2035 767
2039 767
2045 765
2063 763
2078 762
2103 759
2118 759
2127 754
2132 754
2134 751
2135 749
2140 745
2156 744
2180 744
2183 742
2190 741
2194 741
2198 741
2209 740
2224 738
2234 736
2236 735
2247 733
2262 732
2264 732
2285 730
2299 728
2300 728
2302 728
2332 726
2341 724
2353 722
2363 720
2372 720
2378 718
2394 714
2419 710
2423 708
2455 707
2458 706
2464 706
2497 703
2518 703
2532 702
2540 700
2544 699
2571 699
2574 697
2578 695
2580 695
2605 693
2611 690
2613 685
2620 685
2623 683
2637 680
2641 680
2662 680
2666 679
2680 678
2705 678
2717 677
2727 677
2741 675
2745 672
2752 671
2758 671
2759 668
2772 667
2785 666
2789 663
2804 658
2805 657
2811 655
2825 651
2874 649
2894 649
2911 646
2913 645
2915 644
2924 644
2950 644
2957 641
2980 641
3002 639
3010 638
3049 637
3055 635
3068 631
3081 630
3103 629
3148 628
3192 628
3204 628
3222 627
3293 624
3309 624
3325 623
3353 623
3355 622
3377 620
3390 619
3399 616
3412 614
3417 614
3432 613
3446 611
3454 611
3468 610
3480 607
3485 607
3495 606
3503 603
3506 602
3541 602
3543 600
3545 598
3551 598
3566 596
3592 595
3598 594
3637 594
3638 593
3640 593
3642 593
3656 591
3657 590
3661 589
3662 588
3667 587
3711 586
3714 586
3725 584
3745 583
3752 581
3757 581
3768 580
3774 578
3776 578
3778 576
3800 576
3800 574
3810 574
3813 573
3815 572
3832 571
3859 570
3866 569
3874 566
3876 563
3908 561
3919 561
3920 560
3927 560
3928 560
3931 559
3934 557
3937 557
3939 554
3973 553
3973 552
3977 551
3979 551
3981 550
4008 549
4025 548
4027 546
4057 544
4073 544
4089 543
4105 543
4106 542
4126 542
4147 540
4201 540
4205 537
4208 537
4217 536
4225 535
4226 530
4250 529
4255 528
4272 526
4304 525
4321 524
4328 522
4332 522
4339 522
4360 518
4374 516
4401 516
4422 514
4428 512
4455 512
4457 510
4496 510
4505 506
4521 506
4539 505
4545 504
4564 503
4566 501
4568 501
4591 499
4591 499
4609 499
4619 498
4632 498
4644 497
4656 497
4664 495
4674 494
4700 494
4709 493
4735 493
4744 493
4760 491
4792 491
4822 491
4822 487
4832 487
4845 486
4851 486
4860 486
4862 485
4869 484
4878 482
4884 482
4889 480
4889 477
4909 477
4914 477
4925 477
4925 475
4935 474
4963 472
4967 470
4981 468
4985 467
5016 467
5027 465
5039 464
5055 464
5058 464
5068 462
5109 462
5124 461
5132 459
5138 457
5140 457
5159 454
5184 454
5192 451
5199 450
5207 449
5211 448
5214 447
5229 445
5238 444
5238 442
5276 442
5292 442
5301 436
5304 435
5313 434
5336 433
5358 433
5378 433
5378 432
5381 431
5399 431
5407 431
5416 430
5416 429
5424 429
5444 428
5445 428
5452 427
5477 427
5587 423
5601 422
5608 421
5620 417
5628 414
5633 414
5640 412
5643 408
5655 407
5669 404
5669 403
5684 402
5707 401
5725 397
5749 396
5757 394
5760 392
5811 392
5827 391
5834 390
5857 389
5871 389
5873 387
5874 387
5881 387
5895 386
5905 382
5943 379
5943 378
5950 378
5954 377
5973 375
5984 375
6009 374
6031 373
6031 372
6047 372
6131 371
6174 370
6186 367
6187 367
6194 367
6196 365
6207 363
6216 362
6219 359
6222 356
6223 354
6231 354
6265 354
6271 350
6358 350
6366 350
6368 349
6394 349
6401 349
6482 348
6497 347
6515 347
6522 345
6536 340
6561 339
6568 339
6570 335
6575 335
6581 333
6587 333
6600 332
6600 331
6608 329
6610 325
6613 324
6618 323
6619 322
6672 322
6681 321
6683 321
6695 321
6727 321
6738 320
6748 319
6777 314
6793 313
6801 313
6809 313
6811 312
6834 311
6852 311
6864 310
6866 307
6874 307
6875 306
6875 305
6875 304
6879 302
6889 301
6891 300
6897 300
6915 298
6917 297
6933 296
6943 294
6949 292
6962 292
7012 292
7037 291
7060 291
7089 291
7090 288
7104 287
7109 286
7119 284
7131 282
7138 279
7142 279
7147 273
7149 270
7153 269
7171 266
7173 265
7175 264
7222 263
7224 263
7226 263
7237 260
7245 259
7252 255
7265 254
7269 252
7272 251
7272 251
7323 251
7352 249
7352 248
7372 246
7386 246
7391 245
7402 245
7406 243
7413 243
7449 240
7450 233
7477 233
7478 232
7490 229
7499 228
7527 228
7543 227
7566 224
7592 224
7601 221
7626 221
7635 216
7636 215
7654 214
7666 214
7668 213
7695 211
7723 209
7756 206
7795 205
7798 204
7808 203
7812 203
7827 203
7835 202
7876 202
7876 201
7880 201
7886 198
7892 195
7911 195
7919 189
7925 187
7959 187
7968 185
7970 184
7985 183
8003 183
8008 183
8018 182
8053 178
8116 175
8121 174
8128 174
8150 174
8163 174
8173 171
8186 170
8204 170
8215 168
8230 167
8237 166
8266 166
8279 166
8284 165
8287 164
8290 163
8290 160
8301 159
8353 158
8358 156
8368 155
8400 153
8423 153
8437 153
8465 152
8491 151
8494 149
8508 147
8545 147
8548 147
8576 145
8581 144
8595 143
8612 142
8620 142
8624 141
8676 141
8747 141
8748 138
8769 138
8778 137
8779 137
8788 135
8816 134
8834 133
8840 132
8862 130
8913 129
8922 126
8924 125
8937 125
8942 125
8985 124
8987 120
9001 120
9022 119
9033 116
9045 115
9058 115
9066 113
9070 113
9076 113
9079 112
9088 109
9126 109
9171 108
9184 105
9188 103
9195 99
9196 99
9206 97
9212 97
9226 96
9281 96
9312 96
9321 94
9322 91
9347 91
9351 89
9352 89
9356 87
9357 86
9361 85
9364 85
9373 85
9375 80
9390 77
9393 77
9395 77
9403 76
9408 75
9441 74
9442 72
9443 70
9446 69
9463 68
9466 68
9471 67
9482 66
9490 65
9498 65
9504 61
9511 59
9514 59
9520 56
9533 55
9551 53
9597 52
9608 51
9614 51
9619 50
9622 49
9632 45
9634 45
9644 44
9649 43
9653 43
9671 42
9677 42
9679 41
9702 40
9727 37
9750 33
9752 32
9765 32
9777 30
9783 28
9785 27
9789 26
9817 24
9819 23
9823 20
9826 19
9832 18
9861 14
9879 12
9884 10
9888 4
9893 4
9895 4
9964 4
9978 2
9981 1
