348
9994 505
9886 995
9867 364
9770 694
9754 837
9673 646
9671 631
9617 8
9615 92
9573 746
9480 793
9462 397
9458 70
9403 614
9385 289
9341 829
9274 101
9255 649
9235 916
9206 720
9191 625
9138 741
9090 348
9080 794
9075 711
9034 947
8975 776
8964 431
8939 826
8914 688
8877 882
8853 667
8828 766
8772 915
8726 842
8723 807
8713 199
8710 631
8697 457
8684 622
8630 566
8628 304
8604 51
8597 589
8594 361
8589 740
8560 901
8546 636
8522 215
8518 503
8483 391
8478 584
8450 869
8447 61
8398 416
8366 351
8344 915
8305 388
8282 653
8280 342
8222 28
8170 958
8153 695
8151 246
8093 262
8064 893
8051 783
8023 20
8005 550
7969 156
7963 496
7953 186
7948 823
7858 471
7801 823
7793 144
7740 3
7679 59
7670 964
7636 644
7621 373
7600 875
7572 284
7568 770
7543 940
7515 977
7502 357
7482 126
7479 142
7459 919
7451 720
7415 705
7394 837
7350 897
7330 565
7306 517
7306 204
7292 637
7266 252
7227 60
7211 312
7151 262
7143 627
7129 840
7124 667
7037 105
7001 805
6995 606
6882 192
6881 334
6874 60
6872 474
6862 46
6809 109
6766 885
6761 462
6736 349
6680 969
6672 890
6665 879
6560 403
6560 319
6539 819
6484 609
6473 832
6432 131
6423 540
6376 97
6331 444
6273 247
6208 726
6173 800
6037 392
6027 705
6012 777
5976 339
5729 543
5721 541
5717 145
5704 11
5686 521
5674 597
5653 540
5641 805
5614 734
5613 360
5581 317
5560 477
5543 218
5422 3
5407 652
5394 960
5378 352
5354 936
5345 288
5293 330
5273 764
5240 457
5178 584
5138 947
5137 259
5135 459
5119 273
5069 653
5068 540
5065 324
5064 790
5063 749
5049 702
5044 344
5032 48
5006 719
4977 27
4932 761
4888 621
4879 100
4841 713
4804 881
4789 94
4788 519
4756 337
4747 160
4743 225
4738 811
4707 484
4692 571
4675 823
4668 876
4596 417
4543 589
4471 976
4365 809
4276 830
4252 369
4248 326
4244 741
4195 162
4133 892
4127 879
4079 958
4046 871
4033 818
4032 977
4021 849
4018 614
3998 895
3984 59
3962 642
3955 306
3951 467
3900 520
3855 146
3843 147
3829 212
3820 544
3806 604
3762 669
3755 557
3738 673
3716 118
3705 299
3688 817
3659 342
3644 856
3551 88
3510 970
3509 136
3497 235
3468 883
3468 472
3446 617
3431 270
3414 94
3368 14
3336 291
3292 90
3240 640
3219 998
3213 618
3206 676
3198 841
3191 249
3173 941
3137 772
3137 696
3099 989
2967 567
2921 321
2887 502
2884 288
2861 709
2855 657
2832 684
2812 696
2799 408
2794 661
2792 166
2775 398
2742 387
2691 10
2598 378
2566 323
2499 367
2482 424
2442 363
2436 569
2417 297
2403 881
2400 204
2396 215
2351 470
2321 64
2302 914
2260 150
2233 648
2186 601
2057 908
2051 616
2040 195
2011 358
2001 930
1994 70
1976 134
1974 517
1966 951
1898 778
1798 396
1778 382
1770 697
1717 470
1705 26
1665 634
1635 212
1589 1
1584 713
1480 710
1455 102
1416 7
1395 694
1337 760
1332 360
1323 536
1309 526
1294 753
1215 776
1199 363
1185 274
1140 63
1122 12
1099 271
1084 914
1057 873
1020 325
986 289
960 621
946 833
930 959
917 35
896 563
896 650
800 790
765 579
739 545
714 19
714 639
672 252
621 569
554 504
550 575
540 147
526 574
494 828
398 233
390 213
335 962
333 586
295 931
269 120
244 145
224 776
213 59
181 197
138 495
75 750
66 531
49 934
46 436
28 66
