387
9995 952
9990 272
9984 532
9974 647
9898 491
9843 909
9841 931
9817 823
9774 322
9679 302
9629 296
9616 164
9606 256
9605 42
9562 849
9560 160
9556 648
9554 481
9549 449
9522 860
9503 480
9496 976
9479 634
9477 286
9477 64
9467 307
9460 991
9450 290
9423 152
9422 341
9396 656
9393 895
9276 715
9252 326
9223 608
9215 693
9177 177
9150 445
9140 951
9139 99
9137 843
9062 207
8994 857
8990 995
8958 322
8921 800
8879 553
8845 601
8824 112
8818 665
8784 201
8775 530
8769 11
8754 585
8749 112
8725 225
8719 722
8698 958
8587 196
8564 783
8533 717
8504 648
8461 274
8437 348
8383 188
8329 156
8327 729
8217 311
8202 342
8199 961
8174 732
8157 139
8124 888
8080 191
8075 325
8067 374
8067 166
8062 960
8059 173
8048 854
7986 2
7980 565
7936 914
7853 669
7845 17
7835 279
7809 69
7784 536
7761 662
7733 762
7700 826
7641 803
7635 982
7611 73
7601 433
7600 771
7568 589
7558 943
7524 473
7491 639
7442 329
7440 240
7416 266
7407 175
7387 357
7359 334
7322 624
7315 615
7310 82
7257 3
7201 683
7201 952
7185 795
7184 119
7167 765
7150 248
7110 800
7084 347
7053 227
7034 109
7027 471
7024 351
7022 823
6949 62
6906 97
6900 812
6885 250
6813 699
6771 770
6763 305
6715 454
6690 208
6652 343
6633 517
6610 13
6603 761
6557 177
6554 433
6544 922
6525 954
6519 182
6518 833
6503 529
6495 103
6495 2
6400 486
6366 967
6363 313
6303 915
6260 520
6255 4
6233 717
6215 711
6201 574
6187 796
6184 663
6123 417
6082 730
6054 177
6051 640
6042 976
6040 267
6015 857
5970 749
5963 943
5905 315
5898 999
5884 49
5858 843
5855 194
5846 38
5837 222
5820 563
5771 39
5736 218
5719 765
5613 675
5582 529
5564 84
5552 887
5541 435
5536 670
5531 665
5523 917
5520 429
5413 434
5381 666
5322 660
5307 163
5283 615
5259 742
5235 841
5209 375
5183 482
5174 391
5167 105
5151 20
5138 596
5128 636
5124 828
5109 171
5102 109
5060 18
5027 520
5005 925
4982 411
4969 265
4847 731
4845 425
4818 684
4790 267
4682 425
4675 72
4669 191
4668 975
4647 491
4640 960
4625 725
4585 274
4565 580
4523 293
4511 122
4506 749
4496 295
4482 151
4457 955
4418 168
4348 996
4346 313
4267 657
4232 305
4207 214
4176 526
4111 395
4111 547
4105 236
4098 488
4028 692
4009 481
3897 338
3878 319
3870 993
3856 275
3825 482
3817 109
3791 461
3779 964
3713 888
3702 285
3639 823
3613 348
3609 589
3566 448
3558 704
3554 154
3518 562
3504 742
3495 615
3476 622
3362 573
3358 590
3350 327
3318 677
3306 701
3300 818
3262 488
3243 866
3218 33
3178 740
3163 810
3157 91
3122 751
3059 262
3043 711
3005 246
3001 327
2997 672
2965 434
2925 748
2871 580
2824 174
2820 408
2813 169
2780 498
2729 654
2728 49
2720 831
2687 717
2687 482
2684 879
2615 600
2602 744
2431 273
2409 759
2365 449
2319 848
2277 488
2272 654
2220 648
2165 282
2127 50
2082 99
2068 296
1952 366
1926 159
1912 894
1881 442
1866 640
1848 687
1749 184
1742 324
1722 423
1691 383
1671 775
1655 877
1631 693
1590 39
1586 440
1517 476
1490 773
1483 732
1437 104
1321 448
1317 750
1316 600
1272 356
1269 644
1259 262
1240 323
1234 304
1224 395
1214 28
1203 190
1191 778
1181 218
1180 141
1112 915
1107 424
1069 759
1011 394
980 760
973 587
964 45
956 554
907 799
895 992
871 727
856 800
761 401
745 541
725 72
715 524
640 931
612 274
606 19
606 424
603 57
600 352
587 16
574 35
572 909
571 242
564 976
535 758
473 872
429 131
425 223
413 855
378 564
342 882
338 968
322 327
306 619
302 74
296 255
293 145
264 649
244 564
214 103
180 243
170 670
117 987
108 499
79 972
66 9
51 867
46 426
