243
9838 439
9838 37
9825 346
9807 879
9786 37
9775 785
9772 818
9767 198
9761 230
9716 520
9709 464
9708 405
9701 115
9699 283
9575 325
9428 565
9410 940
9300 844
9263 280
9261 23
9253 700
9229 231
9185 106
9165 556
9090 115
9057 8
9034 446
9015 414
8990 526
8954 793
8635 926
8633 717
8614 466
8607 793
8567 183
8521 121
8516 479
8509 283
8507 994
8351 669
8307 232
8273 234
8165 856
8147 255
8138 482
8135 826
8052 920
8035 63
8008 689
7919 453
7843 184
7772 284
7738 922
7623 636
7583 56
7555 755
7554 784
7553 704
7551 732
7527 594
7523 579
7522 514
7509 220
7490 138
7411 63
7374 188
7353 483
7314 124
7300 628
7290 925
7230 609
7223 135
7217 40
7175 62
7150 146
7116 994
7068 822
7057 10
6987 772
6982 732
6885 293
6863 542
6680 675
6598 807
6588 167
6551 634
6532 785
6523 110
6409 658
6253 706
6209 488
6085 501
6074 703
6062 519
6056 576
5985 921
5962 378
5863 7
5852 24
5776 876
5765 590
5752 55
5630 70
5593 991
5455 973
5347 118
5325 515
5305 405
5261 64
5240 568
5206 151
5187 638
5110 17
5094 639
5063 232
5023 511
4973 798
4956 779
4870 693
4864 286
4850 891
4751 578
4746 121
4703 449
4686 335
4686 634
4676 118
4551 548
4531 45
4520 538
4500 46
4494 306
4482 26
4476 947
4470 697
4447 809
4433 609
4358 974
4357 195
4344 137
4296 147
4254 967
4157 566
4141 752
4140 109
4137 651
4127 231
4123 119
4081 218
4079 298
4074 981
3828 926
3742 935
3700 876
3608 47
3602 868
3447 423
3446 999
3436 521
3412 564
3277 684
3270 282
3176 878
3005 688
2843 725
2840 945
2798 741
2766 992
2762 557
2741 689
2731 264
2700 930
2689 46
2654 719
2635 818
2627 765
2619 288
2618 692
2535 899
2441 513
2428 70
2384 897
2211 110
2191 282
2160 234
2152 510
2033 584
1954 534
1933 79
1914 599
1779 228
1692 198
1688 856
1585 336
1521 419
1505 405
1500 127
1451 329
1428 874
1397 599
1391 970
1341 356
1329 512
1295 123
1289 139
1221 773
1162 652
1119 773
1110 439
1082 967
1032 904
985 364
973 645
967 710
933 751
879 789
861 360
858 54
838 526
824 633
731 349
719 250
709 945
647 685
600 152
575 270
537 562
449 955
410 938
374 761
369 68
350 736
331 693
254 279
245 783
231 328
196 963
189 965
166 344
129 196
68 30
54 422
47 645
