89
9829 336
9795 992
9644 833
9591 771
9517 896
9483 90
9437 39
9273 221
9101 554
8918 664
8808 184
8612 398
8474 158
8353 548
8268 665
8245 367
8030 918
7986 259
7952 399
7791 772
7500 926
7389 519
7318 164
7268 445
7190 595
7041 848
7040 856
6783 992
6593 362
6154 729
6114 906
6017 634
5682 781
5553 594
5411 435
5344 476
5246 870
5241 922
5219 511
5025 910
4877 986
4775 699
4576 774
4403 952
4217 652
4098 988
3986 407
3728 723
3713 291
3606 811
3584 123
3493 310
3387 408
3374 737
3339 661
3309 348
3309 157
3301 221
3216 220
3197 862
3010 976
2897 273
2713 906
2476 728
2456 702
2415 352
2290 472
2245 756
1865 317
1796 285
1719 593
1712 750
1667 463
1646 501
1613 228
1441 998
1343 233
1301 994
1252 618
1184 290
1067 595
709 97
706 108
544 398
465 320
323 32
318 626
255 662
31 689
