692
9999 530
9996 627
9995 650
9989 952
9973 274
9965 672
9945 375
9914 990
9905 250
9894 535
9887 117
9854 972
9829 78
9816 454
9810 651
9808 455
9806 43
9779 979
9734 78
9733 289
9730 730
9728 102
9688 292
9665 578
9656 912
9638 907
9625 281
9579 944
9530 65
9513 986
9503 8
9499 257
9498 761
9472 451
9469 662
9450 834
9429 655
9429 649
9381 801
9361 418
9355 636
9288 859
9282 532
9275 989
9263 998
9253 395
9223 441
9202 877
9185 104
9184 364
9183 601
9183 675
9176 522
9171 64
9169 504
9125 942
9079 358
9072 445
9043 192
9040 915
9038 10
9020 360
8944 375
8928 904
8927 396
8904 804
8881 663
8873 341
8855 152
8821 982
8814 79
8799 793
8795 630
8793 37
8793 303
8787 244
8785 563
8778 335
8764 62
8760 138
8758 261
8745 980
8732 634
8728 503
8717 928
8704 347
8703 282
8699 335
8675 642
8668 304
8650 50
8608 1000
8577 423
8571 502
8549 401
8514 167
8510 329
8497 406
8478 585
8462 152
8446 970
8441 378
8434 11
8434 277
8424 429
8404 497
8401 220
8384 54
8382 863
8353 728
8343 842
8311 847
8308 452
8307 323
8295 193
8288 99
8216 22
8188 325
8167 397
8148 243
8128 799
8115 296
8113 642
8111 719
8103 165
8102 976
8084 91
8020 176
7994 113
7986 331
7969 287
7961 52
7951 871
7930 43
7928 408
7902 794
7898 692
7892 365
7867 146
7843 162
7790 175
7777 398
7709 830
7679 361
7668 158
7651 462
7619 45
7581 512
7581 685
7581 769
7570 826
7559 552
7534 991
7507 971
7502 225
7495 180
7486 535
7478 959
7445 898
7443 364
7439 725
7427 213
7384 966
7374 157
7356 236
7355 704
7352 773
7336 116
7319 105
7316 419
7261 869
7243 177
7175 536
7175 676
7165 321
7156 783
7154 888
7098 916
7097 462
7093 806
7085 224
7080 750
7067 488
7059 609
7053 985
7001 880
6995 428
6981 15
6934 384
6933 825
6931 293
6918 602
6910 524
6874 243
6854 774
6850 854
6817 718
6814 854
6813 668
6802 859
6744 359
6723 824
6688 281
6684 179
6660 152
6636 509
6628 799
6625 439
6620 215
6599 403
6557 28
6557 143
6545 107
6541 772
6522 932
6498 398
6491 719
6482 783
6476 918
6431 260
6412 841
6411 277
6381 665
6371 510
6361 891
6356 255
6344 439
6331 359
6324 370
6316 300
6312 540
6310 66
6294 677
6265 524
6255 332
6237 307
6233 458
6212 182
6198 754
6181 444
6179 310
6173 898
6163 604
6147 499
6136 53
6120 312
6081 893
6078 832
6052 272
6024 997
6013 527
6012 337
6002 51
5934 689
5932 539
5887 50
5861 763
5860 285
5848 882
5822 827
5811 517
5810 62
5808 943
5777 774
5777 732
5770 451
5741 402
5739 709
5720 974
5719 638
5707 156
5706 722
5696 468
5694 388
5663 384
5650 234
5650 565
5646 991
5587 453
5570 482
5562 320
5550 19
5527 937
5497 296
5494 533
5480 727
5435 205
5391 682
5389 609
5373 72
5364 475
5330 372
5304 994
5297 538
5292 667
5291 165
5263 386
5240 516
5228 625
5226 29
5189 862
5181 125
5167 211
5160 300
5158 409
5126 752
5108 432
5071 302
5063 526
5061 648
5061 650
5028 517
5028 683
5024 424
5000 450
4989 568
4983 608
4956 548
4942 570
4926 459
4901 701
4890 429
4853 305
4839 459
4824 53
4823 1000
4821 642
4814 396
4775 751
4768 250
4767 972
4763 497
4748 868
4727 142
4711 64
4688 43
4670 229
4650 495
4597 827
4597 823
4588 683
4580 938
4577 813
4540 246
4521 119
4519 999
4512 764
4510 98
4491 157
4482 810
4479 916
4467 466
4452 848
4439 26
4435 990
4432 965
4430 567
4394 318
4392 21
4388 404
4385 774
4382 713
4362 568
4322 87
4321 893
4286 53
4282 406
4272 742
4268 626
4259 33
4225 922
4211 78
4201 591
4197 340
4191 153
4191 4
4188 506
4176 194
4163 797
4155 637
4154 503
4145 977
4136 238
4096 771
4081 156
4066 211
4065 766
4063 798
4035 454
4029 667
4016 443
3995 115
3977 231
3972 42
3952 986
3946 212
3943 138
3942 476
3940 825
3930 677
3903 534
3899 629
3884 938
3861 539
3832 278
3790 744
3767 601
3738 804
3733 47
3725 129
3699 26
3677 486
3670 990
3661 7
3660 343
3633 969
3630 801
3625 556
3623 101
3608 229
3601 609
3585 642
3583 889
3561 350
3557 732
3547 951
3542 17
3542 28
3538 975
3523 768
3519 90
3501 360
3496 779
3493 264
3482 945
3458 183
3454 184
3446 900
3444 810
3435 534
3429 773
3418 529
3402 388
3399 670
3390 403
3377 155
3370 788
3367 328
3366 318
3348 340
3346 184
3297 429
3295 761
3290 597
3282 48
3278 151
3266 316
3236 923
3204 266
3198 443
3177 323
3166 814
3160 771
3133 364
3118 959
3113 614
3090 831
3086 991
3027 862
3013 769
2997 640
2965 490
2962 545
2953 527
2941 775
2937 851
2924 456
2922 924
2909 453
2872 645
2867 836
2859 526
2843 502
2836 40
2811 614
2784 903
2783 858
2751 793
2739 878
2725 753
2688 703
2683 881
2673 350
2671 641
2671 532
2662 271
2646 605
2640 715
2640 954
2626 618
2618 669
2607 937
2595 124
2595 691
2588 933
2581 178
2556 824
2549 381
2521 462
2515 276
2508 370
2506 207
2483 820
2462 648
2448 655
2429 52
2382 399
2332 181
2329 42
2326 438
2298 902
2290 276
2267 642
2264 982
2245 400
2220 972
2219 555
2215 477
2194 994
2178 550
2157 253
2146 551
2129 992
2126 809
2110 736
2094 528
2083 20
2071 261
2042 784
2032 421
2004 886
1968 906
1964 706
1955 163
1943 364
1920 493
1911 676
1902 827
1900 989
1887 736
1870 583
1860 274
1850 347
1833 986
1831 962
1812 503
1802 424
1801 554
1786 666
1756 66
1743 552
1743 804
1741 893
1737 24
1731 600
1729 590
1729 197
1693 800
1683 67
1675 707
1669 788
1668 524
1659 404
1650 178
1643 341
1627 405
1626 953
1615 469
1613 946
1607 854
1601 622
1586 164
1567 312
1563 859
1550 156
1539 324
1521 148
1510 93
1510 90
1509 597
1496 393
1475 55
1439 24
1415 538
1409 159
1403 820
1372 222
1358 675
1308 84
1297 722
1297 58
1297 894
1272 140
1264 117
1257 624
1237 469
1224 386
1222 578
1221 243
1206 967
1178 686
1163 716
1158 881
1146 544
1137 992
1136 590
1107 96
1080 734
1070 346
1048 241
1005 930
964 349
952 296
928 22
923 201
921 83
909 300
901 675
897 569
893 193
862 354
852 871
841 326
815 450
799 747
793 62
782 864
754 610
715 140
702 848
700 185
695 601
676 185
663 286
647 459
641 215
628 301
624 610
622 893
580 923
580 720
574 669
561 304
557 326
528 891
503 122
491 267
464 735
462 548
417 668
367 173
365 954
332 379
322 539
311 347
281 542
268 577
256 173
253 392
243 316
226 443
225 398
223 750
198 935
195 737
176 406
169 384
168 774
166 173
164 377
152 685
135 181
121 20
115 387
95 560
87 18
86 585
83 40
79 367
75 938
74 79
22 82
