141
9948 11
9870 25
9711 38
9705 49
9685 55
9598 60
9588 62
9458 66
9371 77
9320 80
9261 83
9257 91
9211 92
9186 93
9178 114
9099 119
9056 119
9041 123
8984 135
8913 146
8869 160
8862 160
8632 182
8598 199
8504 209
8497 228
8473 231
8460 238
8460 242
8418 247
8397 251
8388 254
8330 263
8323 273
8252 273
8232 275
8133 277
8077 285
7751 288
7665 291
7599 292
7462 296
7451 297
7340 300
7300 309
7264 315
7250 317
7205 317
7158 319
7141 322
6937 325
6934 327
6780 342
6733 345
6657 346
6631 350
6607 350
6570 359
6560 400
6535 403
6500 409
6278 422
6193 426
6183 433
6129 440
6082 441
6031 458
5767 459
5679 471
5535 480
5511 488
5297 496
5287 497
5231 508
5150 508
5045 519
4973 520
4924 520
4869 547
4814 550
4653 552
4636 553
4557 554
4525 557
4519 559
4378 569
4364 574
4280 587
4192 607
4188 608
4133 617
4065 618
4020 618
3987 623
3914 625
3905 626
3839 629
3826 630
3778 635
3746 637
3733 643
3547 652
3483 654
3428 659
3427 664
3392 677
3385 679
3232 690
3074 701
3070 703
2925 703
2804 710
2757 716
2652 726
2560 731
2306 731
2130 741
2121 758
2119 763
1990 771
1788 795
1783 814
1742 817
1680 827
1537 828
1512 849
1239 866
1141 869
1084 874
998 900
997 901
933 915
861 937
731 939
704 952
635 956
402 972
387 982
341 987
55 988
42 990
