797
9989 1
9979 2
9972 3
9912 7
9910 7
9887 8
9868 8
9850 12
9812 12
9801 12
9798 12
9791 12
9724 13
9690 14
9676 17
9662 17
9656 21
9649 21
9649 23
9626 23
9607 24
9604 25
9587 25
9585 25
9585 26
9527 26
9512 28
9508 30
9499 31
9495 36
9489 37
9483 38
9462 38
9451 39
9450 43
9435 43
9431 44
9420 44
9419 45
9417 45
9414 48
9407 50
9403 51
9398 51
9381 53
9371 53
9351 54
9350 56
9342 56
9327 57
9326 58
9296 59
9288 59
9282 63
9256 64
9242 66
9241 71
9236 75
9230 76
9226 76
9213 76
9206 77
9205 78
9202 79
9201 80
9186 80
9175 81
9171 81
9150 82
9143 84
9137 84
9124 84
9119 85
9111 87
9098 87
9091 89
9090 93
9087 93
9077 93
9066 94
9066 96
9040 98
9012 99
8968 99
8966 100
8965 100
8964 102
8951 104
8947 104
8931 105
8908 106
8896 107
8895 110
8885 110
8879 111
8868 112
8857 112
8848 114
8840 115
8826 117
8797 117
8771 119
8771 119
8763 120
8762 120
8748 120
8729 125
8728 126
8723 127
8711 127
8685 127
8671 128
8649 135
8540 135
8537 135
8534 136
8459 141
8457 144
8451 145
8428 145
8395 145
8393 148
8388 149
8370 149
8368 150
8366 154
8352 154
8348 159
8337 160
8333 161
8331 161
8311 161
8305 162
8280 169
8269 170
8248 171
8228 173
8223 175
8222 175
8220 177
8213 179
8209 180
8198 182
8181 182
8176 183
8170 184
8162 186
8160 186
8151 188
8148 190
8143 190
8141 192
8140 192
8132 192
8085 192
8085 193
8079 194
8074 195
8070 195
8042 196
8027 196
8016 196
8009 198
7995 200
7983 200
7979 207
7953 207
7950 207
7935 207
7933 208
7933 209
7889 212
7883 216
7875 216
7856 216
7793 217
7786 218
7783 218
7769 226
7718 228
7675 229
7672 229
7672 229
7667 229
7659 229
7631 231
7628 233
7626 233
7616 234
7614 236
7604 239
7600 239
7585 240
7574 242
7561 244
7558 244
7557 244
7522 245
7522 246
7505 247
7499 249
7499 251
7488 252
7472 254
7466 255
7454 258
7438 260
7424 261
7418 262
7384 263
7377 263
7334 264
7332 264
7324 265
7308 266
7296 268
7290 268
7255 268
7253 268
7242 269
7219 272
7191 274
7182 275
7172 276
7169 278
7167 278
7139 280
7130 281
7123 281
7102 281
7093 283
7092 285
7089 286
7086 286
7068 288
7067 288
7064 289
7059 290
7044 290
7035 291
6990 292
6977 293
6967 294
6922 298
6919 298
6909 299
6876 301
6874 303
6867 305
6859 305
6859 306
6858 308
6856 314
6856 315
6849 315
6828 318
6812 318
6808 319
6780 320
6778 321
6759 321
6754 322
6741 325
6735 328
6708 328
6703 329
6698 330
6680 333
6666 335
6636 336
6628 337
6620 340
6614 342
6584 342
6575 343
6570 344
6567 345
6565 345
6557 345
6551 346
6541 346
6532 348
6515 348
6510 349
6470 350
6470 351
6441 354
6428 354
6424 356
6419 356
6419 357
6407 361
6404 369
6389 370
6384 371
6353 371
6333 373
6329 373
6304 374
6301 374
6296 380
6287 383
6274 387
6270 389
6243 389
6233 389
6231 391
6224 392
6220 392
6208 395
6195 398
6192 398
6171 402
6158 402
6150 402
6147 402
6123 404
6122 404
6122 407
6118 408
6118 409
6106 409
6105 411
6094 411
6093 412
6093 413
6080 413
6069 416
6065 417
6062 419
6029 420
6003 420
6003 422
6001 423
5998 423
5984 425
5982 426
5976 427
5960 427
5957 428
5932 428
5932 430
5922 430
5914 431
5914 431
5910 431
5899 434
5878 435
5856 436
5852 436
5816 436
5813 436
5810 439
5790 440
5788 442
5774 442
5755 442
5752 442
5738 444
5704 445
5685 445
5659 448
5648 448
5646 449
5616 450
5576 453
5559 453
5546 453
5526 457
5482 459
5478 460
5434 460
5424 461
5416 462
5414 465
5403 465
5379 465
5365 468
5361 468
5360 469
5347 469
5330 472
5327 472
5318 474
5316 475
5308 477
5302 478
5301 479
5290 480
5286 480
5284 480
5280 481
5274 483
5271 484
5264 487
5246 487
5199 488
5189 491
5185 493
5184 495
5181 498
5142 500
5133 503
5118 504
5081 505
5077 505
5073 507
5061 511
5000 511
4999 511
4999 514
4999 515
4987 515
4977 515
4976 516
4967 517
4963 517
4960 517
4950 519
4943 519
4940 521
4937 523
4931 524
4930 526
4915 527
4910 528
4886 528
4846 530
4843 530
4838 533
4823 534
4817 536
4814 537
4799 540
4781 540
4773 540
4758 541
4731 543
4705 543
4673 546
4672 547
4669 547
4654 547
4641 548
4639 552
4629 553
4587 553
4572 562
4562 563
4516 563
4489 563
4484 563
4470 564
4461 565
4458 566
4441 566
4436 567
4426 567
4422 568
4408 568
4401 568
4387 568
4317 569
4313 572
4275 573
4266 574
4255 574
4238 575
4224 577
4213 579
4211 580
4209 581
4193 583
4174 584
4165 587
4164 587
4155 590
4139 594
4122 595
4108 597
4100 599
4083 600
4066 602
4042 603
4020 606
4009 607
3998 609
3978 611
3962 612
3944 613
3912 614
3896 615
3885 616
3866 616
3859 618
3855 618
3845 618
3841 619
3817 620
3815 620
3805 622
3800 624
3796 624
3758 624
3753 625
3750 625
3723 627
3709 632
3695 632
3670 632
3663 633
3659 634
3659 634
3642 635
3639 636
3633 636
3631 636
3616 641
3604 643
3598 646
3595 647
3588 647
3585 647
3579 648
3573 650
3536 651
3531 652
3526 653
3507 657
3499 658
3494 659
3485 659
3455 662
3419 662
3396 664
3388 664
3381 665
3349 665
3289 669
3283 670
3276 670
3271 672
3264 673
3239 673
3239 673
3235 674
3233 674
3229 675
3225 675
3221 675
3202 676
3182 677
3172 678
3169 678
3159 679
3132 680
3129 682
3105 682
3100 686
3099 690
3089 692
3061 693
3049 695
3026 695
3013 696
2987 697
2967 697
2938 699
2882 700
2874 701
2868 703
2866 705
2838 706
2834 706
2831 710
2827 710
2826 710
2822 711
2817 711
2797 712
2794 712
2788 713
2773 713
2755 713
2738 714
2728 715
2688 715
2664 716
2651 719
2638 720
2630 722
2621 722
2589 723
2582 725
2577 728
2577 729
2566 729
2559 729
2547 729
2536 735
2523 737
2516 739
2515 740
2515 743
2511 743
2504 744
2477 745
2451 751
2431 752
2427 753
2412 761
2401 761
2389 762
2372 763
2356 763
2355 765
2338 767
2331 769
2309 770
2295 771
2284 773
2276 775
2261 777
2251 778
2229 778
2189 779
2159 783
2151 785
2149 786
2139 788
2138 789
2138 789
2129 790
2128 790
2127 793
2108 794
2104 803
2098 804
2096 806
2084 810
2074 810
2070 811
2053 811
2034 814
2010 816
1997 817
1984 817
1981 818
1968 820
1917 820
1917 821
1892 821
1850 822
1849 826
1810 828
1794 831
1778 833
1776 833
1770 835
1758 837
1754 838
1736 838
1682 839
1678 840
1666 842
1661 844
1653 845
1636 847
1629 847
1594 848
1588 849
1582 851
1532 853
1531 855
1492 855
1491 856
1473 856
1434 860
1418 861
1412 862
1404 863
1387 863
1380 863
1369 864
1365 866
1343 867
1304 867
1277 869
1258 870
1251 870
1248 871
1246 873
1245 875
1231 875
1227 882
1213 883
1202 884
1198 884
1196 884
1193 885
1184 888
1182 890
1160 891
1147 892
1119 892
1115 896
1113 896
1101 897
1077 898
1065 899
1026 900
1024 902
1023 905
1022 905
1019 908
1000 909
992 909
990 911
964 911
962 912
933 913
921 914
919 916
903 916
863 917
848 918
840 919
834 919
829 924
824 925
817 926
802 927
799 927
791 927
788 928
785 929
757 931
755 933
745 933
744 933
736 936
731 936
729 938
700 938
698 939
686 940
668 941
658 941
645 941
621 943
617 943
551 943
550 944
546 945
545 945
537 946
511 947
510 948
510 948
506 955
505 956
500 956
475 958
454 958
453 961
411 962
404 964
400 964
395 964
379 964
374 964
373 966
334 970
324 972
317 972
295 974
276 974
276 975
259 977
241 977
228 979
166 980
155 981
130 982
126 986
122 986
88 991
76 991
67 993
62 993
61 994
56 994
54 997
48 997
46 998
5 998
4 999
