586
9987 1
9977 2
9955 8
9935 13
9929 14
9924 15
9919 15
9914 16
9871 19
9836 25
9833 26
9796 29
9790 31
9788 37
9770 40
9762 40
9759 40
9747 41
9724 44
9710 45
9700 45
9676 46
9657 47
9631 51
9623 51
9612 56
9600 58
9588 58
9583 59
9565 60
9521 60
9507 61
9506 61
9504 65
9484 69
9483 70
9480 74
9452 75
9429 77
9423 81
9395 82
9376 84
9364 84
9364 88
9353 88
9325 91
9313 91
9305 91
9269 92
9234 92
9207 93
9177 93
9164 93
9132 95
9100 97
9100 98
9080 102
9078 102
9063 103
9052 105
9015 108
9011 109
8994 110
8987 114
8982 115
8975 116
8970 116
8960 118
8955 119
8948 119
8948 122
8937 122
8935 124
8911 128
8909 131
8865 133
8862 139
8855 140
8794 141
8794 141
8758 144
8753 145
8728 147
8658 149
8645 150
8615 157
8591 157
8582 158
8580 159
8548 161
8545 162
8518 163
8480 166
8454 171
8443 175
8428 176
8372 177
8362 177
8362 179
8352 180
8320 184
8290 185
8289 186
8254 186
8225 188
8215 189
8177 191
8154 191
8151 192
8148 193
8123 194
8115 196
8115 196
8098 198
8091 199
8048 206
8046 209
8031 210
8026 212
8017 214
8000 219
7997 222
7988 224
7938 224
7933 226
7929 228
7876 229
7874 233
7853 233
7831 235
7828 237
7821 238
7818 242
7805 242
7738 246
7710 248
7708 253
7678 253
7664 254
7663 255
7627 256
7599 257
7589 257
7582 262
7579 265
7578 265
7565 265
7550 266
7534 272
7508 272
7503 272
7487 272
7444 273
7426 274
7406 275
7402 276
7384 277
7372 278
7364 280
7362 281
7316 285
7273 285
7235 292
7226 293
7192 294
7191 294
7182 295
7181 299
7162 302
7144 302
7134 304
7107 309
7105 314
7091 314
7080 315
7080 317
7046 318
6966 322
6918 323
6915 325
6910 326
6899 332
6807 332
6807 333
6756 337
6731 337
6699 338
6675 342
6654 343
6651 345
6641 346
6636 349
6633 349
6632 349
6581 355
6581 357
6559 359
6546 368
6541 368
6537 369
6527 370
6511 370
6426 372
6419 372
6417 372
6409 373
6397 373
6370 373
6361 374
6355 377
6355 378
6298 381
6293 387
6270 389
6246 390
6242 391
6175 392
6170 394
6155 395
6133 396
6056 399
6007 407
6003 409
5994 409
5992 411
5966 412
5961 413
5940 418
5922 419
5919 421
5891 422
5868 422
5860 423
5858 424
5842 425
5802 427
5777 428
5768 432
5757 438
5750 438
5728 441
5710 443
5684 444
5661 445
5650 445
5638 445
5629 445
5627 447
5610 452
5600 453
5597 454
5595 455
5592 455
5587 455
5549 455
5500 456
5491 459
5482 461
5463 463
5450 464
5423 464
5403 464
5382 467
5377 469
5366 470
5334 472
5316 472
5311 473
5297 476
5295 477
5291 480
5271 483
5271 483
5236 483
5234 486
5233 488
5225 489
5223 490
5218 490
5217 493
5202 494
5196 495
5195 495
5180 499
5160 502
5111 504
5069 505
5069 507
5060 509
5044 512
5023 512
5021 514
5010 515
4994 517
4993 519
4992 522
4962 523
4938 525
4923 526
4914 527
4911 529
4827 532
4789 532
4766 534
4745 535
4741 539
4707 543
4705 544
4696 552
4696 553
4689 553
4679 556
4671 558
4664 560
4638 560
4634 564
4626 565
4606 567
4595 568
4587 568
4568 569
4540 569
4529 570
4526 571
4523 573
4521 573
4509 573
4508 575
4506 576
4475 576
4471 576
4425 577
4402 582
4396 583
4379 584
4327 584
4324 585
4321 586
4263 587
4251 588
4242 593
4236 597
4229 598
4227 599
4207 599
4180 601
4178 603
4177 604
4168 605
4157 605
4153 606
4152 607
4144 608
4136 610
4129 610
4123 612
4084 614
4081 614
4076 615
4059 618
4048 620
4001 623
3965 623
3944 625
3934 626
3928 628
3924 628
3897 628
3885 631
3868 631
3863 634
3855 634
3823 639
3819 640
3815 643
3810 646
3797 654
3776 659
3754 661
3749 664
3734 665
3730 665
3714 665
3713 665
3710 671
3681 672
3648 672
3625 674
3621 675
3615 677
3612 677
3584 684
3578 684
3564 688
3563 689
3553 690
3535 690
3491 693
3474 695
3458 695
3450 696
3437 696
3423 697
3369 698
3347 704
3346 705
3334 705
3325 706
3316 709
3315 711
3292 713
3277 715
3276 715
3248 716
3242 717
3236 718
3156 720
3154 721
3120 724
3101 725
3070 725
2992 726
2976 728
2962 730
2938 730
2919 731
2886 734
2884 734
2847 735
2844 736
2832 737
2828 738
2819 739
2783 740
2760 742
2757 742
2739 744
2739 748
2727 749
2725 751
2713 752
2699 753
2664 753
2650 755
2640 755
2634 756
2617 756
2608 759
2602 760
2579 761
2561 761
2539 761
2539 764
2529 768
2504 770
2482 771
2468 774
2463 775
2451 780
2448 782
2442 783
2426 783
2401 794
2380 796
2373 797
2367 800
2366 800
2335 803
2330 803
2328 808
2323 809
2271 811
2239 814
2230 818
2222 821
2220 822
2219 824
2211 824
2192 825
2177 826
2152 826
2133 826
2122 827
2069 827
2054 827
2030 830
2029 833
2025 833
2015 834
1987 838
1984 841
1934 846
1931 848
1903 855
1888 856
1883 856
1875 861
1855 862
1853 862
1847 863
1836 864
1830 871
1805 872
1795 874
1789 875
1762 876
1762 876
1742 877
1724 879
1710 885
1700 885
1686 886
1630 886
1624 887
1581 888
1565 890
1549 891
1537 891
1528 893
1510 893
1480 894
1475 895
1462 896
1462 896
1446 903
1379 905
1349 907
1341 909
1327 910
1322 910
1317 910
1314 911
1258 912
1256 919
1253 922
1216 922
1210 923
1209 925
1183 926
1158 927
1134 929
1132 931
1062 932
1035 934
979 936
961 943
915 945
898 947
890 948
882 948
873 949
871 950
837 950
828 952
805 953
797 955
770 956
741 956
691 957
663 957
654 958
650 958
595 959
595 961
568 962
555 964
533 967
494 976
422 978
418 979
400 980
364 980
341 981
294 983
288 984
215 984
205 985
189 988
142 989
134 990
130 992
128 994
110 995
99 996
22 997
9 999
