732
9997 1
9993 3
9988 3
9957 5
9956 6
9943 7
9938 10
9927 12
9914 12
9892 12
9865 13
9853 14
9788 16
9774 16
9735 18
9728 19
9718 22
9703 24
9694 25
9675 26
9655 27
9635 28
9625 31
9624 33
9617 33
9591 35
9577 36
9576 38
9561 38
9557 42
9543 43
9522 43
9510 43
9508 46
9490 46
9486 48
9482 50
9475 51
9474 52
9453 53
9386 61
9386 61
9375 62
9360 63
9354 65
9347 66
9341 68
9332 68
9315 68
9300 70
9291 70
9287 70
9271 70
9241 71
9175 77
9168 79
9167 82
9160 85
9158 87
9155 88
9154 94
9154 95
9134 95
9123 95
9118 95
9102 96
9090 97
9064 99
9050 101
9049 101
9040 102
8997 103
8991 103
8983 105
8980 106
8978 106
8973 106
8972 108
8965 108
8955 112
8955 112
8932 115
8921 116
8902 120
8886 122
8866 123
8865 128
8858 129
8855 130
8847 136
8825 138
8817 138
8809 139
8808 140
8793 141
8791 141
8780 143
8774 143
8767 145
8765 145
8753 146
8740 146
8738 151
8733 152
8713 153
8711 153
8710 154
8694 154
8676 155
8674 155
8641 155
8640 156
8634 158
8612 160
8583 160
8581 162
8572 163
8564 163
8545 164
8543 164
8517 165
8514 165
8501 169
8484 172
8469 175
8458 177
8441 178
8430 179
8425 181
8421 182
8409 185
8394 186
8392 188
8356 189
8342 189
8326 190
8299 192
8294 194
8269 194
8264 194
8237 194
8219 195
8216 196
8215 197
8211 200
8182 201
8177 201
8174 203
8164 203
8154 204
8142 206
8142 206
8138 210
8116 211
8112 212
8102 212
8086 213
8086 213
8075 214
8052 214
8036 215
8033 215
8026 218
8010 222
8001 225
7998 225
7994 225
7986 226
7981 226
7955 226
7949 227
7947 228
7934 228
7924 230
7904 234
7889 234
7887 235
7882 240
7878 243
7865 245
7864 247
7863 248
7842 249
7825 250
7824 251
7815 253
7803 258
7780 258
7755 259
7742 263
7740 264
7735 265
7696 266
7691 268
7678 269
7638 269
7636 273
7631 273
7631 277
7628 277
7625 277
7610 279
7604 280
7598 283
7597 284
7583 286
7563 292
7562 294
7555 297
7545 298
7509 298
7481 298
7371 299
7348 301
7336 306
7319 307
7315 311
7309 311
7291 314
7276 315
7273 316
7253 323
7245 324
7240 324
7170 331
7167 331
7157 333
7130 337
7105 338
7095 338
7059 341
7047 342
7036 343
7032 343
7014 343
7014 344
6984 346
6982 346
6962 347
6948 350
6947 350
6937 351
6933 351
6928 353
6927 354
6910 354
6907 359
6899 359
6898 362
6871 362
6863 362
6847 364
6833 365
6828 365
6820 368
6815 369
6808 369
6740 369
6717 370
6685 370
6680 371
6671 376
6647 377
6645 379
6643 381
6584 382
6578 382
6543 382
6522 383
6519 385
6506 386
6498 388
6496 389
6490 389
6483 392
6456 392
6447 393
6443 393
6407 394
6400 394
6399 397
6394 398
6379 399
6376 402
6362 403
6356 405
6334 406
6332 406
6328 412
6318 412
6309 413
6294 413
6280 415
6219 419
6218 419
6218 419
6209 419
6159 421
6157 421
6154 421
6147 422
6146 425
6127 426
6106 426
6102 431
6075 436
6071 437
6070 437
6059 438
6057 440
6051 440
6047 442
6044 450
6042 450
6021 451
6008 452
5982 453
5933 454
5930 455
5928 459
5892 461
5891 461
5888 462
5878 464
5868 464
5790 464
5720 465
5699 467
5681 467
5667 470
5648 471
5643 473
5622 473
5620 474
5599 476
5572 477
5561 477
5528 480
5520 480
5475 481
5472 481
5468 483
5456 483
5447 483
5445 484
5445 485
5414 486
5413 487
5388 488
5372 488
5360 491
5357 493
5327 497
5321 497
5314 497
5308 499
5295 499
5283 505
5262 507
5255 507
5250 508
5199 508
5194 508
5180 510
5180 511
5174 513
5171 514
5156 515
5141 517
5139 518
5107 518
5101 519
5081 520
5055 521
5015 523
5002 523
4993 523
4992 525
4975 525
4954 526
4941 526
4929 527
4928 527
4906 527
4890 529
4875 531
4867 533
4865 535
4863 536
4860 537
4851 539
4842 541
4819 545
4819 546
4780 546
4723 548
4722 550
4694 551
4660 551
4657 553
4638 553
4628 554
4623 556
4614 556
4604 558
4595 558
4594 558
4579 559
4572 559
4568 565
4561 565
4533 566
4527 566
4524 566
4475 567
4473 568
4470 569
4441 570
4388 570
4387 572
4380 573
4368 573
4357 575
4348 576
4344 580
4344 580
4343 581
4311 583
4305 584
4288 585
4286 586
4285 586
4279 586
4274 586
4268 587
4238 588
4238 588
4218 590
4214 591
4212 592
4194 594
4191 596
4190 597
4187 598
4177 600
4175 600
4152 604
4152 607
4144 608
4139 609
4139 610
4132 614
4122 615
4104 616
4088 619
4069 621
4064 622
4055 622
4040 622
4037 624
4019 624
3996 628
3988 628
3958 629
3956 629
3937 629
3914 632
3898 633
3888 635
3864 635
3852 635
3850 638
3849 640
3783 640
3758 641
3750 641
3742 641
3691 642
3685 643
3677 643
3659 643
3658 644
3654 652
3647 657
3645 658
3641 658
3635 658
3633 659
3629 663
3598 664
3595 665
3583 666
3580 666
3574 666
3572 667
3571 670
3548 672
3471 673
3467 674
3457 675
3438 676
3405 679
3401 682
3391 682
3375 683
3369 687
3308 688
3307 689
3305 689
3240 690
3236 693
3231 693
3195 694
3188 694
3182 699
3181 702
3174 703
3169 703
3168 703
3139 707
3139 708
3124 708
3113 711
3093 716
3086 717
3079 717
3009 718
2989 720
2985 721
2973 721
2954 721
2925 723
2920 724
2916 725
2898 727
2872 727
2870 732
2840 733
2830 733
2808 734
2797 734
2785 734
2727 735
2708 739
2695 739
2682 741
2678 741
2664 743
2649 743
2645 745
2632 746
2620 748
2615 748
2608 749
2566 749
2558 750
2534 750
2518 750
2517 751
2515 756
2512 756
2497 757
2493 761
2418 761
2407 761
2390 763
2386 770
2367 771
2348 771
2345 772
2336 772
2333 776
2328 778
2305 780
2299 783
2298 784
2293 785
2280 787
2276 787
2266 792
2216 796
2211 800
2206 801
2206 803
2192 804
2186 804
2164 807
2148 808
2136 809
2101 810
2097 813
2076 815
2053 819
2024 820
1992 821
1990 821
1983 828
1957 830
1949 831
1945 831
1940 834
1939 834
1936 835
1924 837
1914 842
1864 842
1845 842
1833 844
1823 847
1815 848
1786 848
1783 849
1776 850
1768 855
1767 859
1767 859
1693 859
1668 859
1662 860
1656 860
1651 863
1644 864
1636 865
1629 866
1596 867
1589 867
1585 868
1580 869
1548 871
1491 873
1488 875
1472 876
1460 880
1459 880
1429 881
1402 882
1382 883
1379 883
1372 884
1360 885
1360 885
1306 886
1302 886
1275 887
1262 887
1258 888
1257 888
1251 888
1242 888
1222 889
1197 890
1159 890
1147 892
1117 893
1114 895
1110 895
1100 903
1085 906
1082 907
1062 908
1053 911
1049 912
1045 912
1037 912
1006 912
998 912
996 914
990 917
988 918
977 918
971 919
947 919
932 921
898 925
889 926
877 926
866 926
842 927
842 931
806 934
784 935
778 935
751 937
747 938
740 939
723 939
697 939
614 940
601 941
592 946
551 952
547 952
484 953
459 954
454 955
452 957
446 961
434 964
428 965
400 965
391 966
383 966
376 968
362 968
352 968
322 969
314 969
256 971
247 973
244 975
233 979
195 980
194 980
184 982
183 983
170 984
162 984
145 986
128 988
128 989
127 989
118 990
109 992
66 992
62 992
60 993
51 993
44 996
40 997
28 998
19 999
10 1000
