213
9992 7
9989 10
9963 11
9921 12
9903 14
9865 15
9839 30
9826 31
9774 44
9745 44
9687 51
9643 51
9620 52
9533 53
9527 53
9519 56
9517 57
9400 63
9365 63
9328 64
9322 71
9312 74
9284 84
9088 85
9018 86
8978 88
8933 91
8920 99
8893 105
8800 116
8747 118
8680 121
8679 122
8676 129
8676 134
8527 138
8527 140
8505 140
8481 147
8455 147
8454 150
8433 150
8423 152
8406 153
8371 158
8349 168
8322 168
8261 169
8257 170
8188 170
8162 177
8153 179
8097 187
8082 190
8028 191
8021 192
7913 195
7875 202
7746 220
7732 224
7731 234
7632 237
7625 240
7449 240
7383 245
7328 251
7318 252
7274 264
7221 265
7203 277
7189 277
7173 281
7033 283
6979 289
6975 291
6961 294
6872 304
6843 312
6810 312
6803 330
6798 330
6798 336
6612 341
6554 341
6547 343
6482 343
6451 344
6389 344
6377 346
6289 348
6223 351
6168 354
6099 356
6078 364
6069 365
6057 367
5994 371
5987 375
5975 375
5932 390
5909 392
5890 412
5858 414
5832 417
5787 422
5679 424
5657 427
5510 431
5505 431
5443 432
5400 440
5371 442
5287 449
5274 453
5240 458
5233 462
5116 464
5099 468
5077 479
5060 482
4974 484
4952 494
4848 500
4830 502
4824 506
4812 508
4687 510
4679 516
4661 519
4608 519
4527 523
4471 530
4467 534
4462 539
4327 542
4311 549
4290 574
4227 575
4202 579
3908 585
3735 591
3679 596
3616 606
3572 606
3554 607
3428 612
3360 624
3295 628
3286 632
3246 636
3182 641
3180 661
3092 662
3048 662
2996 667
2889 670
2827 686
2736 688
2668 690
2573 694
2501 698
2497 698
2450 699
2373 707
2354 707
2291 709
2268 711
2111 713
2101 728
2065 741
2013 745
2003 745
1982 745
1950 753
1935 772
1914 777
1867 778
1806 783
1799 796
1760 797
1703 799
1685 800
1646 801
1634 803
1612 811
1593 811
1592 813
1577 834
1558 844
1555 865
1503 867
1425 878
1414 881
1413 883
1330 886
1275 886
1239 891
1107 891
1044 893
793 903
667 905
623 937
573 940
516 946
484 955
448 958
357 960
193 964
178 970
106 975
37 985
5 989
3 999
