606
9978 999
9973 997
9965 991
9945 991
9935 991
9930 990
9915 989
9891 988
9871 988
9866 987
9857 987
9844 982
9842 982
9727 981
9715 981
9711 979
9700 979
9651 975
9629 972
9622 969
9591 968
9570 967
9568 966
9548 963
9545 963
9540 961
9536 958
9530 953
9526 952
9512 950
9506 950
9492 947
9484 939
9480 938
9475 935
9474 935
9473 933
9444 931
9426 930
9406 929
9405 929
9402 926
9400 925
9398 924
9395 924
9375 923
9287 922
9263 920
9257 919
9256 918
9222 916
9205 912
9191 911
9179 904
9157 904
9152 904
9142 899
9133 899
9128 892
9105 885
9071 884
9056 883
9019 881
9005 878
9003 877
8996 870
8974 868
8964 866
8959 866
8958 865
8935 864
8934 863
8934 863
8908 862
8876 862
8870 860
8864 858
8862 855
8853 854
8853 852
8829 848
8805 847
8792 847
8783 845
8779 844
8727 842
8700 838
8698 836
8677 835
8674 834
8651 828
8644 823
8615 822
8527 821
8493 819
8442 818
8427 817
8413 816
8412 815
8379 815
8362 813
8355 812
8343 811
8341 810
8315 808
8296 807
8280 804
8266 804
8245 803
8239 803
8237 802
8236 800
8207 800
8204 799
8202 798
8179 798
8170 798
8157 798
8155 793
8139 792
8031 791
8005 791
7997 791
7996 788
7987 786
7967 786
7906 785
7903 784
7889 782
7856 782
7843 781
7834 780
7833 776
7820 775
7818 771
7813 770
7805 770
7792 770
7788 768
7779 767
7775 766
7763 766
7762 764
7720 763
7717 763
7712 762
7712 760
7696 759
7667 758
7658 757
7644 755
7632 754
7632 754
7615 754
7573 752
7569 751
7551 750
7486 750
7478 747
7468 746
7453 742
7445 741
7433 739
7418 738
7399 736
7394 732
7381 729
7339 724
7250 724
7248 724
7246 723
7245 723
7227 722
7225 722
7223 721
7197 719
7178 717
7150 716
7128 715
7117 714
7103 714
7089 714
7052 713
7025 711
7022 711
7006 710
6989 710
6938 710
6931 709
6903 708
6883 706
6860 704
6839 701
6814 700
6809 699
6804 698
6789 698
6770 696
6752 695
6740 691
6738 690
6713 689
6688 688
6683 687
6681 683
6661 680
6659 680
6655 679
6619 678
6616 676
6613 676
6603 674
6601 674
6573 671
6572 666
6567 665
6564 664
6536 662
6529 660
6503 659
6487 651
6465 648
6438 645
6425 645
6419 638
6417 637
6411 634
6402 634
6401 628
6381 627
6371 618
6362 618
6357 615
6334 610
6303 609
6294 605
6278 600
6262 600
6224 596
6181 594
6169 592
6134 592
6131 591
6128 588
6128 583
6119 582
6078 582
6076 576
6041 574
6039 573
6035 572
6001 572
5995 571
5994 569
5984 569
5965 568
5965 567
5948 564
5938 563
5931 563
5903 559
5828 558
5822 557
5822 557
5819 556
5814 555
5800 553
5790 552
5786 551
5783 550
5776 550
5766 550
5750 548
5742 548
5675 546
5662 546
5645 543
5609 542
5606 539
5580 536
5563 535
5556 535
5542 532
5542 531
5516 530
5512 528
5491 525
5446 523
5421 521
5409 520
5374 520
5367 516
5345 514
5331 514
5329 509
5323 507
5270 507
5264 502
5242 501
5231 496
5219 495
5174 495
5173 492
5160 489
5097 487
5074 483
5071 483
5062 482
5050 479
5043 476
5027 473
5008 472
5007 472
4992 471
4991 470
4974 470
4970 465
4955 465
4893 464
4886 464
4868 464
4863 463
4856 457
4852 450
4845 449
4835 448
4809 447
4789 447
4764 445
4743 443
4734 441
4696 440
4694 440
4685 436
4640 436
4594 435
4574 434
4555 434
4525 430
4519 429
4517 423
4495 422
4412 421
4395 421
4386 419
4352 418
4342 418
4335 418
4304 414
4302 413
4273 412
4260 412
4230 408
4201 407
4154 405
4082 401
4071 400
4052 399
4013 398
3995 398
3986 397
3980 397
3953 390
3940 389
3923 388
3910 387
3891 383
3865 382
3857 380
3848 380
3826 377
3794 375
3786 374
3774 374
3765 373
3765 372
3747 372
3669 371
3660 366
3649 365
3626 363
3604 362
3501 358
3493 357
3487 356
3466 352
3461 352
3460 352
3448 348
3443 346
3429 346
3393 345
3372 345
3371 343
3362 341
3361 340
3344 338
3339 337
3324 337
3274 336
3268 333
3259 333
3258 332
3256 332
3249 330
3233 327
3181 325
3172 323
3125 321
3080 321
3046 321
3038 317
3027 316
3024 316
2946 314
2928 313
2914 312
2889 305
2865 300
2810 298
2803 298
2797 296
2772 289
2761 289
2748 289
2741 287
2708 287
2669 285
2667 285
2664 285
2660 283
2659 283
2658 282
2645 282
2640 278
2614 276
2612 276
2602 270
2589 270
2580 267
2569 267
2563 266
2558 266
2548 264
2544 262
2542 260
2520 259
2519 259
2513 258
2509 256
2506 254
2493 253
2490 251
2451 250
2425 250
2400 245
2379 245
2378 245
2360 241
2347 239
2201 238
2178 234
2168 232
2124 231
2119 228
2107 227
2070 225
2045 224
2036 223
2035 222
2030 219
2026 217
2021 216
2020 214
1996 214
1983 210
1982 210
1959 206
1949 206
1906 206
1862 205
1858 205
1842 205
1836 204
1828 203
1807 202
1769 201
1745 201
1739 201
1718 199
1700 191
1690 190
1690 190
1664 188
1645 183
1634 182
1609 180
1587 180
1536 178
1528 174
1517 173
1506 172
1492 171
1486 169
1475 169
1416 166
1413 166
1413 159
1395 156
1385 155
1331 153
1321 153
1306 153
1275 152
1266 151
1265 150
1244 150
1241 148
1228 142
1190 142
1172 141
1169 141
1165 140
1159 140
1158 139
1150 138
1145 135
1136 131
1104 128
1097 128
1082 128
1080 126
1045 125
1033 123
1025 119
1008 119
995 119
993 117
989 116
980 115
978 114
976 114
976 111
972 111
919 109
897 107
885 105
881 105
845 103
841 102
839 101
802 94
795 93
794 93
776 90
770 87
752 87
728 82
715 82
709 79
704 78
629 78
628 75
617 74
609 72
587 71
584 71
553 71
545 71
541 71
541 69
525 67
522 65
522 63
517 62
506 62
484 57
482 54
475 54
453 47
426 45
417 44
408 39
400 35
374 34
324 30
316 25
287 21
249 19
240 18
226 17
212 15
202 14
199 13
176 12
174 12
164 12
128 12
87 12
72 10
71 10
62 9
36 9
33 7
20 6
4 2
