445
9999 999
9997 997
9967 997
9955 995
9894 993
9891 990
9889 985
9863 984
9847 983
9814 979
9782 976
9776 976
9765 975
9725 975
9722 974
9717 966
9708 966
9706 966
9682 965
9659 964
9639 962
9627 961
9623 960
9618 960
9617 960
9605 958
9587 957
9537 954
9498 954
9466 953
9460 949
9458 948
9441 945
9423 944
9386 943
9345 943
9334 940
9322 939
9302 937
9297 936
9239 935
9238 933
9228 931
9224 931
9202 931
9183 929
9168 925
9167 919
9167 916
9141 915
9135 914
9096 912
8988 912
8981 910
8980 906
8969 904
8965 900
8962 899
8946 898
8918 897
8902 897
8890 896
8851 894
8845 893
8844 892
8825 891
8766 890
8766 890
8757 889
8699 887
8696 885
8674 879
8668 874
8651 873
8605 873
8589 873
8555 872
8511 869
8494 867
8464 866
8440 866
8429 861
8419 859
8315 857
8259 856
8251 853
8241 850
8234 848
8212 842
8184 838
8137 838
8092 833
8040 831
8028 829
8024 826
7984 824
7966 821
7966 820
7928 820
7916 819
7883 817
7873 817
7873 816
7816 813
7791 809
7781 809
7776 807
7768 807
7744 806
7742 799
7732 798
7663 797
7623 794
7597 791
7586 790
7527 790
7501 790
7449 784
7440 783
7386 781
7386 780
7289 778
7280 777
7235 776
7223 774
7216 773
7209 771
7203 768
7193 768
7174 761
7166 761
7157 752
7151 752
7149 744
7123 744
7065 739
7064 738
7043 731
7017 730
6995 726
6973 725
6941 725
6908 720
6890 720
6875 719
6698 717
6684 709
6654 707
6638 705
6633 702
6619 698
6611 696
6609 695
6542 695
6500 695
6499 694
6436 693
6416 693
6390 692
6379 692
6354 692
6320 691
6315 690
6305 689
6277 687
6272 685
6268 685
6259 680
6252 678
6252 675
6246 672
6226 669
6205 669
6201 668
6194 664
6159 661
6153 657
6152 657
6147 652
6138 646
6121 643
6086 639
6077 638
6069 635
6055 634
6025 634
6017 633
5991 631
5984 630
5920 623
5894 617
5828 617
5804 613
5761 605
5740 604
5703 600
5694 598
5693 595
5683 583
5665 583
5655 581
5634 578
5633 575
5611 574
5609 570
5605 567
5571 566
5551 553
5544 552
5485 548
5482 548
5474 548
5470 537
5361 523
5349 518
5340 518
5307 517
5298 513
5209 512
5197 510
5188 503
5176 502
5129 496
5051 489
4977 489
4964 485
4952 485
4949 485
4828 485
4772 484
4765 483
4760 483
4745 480
4728 480
4702 479
4665 478
4663 477
4659 477
4631 475
4597 474
4595 469
4585 467
4564 466
4556 460
4553 460
4523 458
4491 445
4479 444
4466 443
4413 443
4408 442
4380 441
4369 440
4357 436
4320 433
4303 432
4303 431
4242 428
4232 426
4210 424
4192 423
4185 422
4169 421
4150 420
4135 419
4125 419
4096 418
4069 416
4042 413
4041 410
3991 408
3990 408
3937 406
3903 397
3902 397
3856 396
3848 393
3779 392
3773 392
3685 392
3682 391
3676 372
3651 368
3596 368
3592 367
3571 350
3562 350
3556 348
3531 347
3518 346
3450 343
3409 341
3398 339
3398 335
3371 331
3352 331
3342 327
3299 327
3253 322
3226 321
3146 317
3131 312
3082 312
3070 309
3049 308
3043 307
3037 301
3030 295
3024 294
3015 290
2995 289
2947 287
2946 282
2910 280
2908 272
2903 270
2903 270
2885 268
2880 266
2871 264
2833 264
2827 259
2810 258
2799 258
2781 253
2770 252
2770 251
2757 250
2722 248
2713 244
2710 243
2697 239
2687 238
2683 237
2675 235
2646 233
2635 233
2630 232
2627 230
2615 228
2604 226
2580 226
2571 224
2569 223
2450 223
2447 221
2435 217
2416 217
2407 216
2400 216
2368 213
2366 211
2365 208
2336 206
2335 203
2297 202
2294 199
2228 196
2206 195
2101 194
2068 187
2053 187
2043 183
2039 183
2036 182
2000 178
1923 177
1923 176
1892 176
1888 175
1837 174
1796 170
1773 169
1763 166
1751 165
1701 164
1689 164
1678 163
1667 162
1661 159
1620 155
1620 154
1598 152
1592 152
1572 152
1570 150
1553 149
1524 146
1497 146
1469 144
1464 142
1432 141
1427 138
1390 137
1384 135
1376 135
1367 132
1317 130
1309 130
1286 123
1249 121
1232 119
1183 116
1163 115
1158 113
1086 105
985 105
963 104
903 98
872 97
864 96
845 95
833 88
789 86
767 82
726 82
642 80
598 78
587 78
569 75
566 72
564 69
501 66
478 65
475 64
435 63
378 63
354 62
350 56
343 56
327 56
314 51
275 48
232 46
230 41
181 41
163 34
157 31
138 24
83 16
71 14
50 14
40 6
30 4
17 1
