303
9946 996
9940 993
9874 989
9718 986
9654 983
9615 983
9607 979
9593 974
9577 971
9473 966
9470 963
9449 961
9296 960
9295 951
9278 946
9200 945
9195 943
9177 943
9156 942
9108 937
9070 918
9058 912
9040 910
9015 907
8996 894
8979 894
8916 892
8886 891
8870 891
8827 888
8822 887
8809 885
8767 884
8737 883
8723 879
8702 872
8693 868
8647 867
8602 865
8590 863
8588 861
8561 860
8550 858
8495 854
8489 850
8475 848
8474 846
8432 843
8424 841
8374 838
8356 824
8274 821
8222 820
8219 819
8150 807
8041 795
8008 790
8002 789
7985 784
7973 783
7830 781
7825 778
7748 778
7707 773
7665 772
7625 770
7586 758
7564 755
7541 754
7539 752
7478 752
7447 751
7388 750
7352 747
7338 743
7194 741
7164 740
7157 737
7149 732
7108 731
7107 725
7101 721
7088 715
7087 715
7072 712
7040 710
7002 706
6932 706
6821 706
6805 705
6760 704
6758 700
6725 699
6679 699
6664 681
6651 680
6631 678
6628 678
6592 676
6520 674
6423 668
6410 667
6407 665
6403 660
6378 658
6347 656
6298 652
6283 651
6251 646
6233 638
6194 632
6194 632
6183 627
6174 627
6139 624
6113 623
6082 623
6036 616
6008 612
6000 612
5986 603
5965 600
5862 598
5843 595
5770 594
5753 587
5727 584
5674 582
5667 580
5636 576
5615 566
5566 563
5563 562
5563 557
5543 557
5522 556
5463 553
5421 552
5326 550
5322 549
5268 540
5267 539
5264 536
5256 534
5188 534
5167 531
5167 530
5061 528
4967 524
4967 523
4940 520
4925 517
4844 516
4816 515
4799 513
4798 512
4788 512
4780 511
4734 506
4723 506
4689 506
4687 504
4680 499
4679 499
4545 481
4538 478
4535 478
4499 476
4341 474
4280 474
4279 465
4274 457
4271 454
4233 452
4175 450
4172 449
4164 449
4105 448
4080 437
4047 433
4040 430
3963 429
3934 427
3910 423
3890 420
3834 419
3729 415
3727 413
3715 412
3626 411
3559 411
3548 406
3543 406
3542 403
3427 402
3417 402
3400 401
3390 394
3388 391
3380 379
3348 377
3313 375
3301 368
3298 366
3273 361
3252 350
3219 349
3203 347
3156 344
3132 344
3051 342
3034 341
3017 341
3014 332
3012 326
2988 324
2937 324
2904 321
2902 316
2893 315
2887 311
2782 310
2782 309
2773 308
2761 302
2757 295
2723 293
2691 292
2671 289
2668 280
2660 279
2650 278
2647 277
2632 276
2607 271
2577 266
2576 263
2442 262
2432 262
2427 250
2387 249
2359 245
2307 243
2237 242
2221 238
2215 237
2155 226
2087 221
1991 216
1951 216
1950 208
1947 207
1946 202
1912 198
1850 194
1841 193
1803 193
1780 192
1771 178
1759 175
1748 171
1694 166
1691 162
1689 162
1663 160
1657 156
1595 153
1455 149
1453 148
1424 148
1309 146
1282 142
1155 139
1071 137
1001 137
990 132
987 124
921 124
872 124
840 117
822 113
760 105
756 97
748 97
721 94
496 91
476 90
460 87
443 85
392 83
390 80
318 79
274 78
261 72
241 66
223 52
214 51
192 45
188 43
149 32
148 32
39 26
25 9
