683
9992 1000
9990 1000
9980 998
9979 997
9969 996
9965 996
9927 993
9917 992
9887 990
9881 989
9840 985
9839 984
9834 983
9814 981
9810 981
9777 980
9776 976
9711 969
9698 967
9698 964
9689 963
9688 958
9668 957
9661 956
9657 955
9654 955
9617 952
9609 951
9608 950
9578 946
9578 946
9574 944
9573 944
9544 944
9528 942
9528 942
9497 940
9491 937
9490 937
9487 936
9480 936
9473 935
9469 934
9390 933
9387 932
9380 932
9380 930
9378 923
9359 919
9335 917
9332 916
9280 913
9240 913
9240 909
9225 909
9181 908
9169 904
9163 904
9154 903
9133 901
9101 899
9094 896
9078 896
9077 893
9013 888
9011 885
9000 883
8971 883
8970 881
8964 880
8947 876
8936 876
8918 874
8901 873
8895 873
8884 871
8867 869
8858 869
8853 867
8850 866
8848 865
8832 863
8819 860
8806 858
8800 856
8760 853
8754 852
8737 851
8686 851
8675 847
8669 843
8667 841
8666 839
8657 837
8632 836
8628 834
8623 833
8619 832
8617 832
8614 829
8600 829
8573 828
8567 823
8562 823
8561 821
8560 820
8556 818
8556 818
8541 816
8486 816
8472 815
8469 815
8460 813
8422 811
8394 810
8393 809
8386 806
8385 803
8382 801
8368 801
8363 799
8351 798
8316 797
8285 796
8271 795
8267 795
8241 795
8217 794
8212 793
8120 793
8095 792
8085 790
8082 789
8059 788
8017 785
8016 783
8011 781
8002 781
7994 779
7993 778
7957 773
7951 769
7930 769
7914 769
7912 768
7901 764
7893 764
7881 764
7867 764
7858 762
7846 761
7822 760
7810 758
7804 754
7803 752
7801 751
7783 751
7781 750
7769 750
7729 749
7717 745
7713 740
7710 740
7697 735
7687 731
7675 731
7665 730
7636 720
7636 719
7622 719
7605 715
7604 715
7604 711
7599 711
7598 711
7589 707
7585 705
7566 698
7563 698
7562 697
7553 697
7549 694
7536 694
7527 694
7515 693
7504 692
7492 690
7477 690
7473 687
7438 686
7437 684
7345 680
7327 680
7310 678
7287 677
7279 677
7276 676
7273 675
7254 670
7240 670
7239 667
7215 666
7191 665
7191 664
7191 662
7164 661
7129 660
7114 657
7113 657
7109 656
7100 655
7071 654
7057 649
7045 649
7024 647
7011 642
7011 642
7001 641
6960 641
6945 640
6931 640
6913 637
6909 636
6894 635
6892 635
6889 632
6878 632
6825 631
6820 631
6817 629
6775 627
6772 625
6743 625
6734 624
6727 623
6705 623
6704 623
6682 621
6622 619
6616 615
6614 614
6602 611
6582 609
6559 609
6553 606
6546 600
6450 600
6443 597
6431 597
6419 596
6406 592
6399 591
6392 591
6387 589
6361 589
6328 588
6322 586
6228 585
6225 585
6220 583
6212 580
6206 578
6201 576
6174 574
6168 571
6157 571
6145 569
6136 569
6125 569
6123 568
6106 567
6088 566
6080 565
6069 565
6060 563
6037 563
6003 563
5975 562
5911 562
5905 561
5904 560
5865 560
5780 559
5768 556
5763 554
5761 553
5747 553
5742 552
5736 552
5735 551
5732 550
5725 547
5698 547
5688 543
5679 543
5677 540
5660 538
5650 538
5648 537
5644 536
5625 536
5594 534
5577 532
5575 532
5569 529
5553 526
5552 524
5552 522
5541 521
5505 520
5482 520
5460 520
5458 519
5451 518
5449 517
5446 515
5439 514
5427 513
5411 512
5366 512
5353 511
5349 510
5339 507
5335 505
5329 505
5320 504
5313 504
5301 504
5285 504
5274 503
5229 503
5221 502
5208 502
5183 501
5166 499
5158 499
5149 498
5144 492
5111 492
5103 491
5094 490
5090 487
5072 487
5071 484
5065 484
5062 483
5017 481
4974 481
4970 481
4927 481
4911 481
4876 477
4875 476
4868 473
4865 471
4851 470
4812 470
4804 469
4754 468
4717 468
4669 465
4653 464
4600 462
4594 462
4591 461
4579 461
4576 460
4547 460
4547 458
4532 457
4521 455
4517 454
4460 452
4444 450
4443 447
4426 446
4420 444
4418 441
4418 438
4391 438
4381 436
4370 434
4353 434
4349 430
4330 426
4316 423
4315 422
4268 421
4263 421
4260 419
4256 416
4247 414
4231 413
4226 413
4220 410
4206 409
4201 408
4194 405
4165 405
4109 404
4107 404
4087 403
4083 401
4072 397
4070 396
4035 395
4031 395
4011 394
4009 392
4002 389
3982 389
3963 386
3953 382
3951 382
3947 381
3938 379
3937 377
3915 377
3902 376
3893 375
3803 371
3798 371
3798 370
3749 368
3716 367
3706 366
3697 365
3695 365
3671 365
3669 362
3654 361
3634 361
3623 359
3620 359
3619 359
3611 358
3560 357
3528 356
3527 355
3518 354
3508 354
3490 353
3441 352
3435 352
3410 352
3406 352
3404 345
3384 344
3373 344
3362 342
3361 342
3360 337
3343 334
3340 333
3319 332
3311 332
3292 330
3258 328
3223 328
3210 326
3209 325
3207 325
3190 325
3183 325
3154 321
3146 320
3126 319
3125 317
3110 317
3102 316
3095 315
3086 310
3058 307
3051 304
2985 303
2951 302
2908 299
2880 299
2871 299
2868 298
2867 297
2861 297
2845 296
2825 295
2735 295
2727 293
2720 291
2719 290
2707 286
2695 286
2678 283
2614 283
2611 282
2596 281
2578 281
2520 279
2509 278
2493 277
2492 275
2466 273
2465 273
2458 267
2451 265
2448 256
2436 255
2430 253
2415 252
2394 252
2347 251
2340 251
2338 246
2312 242
2308 241
2304 239
2298 236
2297 235
2280 235
2275 235
2252 233
2197 233
2195 233
2174 231
2173 230
2170 226
2165 225
2157 225
2152 223
2132 221
2127 221
2125 218
2116 217
2096 216
2091 216
2064 216
2058 215
2051 214
2033 214
2012 210
1992 209
1961 208
1958 204
1954 204
1946 202
1939 201
1931 200
1915 197
1882 196
1849 193
1834 191
1827 191
1806 190
1787 188
1774 186
1770 185
1729 185
1701 184
1686 183
1657 180
1656 176
1604 176
1598 174
1593 174
1589 169
1571 168
1571 168
1521 167
1515 159
1508 156
1505 153
1504 153
1499 153
1484 152
1474 150
1466 149
1465 148
1463 147
1458 146
1454 145
1430 145
1423 143
1400 142
1388 138
1378 136
1295 135
1290 134
1266 133
1266 133
1257 133
1247 132
1247 127
1243 127
1237 125
1233 124
1224 121
1223 121
1217 121
1172 120
1135 119
1124 117
1119 116
1118 115
1106 114
1080 112
1055 112
1042 112
990 111
981 110
975 109
972 109
969 109
965 107
965 107
965 106
896 104
879 102
869 102
865 98
851 95
847 93
845 91
839 89
806 89
797 89
763 85
749 84
719 83
714 82
704 82
691 81
681 79
676 77
648 73
647 73
643 71
609 71
607 69
602 68
591 66
563 65
521 65
520 65
511 64
506 63
486 62
449 61
439 60
434 58
430 58
408 57
407 55
381 54
365 54
358 51
348 51
295 46
272 46
271 43
257 40
251 39
244 38
237 37
232 34
201 33
198 30
196 30
195 29
173 28
172 24
171 23
161 23
156 22
144 21
126 20
117 18
109 10
108 8
91 8
84 5
71 4
61 4
44 2
23 1
16 1
