281
9970 995
9970 994
9953 990
9909 986
9898 979
9898 973
9839 970
9830 968
9777 965
9770 962
9750 957
9731 957
9722 956
9705 953
9625 950
9431 949
9386 947
9339 944
9286 944
9270 931
9263 929
9247 927
9205 926
9200 925
9173 925
9162 924
9118 919
8956 909
8951 908
8880 907
8852 905
8840 902
8827 898
8713 896
8687 894
8649 893
8609 892
8554 891
8470 884
8444 879
8442 877
8313 869
8309 869
8271 868
8263 863
8257 860
8236 857
8224 853
8134 849
8130 849
8109 843
8100 841
8078 838
7940 823
7915 821
7892 819
7872 818
7865 814
7847 813
7824 811
7772 810
7735 799
7725 796
7704 793
7665 793
7664 791
7647 786
7575 783
7544 771
7533 764
7522 761
7490 758
7474 756
7393 749
7366 749
7311 748
7310 741
7226 740
7211 737
7174 732
7091 722
7082 714
7080 701
7073 697
7021 695
6990 692
6938 691
6865 687
6838 682
6830 678
6785 675
6728 672
6712 672
6689 667
6650 661
6627 658
6582 655
6569 655
6563 653
6546 652
6529 651
6525 649
6416 636
6240 635
6197 635
6183 630
6176 627
6134 625
6124 623
6043 621
5986 619
5976 615
5921 614
5872 613
5848 610
5788 606
5766 603
5761 602
5728 600
5719 595
5714 592
5684 590
5671 587
5621 583
5598 577
5589 574
5547 573
5519 570
5439 568
5432 568
5408 564
5370 561
5322 559
5306 553
5261 550
5255 549
5181 547
5159 539
5130 537
5130 536
5056 531
5027 528
4985 516
4902 514
4862 512
4837 512
4833 501
4716 498
4668 496
4657 494
4628 492
4608 489
4593 488
4528 487
4521 487
4495 481
4456 475
4440 465
4435 458
4390 457
4385 454
4381 448
4307 445
4304 442
4300 439
4298 437
4256 431
4200 429
4164 418
4148 416
4121 416
4110 412
4005 410
3970 408
3888 406
3879 405
3778 398
3725 391
3670 389
3625 378
3504 377
3500 375
3498 370
3496 363
3340 362
3274 355
3239 351
3129 349
3095 345
3085 341
3074 338
3062 335
3029 323
3022 322
2853 321
2824 317
2804 310
2711 306
2689 300
2677 296
2643 296
2618 293
2614 287
2474 285
2464 271
2434 267
2424 266
2398 266
2381 265
2364 261
2361 256
2338 254
2326 251
2317 250
2303 247
2193 246
2139 243
2047 243
2008 230
2006 227
1973 224
1862 212
1839 208
1832 204
1724 199
1703 197
1645 197
1638 196
1582 192
1570 191
1552 189
1536 188
1534 177
1534 171
1503 169
1463 164
1406 162
1396 160
1380 160
1367 158
1340 149
1285 146
1252 141
1251 138
1236 138
1199 137
1147 136
1079 130
1046 128
1027 120
986 117
967 116
953 116
949 110
942 103
923 99
918 97
880 93
832 89
775 81
748 74
700 71
627 66
616 65
489 65
467 59
458 55
402 49
379 44
365 42
327 36
296 36
274 31
239 28
196 27
162 24
77 23
30 20
24 17
5 4
4 2
