3981
5600 4120
5040 4280
5520 5640
-640 5640
1920 3160
-80 280
-4240 3080
-800 5640
-5600 5160
-4320 5640
0 3400
-3200 3640
-560 840
2320 3560
-5600 3960
3200 4760
-5600 2200
5600 4200
-2400 2200
-5280 3800
-5200 3160
2640 2920
-5600 3080
2320 1400
3920 4520
160 4120
5600 120
1920 5560
1520 920
-400 280
3200 5240
2240 840
-3520 3560
-160 3400
-4720 5640
-320 1320
2640 1720
-5600 3560
5600 4680
3360 5640
-5440 3160
3760 4600
2160 120
-5600 5000
-400 1480
4640 3000
-4240 5160
1040 2600
3920 2920
-5600 3240
800 4360
-1520 5640
-3920 4920
3760 2760
-880 2440
480 4840
-5600 3880
-2400 2680
3440 5640
-3600 2920
1840 5640
400 3880
-800 3240
1360 1160
400 4120
1440 2520
960 4520
800 600
4400 3640
2080 1560
-2400 280
2640 1560
4800 1240
3760 3080
-5600 600
-4320 4920
3200 1720
4240 5640
320 520
4160 1320
5200 3240
4800 1400
2800 5000
-160 4680
2480 4600
-2800 1640
-2160 4520
720 4920
-2560 2360
-4720 3560
2480 2920
2720 2680
-2400 2360
-1760 4680
4960 1720
3360 5160
2720 2360
-5600 5560
-2480 5640
-2800 1080
1040 3640
1280 3240
480 3240
-2480 1640
4160 3000
1040 4520
-160 4120
0 5320
800 2280
1200 1160
-5200 3000
-1200 1320
4400 600
1760 4920
4640 5000
1920 3320
240 2200
5600 3480
2320 5640
3840 1560
3040 3320
-2000 3800
-3760 3480
1120 4920
5120 280
-1920 2440
-3600 3160
-1040 5480
-1680 2200
2080 1400
-400 5640
3760 3320
1280 2440
-1600 2200
-5280 4520
-2080 2280
2960 1000
320 4760
5600 5560
960 3560
-3360 1080
-5520 1560
-5600 3400
3920 2280
-800 2440
80 440
-1520 5320
-1360 5640
2880 3400
-3920 3400
-3600 2360
-3520 2520
3280 2280
-4320 4440
-960 1320
800 4760
2400 3320
2320 5480
4560 1720
-1680 680
2400 360
-3360 5560
-1360 120
-5280 5640
4880 1080
-2880 4840
5440 3720
5360 4040
2720 5640
-4720 5560
-4400 1400
-720 1640
4160 4120
-3680 4840
-3760 520
4800 600
-4560 3080
-2080 3400
1200 2680
-3920 3720
2480 5160
960 760
-4720 3080
-4000 1560
3520 3880
3840 680
-3840 4600
-480 3560
-5600 2440
2080 4680
3680 2680
5600 280
800 2600
-1760 3960
-800 5240
3520 4760
5120 920
1440 2680
-1280 3560
1200 1960
2480 2280
-2560 1240
2000 5400
-5600 760
5520 4280
-2480 1480
720 2040
-4000 3480
1680 3400
-1440 1240
5120 2680
720 4040
-4000 1080
-2640 1960
-5600 2920
-880 1480
2080 2680
-3360 4840
-4480 5160
3440 3240
4960 5640
-3440 2680
1680 4120
4880 680
400 3720
-5520 3880
-4080 1800
-3520 4840
-5360 3960
-4880 840
5360 680
-1760 1480
-2480 4600
4080 3400
2880 5480
4560 5160
4800 2600
560 1240
-1920 4840
4080 5640
-4000 3080
-4160 5640
-1440 2440
2960 2440
4880 2120
-1200 3320
2640 3880
-1840 760
1120 2120
-1040 1480
2000 1960
-1120 1320
-5360 3560
1600 120
3280 1880
4640 360
240 1640
-4720 1080
-5040 4280
-960 5640
4480 5000
800 3160
5520 1080
1120 4440
1840 1240
-4160 1880
-4800 5160
1280 2600
-3040 5320
-5440 2680
-4560 4360
4000 680
-4080 2120
5520 3240
4800 2280
-320 3720
-5360 3640
1440 3880
-1200 600
-1920 2840
-2000 3080
-2400 4760
-640 5080
-4560 5640
960 2120
-4640 4040
2720 2520
5040 3960
400 4680
-3760 1880
-2400 5080
-240 2040
-5600 1480
4000 3960
-1520 5160
4960 2280
-1520 2840
1440 5640
3120 40
-3680 4360
2320 5080
2480 4760
-640 4520
-4160 3800
640 1000
-1120 1160
-3120 3880
1120 2920
5360 600
-640 2520
-2080 2840
1360 4920
320 3240
-3200 2120
-880 1960
-5520 5640
-240 920
2480 3800
3120 4440
-2640 5640
320 2760
-5600 2600
-400 5320
2000 1160
2480 3400
-2560 4680
-1840 280
1920 4760
5200 2200
4720 5160
4560 5320
-5120 4520
4480 2280
-880 4440
-2480 1320
1280 3800
-3120 5320
4640 1400
-2080 5640
-2160 1720
-320 3480
-800 1400
0 5480
2800 3960
560 120
3040 5240
2160 3720
3840 2520
-3440 3160
480 3640
4400 4360
720 4280
-1920 1480
3600 4680
-5040 3800
-1200 2840
-960 1720
-5280 200
-880 3960
-3920 1240
-240 1480
3360 1800
-480 2120
4320 360
-2320 3720
2160 5640
-560 5640
-1440 2920
-1600 1240
-5040 2760
-5040 4120
4480 200
-2160 4360
2560 1320
3280 2360
-4960 5400
5360 1080
-4960 520
-80 440
1440 1320
3040 1640
-3040 1480
1600 2440
4640 1000
4560 3720
1920 3000
-1120 2200
-5360 2040
2800 2200
-4480 200
-1520 2360
-4640 840
-2560 440
-5600 1800
-4240 120
2720 3480
-3200 5640
-800 360
-160 3720
-3920 2840
400 5640
-2640 4200
800 2840
2400 3080
880 3320
2320 2040
-400 3000
-4320 600
-1680 1000
-3440 2440
-3520 5240
4640 4520
640 5560
-240 4360
560 1400
560 5000
3120 1800
2240 760
4720 2520
-5040 2200
-5520 5240
-1040 1880
-3360 2520
2560 520
3200 1240
-1200 1480
0 1080
-3760 5480
-3600 1480
-4800 1000
-3360 2200
-2800 3800
-640 2680
-5520 3720
-5440 4840
-3760 2920
4480 1320
-4480 1160
720 5320
-5600 4840
-3680 4200
-1680 5640
-4560 1640
-2240 1800
400 2120
4640 4120
5040 3400
1360 920
4160 3480
-4160 5000
-2800 5480
-4160 920
80 3640
-2160 3320
-880 2760
-1920 4520
-2240 1240
5600 440
4720 3400
-5600 2760
5600 1880
-4160 1560
1200 3480
-4720 4280
2160 280
-1120 5400
3840 40
1440 3240
3520 2680
-1680 3080
-1440 4200
-3360 3400
3920 3160
-80 5480
-3200 1080
-5440 1800
5200 3400
1520 3720
-3040 3160
2880 3240
-1760 4840
2160 1960
2640 5160
3680 5240
2960 1640
4800 920
640 2600
-5040 5640
5440 3560
4800 4120
2160 3160
-5360 760
4080 4680
-4080 3240
4000 200
-3040 1320
1120 360
-5040 3640
-5600 4680
-1040 440
2080 3880
-5600 1640
-1760 1320
320 2280
-4720 4840
5280 200
4880 3400
-560 4200
3680 5560
4320 5640
2080 1720
-2240 520
-3120 1560
-5600 120
-720 5560
2960 1480
4400 3880
-1760 1720
-3200 4200
-880 3080
960 2360
-4800 1400
-3360 1480
-3760 360
3440 3720
-2640 1080
3280 200
-5120 5400
-2320 1320
5200 3560
2000 1000
1680 2760
3520 5640
4480 4200
-1280 2520
-960 5320
2880 760
-5600 3720
-2640 1800
3680 1560
2640 4680
640 360
-3120 3160
-4560 3960
0 1400
4720 1080
-1600 3880
5280 840
-1520 1080
2400 3160
-1200 200
3920 5080
5600 520
5200 680
480 520
-1520 4440
2480 4440
-560 5320
2800 200
-3200 1480
-5200 760
-2400 3960
2720 840
2560 3080
2000 5080
-2080 4280
1840 4600
4320 520
-4880 3080
3120 3400
-5200 2840
3600 2840
2880 3160
2640 4520
2160 4360
4960 4120
5200 3080
5200 3480
-2400 2920
4000 2680
720 3080
5600 1480
2160 1320
4880 4520
160 3560
4080 1800
2960 2120
-1920 3400
-5280 5400
-1680 520
4800 4280
-3840 4200
4800 3080
-3760 4360
-2160 760
5280 1240
-1520 840
-4160 1400
-2320 3880
-5600 2680
-1440 600
1360 3960
5600 5080
3360 600
-4800 4760
-80 3000
240 2440
960 3800
5120 3240
1120 5240
3200 3240
-4960 4840
160 4920
5440 5480
2480 1080
480 1000
0 4760
-5600 4760
-2000 680
-2400 1160
240 3400
5440 5240
400 2520
3520 1320
2000 3080
-3920 5240
4720 1640
4400 3480
-3520 4120
-5440 280
-4800 2120
1200 5000
-5520 5080
960 600
4160 2440
-1920 1560
2080 3640
-3520 2280
-3040 2760
3520 680
1040 1000
1760 5560
-2400 4840
-3360 4200
-1840 4440
-3840 1800
-5040 760
3120 600
-4400 3320
-5040 5480
1280 3720
-4560 5240
3520 4920
-5360 2520
2320 200
1200 3320
-2720 280
2880 5240
-3920 1640
1360 2120
4560 1240
-4880 2360
400 1880
-5600 360
880 2280
880 4680
-5040 1400
-720 2600
240 1880
3120 920
-1200 4520
240 2520
1200 2600
4720 5320
-560 1080
2400 2440
2720 1000
-5520 200
-1760 3880
2960 4520
3040 5400
-880 120
-2640 600
3840 5640
-5280 5080
-2800 3480
-4320 1640
-480 1160
-160 680
-5280 440
3680 2040
4320 1320
3760 5640
5520 1960
-560 2840
-240 1000
-160 1400
-400 440
4000 5400
2560 3240
1120 840
320 1720
-1680 3720
2720 280
4400 4120
5440 600
-3520 3400
3920 520
-4640 1720
320 3960
-5040 3080
5040 2200
-4720 360
1680 3560
-4720 4440
-1360 4520
1680 5480
2080 5160
-1840 4120
1600 3800
-240 3560
2800 1640
-5440 3320
2880 1560
2480 2120
2640 3080
-880 3640
-3520 1400
-2720 1320
-2320 3560
-3360 4680
80 3080
4240 5480
880 1240
-1760 3560
-4160 2120
-3760 3560
3760 3480
-560 280
-1920 4680
3680 3080
720 3320
1920 680
3760 2360
5200 1400
-4720 2840
5040 3160
-4320 2200
-80 3720
4400 2600
2960 680
-4320 3560
-5280 1640
-3120 2680
3360 4840
1280 5560
-640 760
-1280 2840
-1040 4760
-3280 1960
2240 2840
-1760 600
-4240 280
3120 5640
5360 4760
-880 520
-4640 1320
400 3400
-400 4920
-5440 360
1840 5400
-2640 360
5200 2840
-2240 1960
2080 4280
-2640 3800
-5440 2280
-3520 120
2640 2440
-2800 200
320 2040
-3840 520
-4240 1880
-2320 200
-3840 5240
2080 3320
1040 2840
-4080 40
2880 3560
1920 5240
-1200 1080
-3760 2600
1760 1400
1840 2280
1840 2760
-5440 5240
-1600 3240
-320 5080
-4640 2680
80 1720
-3680 1080
1200 4760
-3040 1160
480 3080
-2480 4920
-3040 360
3520 2200
640 680
5600 3960
-3840 680
5280 4200
-1280 1480
2960 3960
-3040 3400
-1200 2920
1840 760
2960 3240
-3600 5080
720 2680
2320 1160
-2560 4840
-3520 600
1680 600
-4320 4200
-4720 2360
4240 3960
4960 3080
-1280 5640
2720 4040
2560 5640
-2960 1000
-4400 2680
2880 2600
-1440 4680
-2560 3080
-2640 2840
-320 1960
-5520 5000
-1760 1080
2240 3800
-2080 5320
-960 5160
-1760 4600
1040 4680
-3920 760
0 2920
-2800 1240
-3280 5560
-400 120
1440 360
-4480 5640
-5200 4280
2400 120
-320 1640
400 920
-640 2200
-4480 680
-2480 3800
-1760 2360
4160 1000
-800 4920
400 600
5360 3160
-4320 3240
-3200 440
3600 3720
880 3720
1360 2280
-240 5160
640 3880
-4000 840
-1840 2280
3200 2680
-3600 3720
-2000 2600
-4160 3880
-480 5160
0 360
1520 4120
-3360 920
-4880 1000
-480 2680
4080 2280
-1120 1560
2240 4520
1520 1000
1280 280
880 3000
5440 4920
-2720 3320
160 2840
4400 4840
-4400 5320
-5600 2040
3200 4600
5040 3480
3360 3880
2080 5480
-5360 5640
-3120 200
-2960 1160
2240 2200
5040 1640
4000 1160
-400 2360
1440 2440
2000 840
2720 2920
-80 4600
480 5560
-640 280
1200 5640
5200 3160
-4480 3160
-4240 2520
-4480 1320
3120 1480
-2160 4120
-2080 3240
160 5640
3600 4040
4320 1880
2240 4760
4480 5320
-1920 3960
2720 3800
320 120
1680 2680
-2240 2840
2240 440
-2720 1560
-4400 4840
-5600 2360
560 1160
4640 5240
-2480 600
0 2120
2880 1800
-5520 3240
1440 1960
-3040 3960
80 1640
880 4200
2480 4920
-3920 2520
1760 280
5520 1400
5360 5320
2480 3640
80 1000
1920 4440
5520 760
-1600 3960
3520 520
2480 4040
3440 1480
-5520 4600
4080 5240
2160 3000
-1440 3160
3920 1880
2160 1000
3360 1000
-640 440
-4240 4760
160 1400
-5520 4440
1680 4520
2400 1240
3280 3720
-1040 3800
80 1560
5600 2680
-4240 1720
2640 680
4080 2360
4080 1960
-160 3240
3280 40
1520 1560
-3120 4360
3040 840
-5360 5560
-3440 5640
-4080 2520
1840 3080
-3520 1240
960 2760
-3920 520
-5360 1080
-1920 4360
4400 280
-320 120
240 360
2320 1000
-4000 3880
-2400 4920
4160 200
-1840 1800
-2720 3720
5360 2360
-1360 680
-5040 1000
1440 3720
-1600 5000
5120 1240
-2000 1080
-320 1800
5200 520
-4320 5080
2480 1480
-4880 1880
3360 680
-3920 5560
5600 3080
3920 2440
-3280 520
5120 5240
-2640 5400
2080 4120
3360 3000
-2960 4120
-2160 2120
4880 3880
-1840 2520
-960 2200
-1600 1640
3280 3800
640 2280
4480 4760
-4720 1000
-1680 3000
-3520 2200
4160 4360
4320 1160
-3920 3160
-1360 4360
-3200 3240
-1200 1560
-3680 4520
800 4280
-640 5480
-3280 760
-4640 280
-4800 520
-1360 1080
-1040 760
1440 5400
-4560 2280
-1440 1480
-1920 1720
5600 2200
-4880 5640
3120 3080
960 3160
-5360 1560
-1600 2120
-2080 4520
3280 440
-3280 4920
4880 3720
5280 360
-1840 1000
5280 4600
-720 5160
-2480 3720
4400 5160
-5600 4120
4480 3800
2480 1160
-4880 3480
5200 3640
-2880 360
0 840
-1200 3800
-3840 280
-3280 3960
2640 2760
3600 3080
5520 1000
-3920 2200
1280 4920
3840 840
2880 5160
2960 4280
-1040 3640
-5360 5000
-320 2520
3440 5480
1040 2040
1040 1160
-2960 1320
2080 2920
-5120 5000
-4880 4040
2000 3960
560 1560
400 4920
80 3960
-4880 1640
-400 3640
-2640 4360
-1040 5000
2000 1240
-3280 680
-2480 4280
1360 1800
-4080 4840
-1600 1560
-720 3320
-720 4760
-2080 4360
2240 280
560 2520
-960 1640
-1760 4200
2400 1320
-3440 3480
-2480 1560
2640 3640
-4720 3800
-1440 1560
240 4760
2720 5240
-2880 3320
-240 2840
-4080 3400
800 920
-3040 2200
2400 4680
3280 3400
1680 2360
240 280
3200 5400
1040 5480
480 4600
-4400 280
4960 600
-4880 3320
-4160 4920
560 280
4400 5560
5600 1640
1600 5560
-3360 2360
960 4120
5040 1160
5600 2040
-3120 360
-3520 3960
720 3240
-4000 5160
-1760 3640
-5280 3400
-160 5640
4240 3400
-1920 600
-4480 1720
-1200 1960
-4480 4760
1840 3240
-720 4360
-400 4280
-4960 2680
3600 1000
-480 4520
5360 280
3280 5000
-3200 2920
-1360 4600
2400 5320
5040 5400
5120 600
880 4040
1040 1320
-3280 5240
-3840 4760
1920 2680
4800 5240
-1920 5320
-400 5480
5120 3720
2400 4200
-4080 3000
-2320 4520
3360 5320
5520 200
-80 2680
3120 3800
5520 2200
5440 2760
1680 4280
4160 5400
2240 4040
3440 1880
-1120 2040
5040 3000
2880 3640
1680 3960
5120 4360
-3280 3160
-2960 5000
5200 2360
-640 920
2160 1080
1600 5400
640 200
-80 2840
1920 2360
-160 1640
-5520 120
1520 2120
1120 4040
-1760 2840
480 360
80 5240
4720 1240
-5200 2440
1280 1480
3200 2760
-480 3080
-1440 2280
-2800 5320
2880 360
-4320 2040
-2320 5320
320 4920
1760 3880
-5360 3080
-1840 5320
-4080 5160
960 2680
-2480 3400
2880 4440
-2960 680
-4960 2120
1040 5320
-720 1480
1600 680
-640 3000
1280 4600
160 5160
-5440 1320
-4080 2440
5600 3240
4800 3640
-640 5240
-4560 1000
-4560 4920
-3840 1080
-5120 1640
3840 3240
-560 2280
-480 2520
4400 4520
880 440
2640 1240
-240 5640
3200 2920
-1840 1560
-960 3080
-5280 1880
3120 3000
3680 2920
-4480 360
-4560 40
-4320 4680
1760 4680
4400 4040
-3840 4520
880 2760
1200 2280
320 4600
-1120 5160
1280 3080
-1600 4280
-1600 4600
-5280 3240
4560 2520
2960 520
-3920 3560
-1680 5400
-4720 4200
-2800 40
-1840 2680
3760 600
-4560 5400
320 3080
4720 680
5120 5000
-3040 200
-560 200
1360 3000
2000 2520
-5040 4760
-1680 4440
-2000 3160
-960 280
4560 2840
-1120 2520
-1680 1960
-5120 3320
-1200 3480
-160 4520
-1920 5640
-5040 840
880 5320
320 4200
3360 3080
160 1320
-2960 3880
5280 440
-560 4040
4800 40
4080 1560
3680 120
3840 5480
-80 2200
4000 520
3440 2040
-320 2600
2640 5480
-480 5000
-1760 2440
-5120 2600
-1920 5240
80 2680
1040 3480
560 1000
5120 120
-1760 840
2800 4280
-800 520
-2400 440
1680 1800
-1360 2200
4240 680
1200 3720
2800 600
-2480 360
2480 760
-4880 1160
3040 4680
-160 3080
-2720 1480
240 2920
2800 5640
2960 200
3440 1240
-3200 3000
1920 1400
4960 4840
4640 4760
-1600 3080
3120 5480
1840 1000
4240 4680
-1280 360
2960 2920
-2640 1640
3680 5480
-3760 3000
-5440 4520
1920 2840
4400 4920
-160 440
1040 1560
-2720 1000
3760 920
400 360
-3200 1640
4880 5320
80 680
-2400 4440
-2880 200
-2880 520
-480 3800
1040 4840
4560 5640
-5440 1400
3520 1800
1440 2840
5520 2600
-960 4520
-1200 5000
5360 3080
-4720 5240
2880 2200
1760 3320
-4480 3480
-1680 4920
-3360 1400
560 4680
5440 440
720 1560
4320 2680
880 840
960 5400
-1840 5640
4240 3720
-2720 5000
-3920 2680
5200 1880
-4720 2680
-80 2440
5520 1640
3840 4840
-5280 4760
-5120 3880
1360 1720
-4960 4440
-320 3960
-5440 2600
4880 3000
0 3160
5600 2760
-3120 4600
-1120 360
4000 4920
-3120 2120
480 40
-2320 1800
-2240 3240
4080 4840
1520 2280
-960 1000
-800 4120
-480 5560
-4800 5320
2160 600
1280 1320
1840 4200
2000 2120
-4960 1720
-5200 1080
160 3640
2000 3720
3600 520
1280 1640
3520 5240
-320 360
3440 3000
1840 5320
0 760
3840 1400
-5520 2200
-2800 4440
1120 3800
3120 4520
2800 3000
-880 2600
-3840 2040
-800 5080
-3440 1880
1440 120
-960 3560
-1280 1640
3360 1640
5440 3160
80 2040
2400 2760
-2880 2760
3840 1800
2320 3080
1280 5640
-1520 4120
-1520 2680
5600 3560
-2480 2440
-3840 5640
1440 3400
2400 1720
3200 680
4000 5640
4800 4920
-560 680
3440 2600
3520 1560
2160 2440
2000 360
-5200 4600
5200 5400
-3680 3560
5440 3960
3280 520
4960 200
-2800 2920
400 2920
400 5000
960 2920
4320 2120
1520 1880
-2160 440
1840 4440
1680 1240
2880 3880
4320 760
-2800 5640
-2880 5080
-880 200
2720 4200
-4160 2280
2880 5640
5280 1720
2560 920
400 1240
-80 3800
560 840
-4480 1000
3920 3720
-2400 5560
-80 1160
-2160 2600
4400 1240
1280 2840
3520 5400
4000 4440
-2560 760
-3600 5640
-80 3560
-3760 3800
-80 4840
800 1080
-1200 1160
-3840 2840
1360 4360
4480 5160
-4960 2520
-5200 5160
-3280 5320
560 2680
3280 5480
-80 3960
1920 4920
5360 5640
-3120 520
2080 3400
5120 3880
-5040 5160
4800 280
2160 2840
2640 5560
400 200
-3840 3320
4160 3880
-2080 5480
2560 4120
-1600 3480
4960 840
3280 920
3760 4440
-1440 2600
-4000 2760
2000 4840
3360 4600
3280 1080
1280 4440
2560 2440
-4560 3480
1520 5160
-4000 1800
-1440 3640
-5440 4040
4800 2760
-320 1160
-3440 4680
2640 200
480 2600
-3760 2440
-2160 2520
1280 920
-160 5000
160 2040
2640 1400
-240 1720
-4480 1560
-2880 1480
3680 280
-4320 1240
2960 2760
-320 4440
-3120 4120
-4240 3640
4240 2840
3440 2840
320 5640
-5200 4040
-4320 2760
-2000 3000
-1440 1720
-2400 4520
560 3800
-4720 3240
3680 5080
800 3880
-2960 5160
-240 3800
560 4120
1760 1160
-1440 3560
-1120 4520
-4160 4120
1680 2440
-2400 3160
880 3880
3520 3480
5120 2600
3200 5080
4480 760
2800 3720
4240 1880
-4160 200
-4160 3080
-480 4840
3680 4280
3920 40
-80 2360
-960 760
320 680
-400 2920
1680 200
480 4440
-2880 3640
2400 1800
4160 2600
320 1960
1440 600
1920 1480
-480 520
-80 1240
1040 3400
-4160 3560
1120 2280
4720 2680
3360 1400
4800 2360
3360 3240
4560 4120
3440 3400
-5040 2040
-2320 840
-960 3240
1200 4600
4240 4600
-2880 1000
-4000 280
-2000 520
3760 5000
-3920 4520
3760 3640
2160 4600
2400 1080
-3120 680
5280 3720
-3200 5400
-1840 120
880 5080
3600 840
4160 440
4400 1880
4240 1000
2160 4840
1680 5000
-2240 3880
-4400 2360
-5200 2280
-4880 2200
-880 1080
1840 2520
-1360 4920
2800 760
-4480 3880
2800 2840
-1360 280
-3760 4600
4000 3880
3600 3320
4800 2040
2800 5160
-1040 920
-1600 2920
1920 2200
1280 4680
-2320 360
-5520 2920
-880 4200
4640 5480
4320 1000
-3680 120
-4320 1080
1360 5080
-5520 2120
1280 5400
5600 4920
-5440 4760
-4400 1800
-2000 920
-320 440
1920 5160
5040 2760
4720 1480
-2640 120
3040 3800
-480 5480
5360 4280
-800 2760
2640 3560
-2000 1240
3120 760
-4720 760
-960 2360
240 520
-1920 3640
-1680 3240
-3280 2680
-2800 3560
-400 680
-1200 4840
5120 1080
1600 4680
-5440 3800
-1360 3000
1360 4280
5040 1480
3120 3960
-640 4840
-4480 5000
-2960 1800
-880 3400
2400 520
1920 3880
4000 4600
-2480 120
560 2440
-2560 1000
3600 360
5600 4360
-2480 2520
3760 1160
-4880 5080
480 5240
5600 1320
-5600 1160
1840 600
-3760 5080
1280 5320
-2640 5080
880 5240
-1200 2360
960 2200
-4560 4600
-1360 3240
-1280 1720
-5120 1160
-3520 1720
3280 2520
-4400 840
3360 4680
0 3800
3280 1320
-4800 1960
3680 4520
4320 120
2320 5160
880 1000
240 3240
-4800 2520
-3680 3080
-1200 4120
-5440 2440
-1280 2200
-240 4680
-3680 2520
-4080 1640
5600 3720
-3360 5160
-480 3320
-2560 4440
1440 3560
-5280 3480
2560 5320
2560 1960
5040 1880
-1040 3480
5120 2440
1920 4120
880 4920
320 760
2160 5080
-4640 4120
-1040 2920
5360 1400
5280 2680
-1040 2360
-4960 1160
3760 1960
-4160 3480
4080 5560
-720 1320
2560 4280
4720 3800
4960 120
240 1400
3120 1080
4000 3560
-4240 2840
4400 4600
2960 4040
-3440 4360
-3040 3000
5520 5080
3360 280
-5600 4440
3360 4040
1360 1320
400 5080
3040 280
1760 5640
3840 1720
-1520 3400
160 3960
1360 4120
-4160 5400
-5600 4600
560 3560
-1920 4280
-2240 1560
4160 4520
3120 5080
3680 1800
-5120 1320
4240 5240
-1760 3400
-2560 5240
5360 2200
3840 4120
-3040 3240
3680 5640
480 5080
-1760 1880
-4320 1560
4480 440
-2720 2760
-800 3400
-2720 1800
-720 3080
5040 3800
-3440 760
-2560 3240
2560 3960
-1120 1080
4160 3960
-240 2680
4880 1480
3120 3240
5360 5560
240 920
3040 200
-2240 2680
4560 4360
-4000 5640
-4160 1240
640 1160
-1280 920
1120 5080
-560 4760
-880 2200
80 3480
3600 3560
-2000 2040
-1040 40
-1520 920
4560 3480
-5120 200
4000 4120
3200 1400
5120 5080
-3440 5080
1600 520
1360 1960
-1920 760
-2000 3240
5120 1320
5600 4520
3600 2360
4400 1560
3200 3640
-5120 2680
-2560 4520
-720 3960
-560 2920
3520 5080
-4800 4520
5440 4440
4880 440
-2880 4360
560 4280
-5520 3480
-3120 1000
3120 2200
-3760 4120
3120 4920
-1520 4520
1120 5320
-720 1000
4240 3800
3600 40
-240 4840
4240 5000
-4960 1560
1600 1400
-3680 5240
480 840
3040 1080
-5040 4360
1200 4200
-3200 4760
-5200 1560
-2560 3640
4240 4200
-1040 5240
-5600 5320
-960 3960
-1280 1240
2240 1640
2640 5320
-3760 1480
-4800 2920
-4880 4440
2960 1320
-480 1000
-1360 3960
3840 2680
4960 1400
-1120 4760
-3920 360
-1600 4840
-1200 4360
-960 2520
2240 1880
-1360 1960
4400 5480
640 2200
160 2600
1360 2760
5520 5320
-4560 3240
-1440 1880
-2320 4600
4000 4200
-4720 1640
960 120
-4880 3880
4560 2040
5280 4760
-3680 1640
-720 3720
4960 2760
-720 4600
-2560 920
-3360 2920
1680 2200
4240 1800
1120 2760
-2160 360
-2960 5400
-4400 4600
-4400 2040
-800 680
-3840 5400
-1360 1800
5280 1080
-3040 920
-4320 2680
-5440 520
3360 2760
4080 1400
-2320 2520
5200 4440
1200 3960
800 120
-2000 4440
-480 1560
-3280 5640
2480 2840
320 5240
2080 4040
-3440 3320
-400 760
2080 4520
5600 920
1040 5160
3040 520
3440 200
4480 5480
4160 2280
-480 1960
3440 2360
-1040 2520
160 2200
4800 1880
-2880 1800
2400 3720
-240 1400
4400 1720
5440 2280
3440 40
3760 4120
-80 4360
-1280 4840
5440 40
2160 1160
-1600 1800
80 5320
-2240 4840
-5440 4280
-320 600
3760 1880
320 280
5440 4680
5360 3560
-4480 920
-4240 5560
4400 3400
320 4120
560 5640
3440 840
3680 680
4000 3640
-2880 2920
2640 2120
-4640 3880
1360 4760
-5600 1320
2720 440
1200 1720
2240 1720
2080 2280
-2400 920
-2560 2840
3040 2200
-2800 4120
3520 2440
4560 840
3680 1480
-400 1560
-1680 40
-160 2200
-2880 2280
-160 1240
-640 4120
960 2520
1600 1960
-4000 2280
-2240 4200
2640 2040
1920 1000
-1280 760
-4000 3320
3440 1640
-880 840
160 2440
-2480 1800
4480 2520
720 5080
-3120 1080
-5440 2360
400 3080
4080 5000
4720 2920
-3600 2600
3360 1240
-5040 2920
-1200 4040
-5200 680
-1280 5560
-4080 4680
4640 2840
-5360 2200
-4800 40
5360 1240
720 1800
-80 4440
-880 2920
640 1720
-4480 4360
1600 5080
-320 3800
4160 840
-4000 2680
1680 2040
4000 1800
-4640 5400
2320 760
-2560 2120
5600 680
-4560 1080
-4640 3400
-4000 5000
-5360 4120
3440 4280
-560 3400
-1360 920
-4080 2760
1920 3720
-4640 520
-1840 2120
3120 1400
2480 5640
-5600 1400
-2240 2440
-2400 3080
4320 5080
-3680 1320
4960 3640
-3680 3960
-2800 2040
4560 520
640 4840
-1680 1080
3120 440
-2480 680
-4640 2520
960 4360
-80 4200
-3280 4600
-1680 3560
1440 1640
4720 120
1280 1560
5040 440
1360 4520
-4080 1160
-160 1880
-2480 1080
-5440 2840
-1280 4680
4640 4920
-3520 4280
-3520 3000
2880 2280
-2720 840
2960 5400
-3200 1800
-4640 5160
-3760 2280
3920 4360
-1120 120
4000 2040
-2960 2680
1600 1560
1920 4280
720 4840
-5040 120
-1920 5480
-5360 680
4080 3080
-1440 920
-3920 5400
-3280 1400
4880 3480
4000 840
4880 200
1440 3080
-1440 2120
160 5560
3280 680
4640 5560
1440 5160
-3040 4840
-720 4280
2960 3720
80 2840
-720 1800
-640 3720
80 4680
4640 2600
4640 3320
3520 3000
1520 4440
4960 1240
2640 5080
4800 1800
-720 200
2640 4360
-2880 840
-1760 440
3680 600
3920 3960
-880 360
-5600 440
4480 920
-400 1000
1920 1720
-320 4680
560 3400
4320 2440
-4960 3000
-3040 520
480 3480
-1760 5000
-5520 2440
-80 5240
-2080 1640
-4560 2360
1040 200
-160 2600
-4000 2520
-720 1880
5120 5640
-480 3880
720 1480
-3920 4040
5520 2760
-4080 520
5520 2440
2880 1240
3600 1960
-1200 2680
2320 1560
2240 5640
-480 1800
1840 1880
1200 2200
-1280 2360
1040 440
-1040 520
4320 1640
5120 1720
320 5480
-1440 5000
-4000 4680
-640 5320
-4960 360
-1920 1160
3600 4360
560 520
5440 2840
1760 840
-3440 120
5440 5000
1840 2680
-3440 3880
-240 3000
-5200 1800
-1600 2520
720 3800
-1760 5480
-1120 3960
-3040 1720
5600 5240
3280 1560
-2880 4040
-3040 2040
-1120 3000
2720 4520
-4000 360
3520 280
2640 520
5440 3400
1280 3560
-4880 680
960 1080
1520 4520
720 1400
-2160 4840
800 360
-3760 1720
-4960 4680
4080 120
-3200 4440
240 3880
480 680
-4320 2520
3200 2120
5200 4760
-3520 4600
-4800 3720
-3440 4520
1920 2440
5360 1960
-2080 4120
2320 440
640 4520
2400 840
1840 3480
1200 600
-2160 3000
-2800 2200
4720 4680
-2080 5080
-3600 760
-240 1160
-880 4760
-4880 3800
-2960 1560
-4960 5240
-3600 3320
-5120 4200
2720 4920
-2240 5160
-2960 1960
4080 1640
-3920 5000
5200 4840
880 3400
-5600 200
-2080 3960
-2640 4920
-2960 3560
1520 200
720 4120
1520 3960
-4480 2120
2240 2520
-4720 1720
-960 4360
-4720 4600
3520 760
2560 1640
320 3640
0 4920
4000 1080
-1440 3960
-5040 3960
4720 360
-3920 3000
-5440 5320
4800 4040
3840 2280
-240 2440
-4480 2600
4240 40
1360 1000
-2800 1960
0 1880
-1440 4360
-3360 280
5440 1480
3920 2120
-640 120
-4080 5240
4640 4440
4320 3560
4320 4680
2000 3480
1040 4200
-2720 2600
-4000 1240
-4800 5400
3440 4120
4160 1720
1040 3080
-1520 520
-4560 1960
5040 280
-3840 3880
80 280
-2320 3400
1840 2440
800 680
-4960 4600
-2560 2920
480 2200
-3600 5000
-4160 4440
-2400 2840
5600 4840
720 3560
-5520 600
4080 2600
1120 3640
-560 4360
-560 3800
-5280 5240
-400 1720
3040 5560
-3600 4200
-5280 2360
3840 5000
-480 4360
-3920 600
3600 2520
-4640 1160
1360 760
-4480 4520
1600 3560
3920 1560
-3280 280
-3600 4040
-3600 360
3680 4040
1920 520
-2240 3640
-4960 1960
960 5560
5360 2680
400 1640
2400 5160
-720 4520
5280 3800
-320 2200
3360 2520
5200 120
-4000 4200
3680 2200
-400 4040
-3360 3800
-880 5480
1280 600
-3760 760
5600 2360
5120 1960
-4160 1080
-2240 5000
-5200 1480
-5520 1720
-4400 2840
720 4680
-1760 3240
-1120 4280
-5360 280
4640 1640
4240 200
1440 4120
-560 3080
4880 1560
-4640 5000
960 5000
-1760 1160
-5360 1720
1680 1480
-2800 4600
2560 3160
-2960 40
4800 4840
1520 3160
5280 5080
4000 5160
-4080 680
-560 1640
2480 600
-3440 440
3120 4760
560 1640
880 1480
0 4040
4240 2200
3040 2040
160 3320
-2720 520
-4560 840
2240 4920
-3200 2760
-2240 3080
-2000 5160
1840 1800
1200 4360
3760 5480
320 2680
-5120 520
4720 3560
2960 3160
1760 4360
1520 1720
-560 1800
960 3400
-2720 3560
-1680 360
-4880 4280
-5200 5560
-800 2280
-1040 280
-320 4200
-3120 5080
2960 1960
-1360 2680
5600 760
-3440 3720
-2000 4920
800 4520
-4880 3640
-640 5000
4800 5400
-1680 1560
3520 3640
3920 1000
-4080 4520
1440 1480
-5600 4360
-960 1880
-560 440
1760 3640
1680 5160
4960 4920
4640 1800
1600 2680
720 1240
-5520 680
4480 1560
2960 3480
-2800 2360
-5280 4200
800 5480
2080 680
-2000 2680
4320 1480
2640 1080
-2080 200
-1360 3080
-4960 5000
2560 2600
-5520 1080
640 5160
5600 3800
480 3000
3040 3640
-2240 4760
-1680 840
2000 4600
-2720 40
2800 520
5360 1720
-3680 280
880 5640
-3120 2280
2320 4600
-2160 2360
-2800 680
-4960 2360
1200 4040
-5200 3800
3600 3480
1760 5320
720 520
2800 5400
-4240 4040
-2800 4920
5280 2920
-2080 2440
1600 360
-1920 1320
5360 2520
-960 600
-160 1800
-5600 920
-3360 3000
3680 1720
2320 3800
-3360 3640
5600 3320
2320 2360
3600 1080
5200 440
4240 1640
560 4760
-2960 1640
3520 920
-640 680
-3280 4520
-3680 1720
-4880 4120
1280 5160
4400 2040
1440 5560
2400 3960
3360 2280
-5360 920
640 4040
-3120 4040
-4800 840
-2080 1880
-3200 3400
0 2200
-720 1240
2240 2360
-3120 4760
-80 5640
5360 3880
320 1080
-3360 1800
-5280 4840
2400 2600
80 1160
5280 1480
-3920 4760
4160 3240
-2880 3160
1760 440
2480 40
-2160 1000
-5360 4360
2640 2280
-4720 1320
4240 3080
-880 4840
-2560 1880
-1920 5080
4720 3960
-4960 3400
-4000 200
-880 4280
5440 4120
-2880 2440
-4480 3320
2080 920
-1200 4600
-2320 1480
5280 5400
3040 5080
-480 4680
4160 2760
5360 120
4480 40
1600 2920
2080 440
80 3800
1600 2520
240 1240
-2240 1400
4800 5560
1600 5640
4560 3960
160 2680
4400 4280
1600 1080
80 4360
-4320 760
-560 3640
-400 3240
-3600 4680
-4480 600
-4640 1960
2800 2040
-4720 5000
240 4440
-3360 5480
5440 2440
-4320 5240
-5440 5400
5520 1320
2160 1480
-2320 4040
4400 2760
-3200 1320
-3040 680
3440 4680
4240 4120
-1440 1320
-3600 1000
80 4520
-4480 1880
3600 1720
4080 920
2080 3560
2240 3400
2000 1880
-3600 1880
-3600 920
-4400 3560
-3600 200
-1520 3800
5520 280
-3520 5320
1600 4040
3280 1960
240 5320
2800 1720
-4080 3720
3200 4840
-480 1480
2320 600
4720 5640
3040 2840
-4160 680
1680 680
1600 280
-2080 4760
-4640 2440
-4000 600
4960 5080
-160 3960
3440 3960
-160 520
-4240 4600
-800 4760
1840 920
1120 760
2160 1640
3040 1240
4080 3720
-2000 2280
5120 2920
1360 2360
-2720 5160
3840 2040
-3760 1080
4480 3240
-5520 1960
-160 760
-5360 2760
1120 1480
-2240 1080
1680 1160
800 2440
-4160 440
-4560 440
2480 1880
-4800 200
-2320 2920
-4240 4520
3840 3880
-2640 1240
-3680 3400
4080 520
-5280 1480
-400 5080
-1760 4360
2880 1960
-5280 2680
-80 3320
-4400 120
-1840 3880
-5520 3640
3920 2760
5440 840
2000 520
1760 1640
-2160 4680
3200 4120
4320 2920
5040 760
80 5560
1520 3000
-1360 1400
-3680 600
-2320 2200
2880 4280
1120 1640
2080 2520
-4400 3080
2080 3160
1120 4280
4400 840
2720 1400
-2960 4440
5520 5400
1840 2040
3600 120
3040 1800
560 3960
-720 4200
-2240 4600
-5360 2840
160 5400
-4640 1880
-2400 3320
-3680 3160
400 1000
-480 40
-240 3240
-400 2040
5360 3400
-4640 4440
4880 1160
4960 2120
-3760 3960
-2880 440
5040 2360
880 200
-800 3880
-1520 200
5040 5160
3200 2440
-5600 4200
5520 4840
800 3560
-3200 120
4800 4600
-1840 3000
-3200 2600
2800 1480
-5360 120
-4320 840
1760 2520
3360 840
-3840 5080
-720 2840
-960 4200
3280 4840
-3360 4040
3120 3480
160 4520
4320 3800
-640 520
3120 4280
-2960 2920
-4480 520
-3040 4680
-2640 3960
3040 4440
-160 4280
80 1960
3120 4120
5520 2920
-2720 2440
1760 3720
720 680
1200 440
-800 2120
0 1480
-5280 3080
-1680 4280
-4640 680
-880 3800
3600 5000
1520 4600
2400 1960
-4080 440
-2960 2120
4960 5240
3200 200
-3760 3720
2480 2360
1280 760
1840 120
-3200 920
-800 2040
2880 2680
-4720 2200
800 1800
2400 2920
-1920 1960
2480 200
3120 3640
-4400 520
5600 1080
-5360 3000
-3600 3800
4480 2920
-2880 5240
2320 2680
4960 1880
-2400 1080
2240 5400
1040 1480
3520 3160
-560 1400
1120 5480
-5440 840
240 1800
4880 5560
4720 2120
-3680 5320
-2560 3160
5520 4600
-5440 3400
3440 5240
1600 3320
-2240 2120
5280 2040
-2080 40
2960 4120
800 1320
4000 5560
-1360 3800
-2800 2600
-4720 1880
2480 2760
160 5000
-3520 680
-5120 4600
-3680 1960
400 1560
4800 2920
4640 1160
-3600 1240
-240 5480
-400 920
-3600 5560
-2160 5000
5200 1000
4240 4840
2960 3000
-2720 4040
-160 5320
-3920 40
-2720 4520
-4240 5400
4960 2680
80 1880
-3760 2760
1680 3240
5440 1800
-1840 3080
1520 5000
-1200 120
-4160 2680
1200 3080
-1280 5400
2720 3240
-4400 3000
80 600
-2240 5400
-3520 2040
2800 1080
-800 2920
-2480 4120
1680 4760
-2160 2840
-5120 920
5440 4520
560 4360
-960 200
4480 1080
640 5240
-4320 1960
2240 120
5120 4600
-1680 200
2320 5320
4880 1960
-1200 3080
1280 120
2960 40
4400 2840
4720 4280
1440 5240
-1680 5240
-1920 3720
2480 3560
4560 4600
-4800 4600
2560 4440
3840 4680
160 600
-1680 1880
80 1240
-2800 4760
480 1560
-5120 2920
2560 2520
-2160 5640
1920 360
1920 1640
240 5080
-1440 5240
-2320 600
-1520 360
1840 4120
-720 1960
-5120 5240
1040 600
2000 5640
1840 5080
4240 5560
-2960 3240
2240 4200
-1440 40
-1280 520
-1360 5160
-2000 360
960 1320
480 3960
-2720 3160
-4560 1480
2160 5240
1040 4280
-3440 200
-4160 2440
4240 4920
3200 3960
2160 5560
-3360 2760
2080 2440
-5200 4440
720 3480
5360 920
2400 5480
2640 1800
400 4360
-720 1080
960 1720
-5040 2440
800 1960
5120 760
-2960 4680
-5200 4920
-5360 40
1440 2200
-4160 2040
-960 2120
-2640 4280
-4880 1720
400 1400
-2000 3960
3680 3720
2560 2680
-2080 1480
4560 3080
2320 4280
3520 5560
-3680 3320
-3280 2440
-480 680
3520 2120
-1840 1960
4320 4280
4160 1160
-80 1720
-2480 2760
720 40
-2240 2280
1520 4840
-4960 4360
800 1400
2800 4600
-2400 1480
-4080 5560
-4480 4840
-2320 1240
-4240 1400
5200 4360
4080 4280
-2640 3400
-3280 120
4720 2360
-1360 1160
2960 4840
-560 4600
1680 4840
1680 40
1040 840
4000 3320
-5520 440
4400 2280
4560 2680
-960 1160
4640 4040
-240 2360
-1200 5320
-2160 5160
-2160 3480
-4160 280
-2640 3000
3680 4840
3200 5320
3840 2920
1600 5240
-5280 3560
3040 760
80 2280
2240 1320
-3920 1400
-3120 840
2240 3000
-2400 5240
3440 440
-1600 4760
-2720 2120
-2800 4280
2640 440
-4080 5400
-2080 2680
5120 520
-4720 3160
-3040 120
-2720 3640
-4800 3080
2720 3720
-5200 40
4480 3320
5120 4120
-1760 2600
3920 3480
2400 2200
-2240 40
-960 5080
-3040 3720
-1040 3160
5040 3560
-2560 5560
4560 200
-1120 1800
-3120 2920
3760 1320
560 3000
-1120 5640
-3120 1880
-4560 3640
4800 5080
1840 3960
-2720 3080
4560 4520
-2240 5240
5040 2520
1920 3560
-4000 3720
2960 2520
-4400 4040
4800 3160
2080 2840
-2480 3560
-2320 40
3760 5080
400 2680
-240 360
4880 5480
-640 3640
2560 1720
400 1160
-3040 2520
960 4840
1600 840
2720 4760
-2640 4040
960 1880
1440 5320
160 440
4640 2200
2960 5000
-5360 4920
-4320 3720
-880 5560
-5440 5080
560 2120
-2160 280
-2000 1800
-5280 1240
2320 1960
-1920 440
-1600 680
-1840 3800
-560 2680
4080 2920
2800 4120
-4720 200
3360 3560
4000 4680
4480 1480
-1440 4840
3680 3240
3040 1160
4960 3240
1680 3000
-5520 4120
3040 4120
-3760 2120
-4880 2280
0 3240
640 3640
-240 1240
1360 3400
-1280 5000
-1600 1400
3200 3160
-640 3240
2800 4840
-5280 3960
-80 2040
4080 2840
-2480 5480
-720 40
3760 1080
1520 2840
-4080 4280
-3440 600
-320 4120
-5120 280
80 4760
3600 1240
1600 1240
3200 1960
-80 600
-2560 3960
1680 1000
5280 1640
880 1560
1760 920
4960 2920
2480 4280
5440 4280
-1120 5240
-5440 3000
-1440 360
-3040 5480
-5200 3720
-1040 2840
-1120 200
800 3000
4640 3880
4160 280
-3680 2040
400 5480
-3760 920
3680 200
2800 1320
-2960 3480
2560 5000
-1120 2280
960 4680
3360 5000
-3840 2440
-5360 1400
960 1960
-320 4520
2640 3400
5280 1880
-1840 5560
-2480 5080
-5120 1720
-1520 5480
-1600 3320
1120 120
-1520 1960
4960 4040
1040 1720
1040 3240
-560 5240
160 760
-2160 600
-1120 3080
4160 1480
-4400 2440
-5040 360
4160 5320
-4160 840
-4640 2920
-800 5400
160 1080
-400 520
-1760 5160
-4800 1240
80 4200
2480 1800
-800 760
-2560 2680
-4400 3400
-4240 3960
4240 3240
5440 5640
-5040 1880
1600 3720
4800 440
-480 1320
4560 680
-5520 920
-1040 3320
-4320 5320
2240 3880
-2000 280
-3840 120
-720 2680
5600 2920
800 5000
800 280
-1200 440
-2640 2520
-2320 1960
-2560 1960
640 2920
2640 4840
-4560 4200
-800 1080
-400 4200
-800 1720
-5040 3480
4000 1720
160 3000
-2240 5480
5280 2520
-1040 4440
4320 2600
-640 2360
2720 3080
3440 360
-3760 4920
4480 280
3760 2200
5200 840
-5360 1240
160 920
-3680 2760
3840 4280
1200 1000
-4480 2200
-1200 3160
2800 2440
5600 1240
-4960 1320
3840 200
-1120 3560
-5120 4760
-4480 4120
4960 2520
3600 1400
-80 5080
-80 920
720 2440
4000 2520
2720 1880
-4160 520
-4320 440
3280 4280
-5120 600
-2880 3960
-1280 5240
-5120 3400
1760 4760
4720 4440
3840 1240
2880 920
-4880 3000
-3520 1160
1760 5160
-4480 5560
1200 200
2400 920
-4320 1000
-1920 5000
5600 1720
80 2360
3520 2040
3520 4200
480 2280
2080 4920
3920 1480
-3200 2280
-1120 920
-2800 520
3360 2120
5360 2120
3040 2680
-1920 200
-1040 5560
3200 5000
-3120 3560
1760 2760
2640 5000
5520 600
4400 5080
3680 5320
-4880 3240
-5200 360
-3120 4920
-2720 680
-3360 2040
5040 4760
-3920 4360
3760 3800
-2640 2280
5280 4520
-3280 4360
4880 280
-1600 3640
-2960 3400
-5280 4280
5520 4200
-5360 600
960 3240
3440 5080
2320 4040
4640 3160
-1280 1880
-4080 2840
4240 1160
-1120 3720
-2080 760
3040 2440
-2080 1000
-4320 4280
-3440 1640
-320 5320
3680 4600
640 1880
-4080 3640
-3680 1400
-1280 3480
0 2440
-560 1880
-5280 600
-4560 5080
5120 3400
-4080 1400
3680 4200
-3760 40
1360 520
4720 4920
-2000 3480
-3360 1240
1760 2920
2880 4680
-2800 3880
-2080 3640
3760 2600
3280 2840
4880 4680
-4080 4040
-4720 3640
-4000 1000
-4320 2360
-560 1240
-2720 5320
-3520 4920
-960 3400
1360 5480
-4640 4760
-4960 120
-1680 1400
1680 3080
2640 120
-4960 600
1600 3400
-3440 1960
4560 1880
-4000 4040
-2800 1880
4880 1640
3680 4760
-5120 840
2240 3240
-1120 4200
1440 4280
-2560 5320
5280 4920
560 1960
-1600 4200
4560 1480
-1680 4040
4640 4280
-2880 4280
2320 4440
2800 4760
3760 1000
-2800 1400
-4080 5480
-320 5240
-800 3640
-3840 840
2000 2680
-4240 920
160 4280
2080 3000
-1920 40
560 3320
4720 520
-2640 1560
2080 2200
3520 2920
-1200 5080
4400 3000
4720 840
-960 4920
-2000 3560
-240 4920
-2560 2200
3840 5240
2880 2760
1040 360
-1200 2600
2960 4760
-3280 3480
-3520 920
-3520 2680
560 2840
2000 200
-4480 2920
-80 1560
-1600 360
4960 4440
1840 440
-1600 1160
3600 5320
-4960 5560
5520 1560
-3200 2440
-5040 1560
-1520 3000
-4240 3400
-3440 1160
-2400 2040
-5600 1080
-4480 3720
-4800 2600
-1360 4200
-3920 2120
-4800 360
-2640 4760
-400 3560
-1520 120
-3200 3800
3840 5320
1120 3160
-4560 2760
-5200 5640
-3120 4520
2400 4840
5440 920
5520 3880
3840 280
2240 520
-2240 4040
-1040 1960
720 3720
-160 5400
5120 200
2800 4440
-3440 5320
0 4200
4560 3640
-5520 4360
-5200 5480
1520 3480
5280 2840
-3520 4440
-3760 1240
3920 3000
-4720 4120
-2000 4680
800 2120
5360 3000
2400 3400
3920 5320
-4480 2520
2800 3640
4240 4440
4560 3240
5360 3320
-3440 2840
3760 360
-2480 5160
4800 3800
-2160 3800
2560 40
-2400 760
1920 200
-1280 4280
400 4520
-3760 5640
5120 2120
-4880 2840
-3280 4120
4000 360
400 2040
-5200 3240
160 2280
-3120 1800
-4080 4920
2800 120
-4240 3000
5600 2520
-5600 5480
4880 4760
-240 5560
-5200 2200
1120 1880
-400 2200
-1120 1640
5360 1640
3920 1240
-5120 2280
-1040 4040
-2640 4600
-720 2120
-2320 5480
-3520 280
-480 3160
800 1720
1840 1480
480 2760
4960 1000
720 840
1520 760
480 1320
-1680 5560
-1360 4120
3280 4440
4000 920
3280 4120
5520 3640
-4720 3400
-3520 5480
-4640 120
-5200 2040
-5600 2840
80 5080
-2880 4760
-560 2040
3440 4440
-3600 2040
5120 5480
-320 3320
-3680 2200
1200 680
1680 3640
4480 2120
2000 4360
-4400 5400
3840 1160
-320 3160
-4880 1480
-5040 1080
4800 3240
320 3480
4560 2360
2560 840
-2400 4040
-800 920
-3040 4280
960 280
-880 4600
4960 4280
5440 2040
-240 2200
1440 200
1040 4040
-2400 5320
-1280 3880
160 4680
-2560 3480
-1920 3480
-880 1880
4960 3560
3120 1240
-3760 3240
3680 3880
-5200 3640
-400 2760
3760 3960
5440 360
-4720 1480
720 2760
2880 1160
-2640 1400
-1680 5080
-4320 1480
-4000 1960
-3600 440
-1360 3400
4480 2440
320 5400
-3040 5640
-560 3240
-4800 600
2240 1800
-3920 1960
-2880 5640
5280 5240
-1840 4760
5040 4920
-5280 2520
1920 1160
1200 1800
4240 2360
-1840 2760
1360 3320
-4160 5240
1360 440
4000 3160
-4720 2600
-640 3480
3200 280
-2080 1320
2160 5400
4160 5080
-5280 360
3440 3560
2960 5320
-3680 5000
5360 4600
0 3480
-3200 360
880 1880
-3600 2280
640 3160
4800 5640
-1680 2040
-5040 3240
-5200 920
-2160 3080
-3760 4760
2560 3800
2720 3320
-2720 5560
3040 4360
-240 4120
3280 3880
-5440 1160
3920 360
-2960 3000
-4640 4680
-400 2440
4640 120
1520 1240
5520 3000
-5200 1320
4560 920
2800 1800
-1280 2120
1440 4600
1200 2440
-2320 5640
-2320 1560
1280 2040
-1840 1240
-2320 1720
-3680 3640
1760 2120
5200 4120
4960 4600
1760 1880
2160 2120
-1600 2360
-560 2440
4400 3720
-5360 1960
-1040 600
-4560 2840
5040 4520
-2960 4520
480 4200
-1840 3320
80 5640
-2960 3720
4800 760
4160 3640
-2800 760
-1920 4120
-1040 4600
-2000 2200
-3360 3160
1040 5640
4080 760
3840 3560
-2960 5560
3600 3240
5200 5560
3040 2280
2000 40
2480 3480
1040 680
3760 440
-2560 200
880 2440
2480 5080
-4400 4200
-1120 5560
4080 5320
-2400 1880
3680 760
1200 3560
4320 840
3040 5640
1200 1320
3120 2520
3600 2200
-3360 440
-1440 760
4080 2120
3360 2680
5280 5160
880 1720
-880 1240
2160 3400
4320 1400
-2000 1480
-3360 840
-4800 1560
3200 1640
5200 3960
240 1560
-2160 3880
2480 1560
1440 4760
2320 3640
-2320 760
-3760 5160
720 4440
-80 4920
-2880 3080
-400 4760
-3280 5000
-880 1640
1280 3000
-2320 2040
-4880 5480
-3200 1960
720 5640
400 2360
3200 3080
-4400 4680
2720 680
-4080 2200
2080 1800
-4640 5560
-3840 4280
-3200 5080
5600 5400
-1360 3720
160 840
-1200 3240
-3520 2760
4640 2120
2800 1240
-3360 2120
-3440 5400
2080 760
560 760
240 3800
-4640 3720
-4960 200
-4160 3240
-3520 2920
1120 1080
-960 2680
-4400 5480
-2080 5400
4480 600
1760 4440
3920 4840
4000 1320
-1600 5560
-4640 2120
-3040 2360
-5600 1960
4560 1080
-1680 2680
-3440 5000
2160 3560
5360 5080
-4560 680
3520 4520
3120 1960
4720 280
-2320 4360
1520 4280
-2880 2040
1840 4680
-2000 5560
3840 2840
4400 3160
4640 1960
1600 2600
-5440 5560
3280 3480
4240 2040
-960 4120
4880 4360
4480 4840
-2160 1160
-4880 2760
-2960 760
1520 440
-2240 920
-800 3560
-1840 3160
-5120 4840
-3280 1640
-400 840
480 5400
2960 360
-1200 3720
5200 4200
-1440 2760
-4320 40
2320 4920
4880 2440
-4240 4280
-3680 5400
-240 2920
160 3160
1040 3880
720 5480
1680 1720
-2240 200
-2800 360
0 2520
4960 2040
3920 3400
-4800 3960
2080 5320
-640 1480
1280 5080
-240 280
4480 5640
4320 3240
-3920 2360
-1040 2680
4960 5480
-640 3880
-1600 2440
-3120 5160
3920 5480
-2160 3640
-3840 1560
-1840 840
-1680 2760
-5440 4600
4640 3560
4160 600
320 4360
480 5160
-1440 5560
-3200 1160
-1040 4920
-3440 1000
-4000 4440
5200 5640
2160 2680
4800 2520
-1920 2040
2560 360
-4160 4360
480 1800
-1440 5400
-3520 1560
-5120 3560
-5040 600
-1680 2280
720 5160
-160 1000
3280 840
1520 5640
-2960 2520
-5600 3160
1760 40
-3360 5000
-5280 4680
240 4360
-1200 760
4080 4520
3120 2360
-4720 5320
4720 3640
-1760 120
2160 4200
-3920 3880
-3120 5560
5200 1560
-2320 3160
-2080 2040
1680 4360
-240 2760
-2480 3320
1040 2440
3760 4360
5440 1240
2960 440
-2400 4200
640 5400
-1440 3320
3360 4360
5520 3480
-3840 3080
-3840 1000
2720 5480
-4320 3880
-1360 520
-2880 1320
1920 2040
-3360 3880
4320 5320
-4400 2120
-4400 1240
1440 1160
-3840 1320
1600 1640
-480 3400
-5120 1960
5280 4440
-2240 3000
3680 2520
-3280 3240
-3200 3560
3280 5640
-2080 840
3440 1080
-2640 2120
2480 5480
-4880 4920
-240 760
