344
-640 1640
-1200 1640
-1360 1640
-320 40
560 1160
-400 680
160 1240
880 1640
240 1640
880 40
-400 1640
480 1480
1440 1320
240 360
-1120 280
240 760
-1200 1320
-160 1320
1520 1560
-800 1480
-160 840
1280 1560
320 840
1600 840
-1600 520
320 1240
800 1640
1120 1640
1440 200
960 520
640 680
-1040 1160
1200 680
-960 1400
80 440
1040 1480
1600 1480
-1600 1320
-1360 680
-80 280
640 1000
-400 1480
640 120
-320 1320
1120 360
-960 40
-960 1640
-560 1480
-560 920
560 360
-560 1080
-960 600
-1120 1480
-160 1640
1200 1320
1280 1000
1120 1320
480 840
-320 1640
-960 1560
80 680
240 600
1200 200
-1040 1000
1600 440
960 1560
400 1320
-1120 1080
640 280
0 1640
-640 1320
880 1400
-1440 520
-1200 760
-1600 1000
1280 1160
-960 200
1200 1480
800 840
-1120 920
-800 360
-1360 1560
1120 600
1600 1320
880 920
-320 1080
-1280 1480
-1600 280
-720 760
-160 1160
0 600
1520 360
-480 1320
1360 600
-1360 280
1120 920
-1600 1480
720 1400
320 600
1440 1640
640 1640
-240 1000
-240 440
-1440 600
480 680
1040 440
-560 600
-400 600
-1520 1640
-880 1080
-480 840
400 1080
480 120
-400 1240
160 1400
160 1000
1040 1640
880 520
1520 1000
0 360
960 1400
-1040 1640
-1600 440
1200 1160
-1600 120
-880 760
160 840
-880 1000
-800 280
-1360 1480
-320 1560
1040 1000
720 680
-800 1400
240 1160
-480 520
1440 520
0 1480
-160 1560
1280 1240
880 1080
-720 200
560 840
1440 1480
400 1640
-240 1480
160 1560
1600 1640
1360 440
-240 200
1280 120
-240 600
1280 440
80 1480
-1280 520
1280 840
80 600
-560 1160
-1280 120
-1200 840
-800 600
-880 520
480 520
320 1000
-1440 1000
-1120 1320
-1120 1640
160 520
1120 120
1120 840
1440 40
-160 680
1040 280
480 360
-1040 840
-880 840
-720 680
800 600
480 1640
1040 680
880 1560
1520 600
-800 120
160 280
-640 120
1600 600
1440 280
-480 1000
-80 520
880 600
960 1000
1440 840
-1280 1240
0 760
-560 200
80 280
240 920
-560 1640
1520 40
960 200
-720 520
-560 760
-1200 440
-1040 200
80 1240
800 280
-880 360
1280 1640
1040 840
-1440 1160
1360 1000
-80 1240
-1600 680
720 1080
-720 1000
-320 520
-1600 1160
-1360 840
-320 840
-1440 1400
-400 360
-400 200
400 760
400 440
640 520
720 40
-720 1560
0 1320
-720 1240
-1280 280
1120 1080
-1040 680
1120 1160
-320 1240
1200 1560
-320 280
-1520 1480
560 1400
1360 200
-1360 760
-1520 1080
-1360 920
480 1080
-1440 1240
-960 360
-320 1000
1360 1640
400 280
1200 520
-480 40
320 1480
-1200 200
-1520 360
1600 760
560 920
1360 1240
320 200
-1600 840
880 200
720 760
1040 40
-800 1080
-640 840
-1360 1320
-1040 1480
1600 1000
720 520
1600 120
1120 520
1600 1160
960 1160
0 1080
480 1240
80 1080
-560 120
-560 1320
-1280 920
-800 920
-1600 1560
-240 760
-1120 520
800 120
-80 1000
-1440 120
-1200 600
720 1160
640 1560
880 1240
400 1000
1360 1400
-1600 1240
720 1000
320 120
960 1240
720 440
560 280
1600 280
-800 1240
-480 440
400 40
-400 1080
-1520 200
-1040 440
-1280 1160
-960 760
720 1480
1520 680
-720 1400
240 520
-240 280
-560 360
-480 1400
-480 280
880 760
-800 1640
1440 1080
-80 1480
0 920
240 1400
-880 1240
1280 920
1280 760
80 1640
560 1640
-1200 1240
-640 440
-1280 1000
-640 360
-1120 40
-160 440
1360 760
-1280 360
1280 360
-1440 360
-80 1400
640 920
-720 1160
720 1240
-1520 920
1520 1240
-1040 1320
640 1320
880 360
-1520 760
