1317
1840 3240
1520 3240
80 3240
560 2760
-2160 920
160 920
-240 3160
640 2680
3200 2920
2880 3240
0 3240
2560 1480
2720 3240
1680 3240
3200 3240
480 2680
1920 680
2160 3080
1680 2600
-240 2840
-400 680
3200 600
-3200 1320
-1200 3000
-1200 1480
640 2120
-960 3160
1760 600
400 1080
2880 2200
0 2200
-160 2360
-1040 3000
2400 3240
-2640 600
3040 3240
2000 1560
3200 1720
400 2840
-1840 3000
80 2840
-1760 3240
-1200 360
3120 2840
3200 2760
400 3240
-1200 2840
-640 2600
800 2520
80 440
-720 2920
2640 440
1360 600
-960 2280
2640 600
3040 1000
-1840 2680
-2400 680
2960 2120
3200 200
3120 2120
-160 2920
800 1000
-320 3080
-2720 2760
-1360 920
1760 2760
1360 3240
480 2200
1040 2520
3040 2280
-3120 120
-880 1960
1760 2120
3200 2040
640 1880
-1760 440
-1520 1480
-1920 3080
720 1480
-2000 1240
-320 1720
1200 1320
2560 200
-160 2680
2640 1000
-480 1800
-2240 3240
-2960 3240
-640 520
1520 2360
1920 1640
-2320 920
-1760 1160
-2480 2360
-2640 2920
-2960 1640
1920 2600
1440 1000
-1840 1400
0 3000
-3120 2920
-2640 1960
1840 3080
800 2840
640 1160
1200 2040
0 1480
1440 1720
2800 1080
-3120 3160
-1840 120
1680 1720
2560 520
80 1160
-560 1240
-1920 1880
480 40
880 280
-1360 3080
1040 920
-2400 3080
320 1400
-1200 1160
-1200 120
-2880 2760
-2640 2600
-640 1320
-480 1400
-1680 2680
-960 120
0 1000
1920 2760
-1200 1400
-160 280
800 3160
2080 3240
-2480 3240
-2720 760
1520 120
-3120 3240
3040 1160
-2640 920
-2320 1320
2080 3000
2240 1080
-720 1000
1760 120
3120 1960
3200 120
-2800 600
-2880 1400
2080 2360
560 2520
0 520
2880 840
640 40
-3200 920
1040 760
-2000 200
2240 1560
1360 2040
720 2760
-1680 3160
-3120 1320
-3040 520
-2880 1720
-2080 1800
240 2360
-2800 2600
-3040 3080
-2240 2840
-2160 760
2480 1240
960 520
-2800 3240
-2320 2360
-880 1640
-480 520
960 1160
3120 2280
-2560 120
2240 2200
-1120 3160
2480 840
-2640 2440
-240 3000
1440 760
3200 920
2480 3160
400 2360
-2720 1640
2880 1000
720 200
-1680 1960
3040 3160
3200 2200
-960 2840
-640 2440
2960 2040
-2080 1960
-400 840
-2320 3000
-1200 680
1920 2120
-2320 1160
2320 1880
2800 600
320 2680
2560 2920
2720 1560
880 1960
1120 1480
-2720 3000
-2960 2120
-2480 440
560 1480
1680 3080
3120 1640
-2960 2360
2800 2520
2800 840
400 1640
2160 1240
800 1160
-400 200
640 3080
1760 1400
1520 2680
2560 840
-1920 1320
-240 360
1920 2280
-2480 3000
2320 2440
-2000 1480
2080 1240
-1120 1080
-800 2680
-1200 1640
960 1560
-2480 2920
240 3080
-1040 360
-1440 1320
880 1400
2720 2040
1280 40
2960 40
3200 2360
-2800 2120
-1600 2520
-2160 2600
-1600 2840
-720 1480
-640 1080
1680 1320
1440 280
-2240 2200
-3040 2040
2480 40
3120 1880
-2560 3240
-880 2040
-400 360
-240 760
160 1240
-3200 2520
160 1000
-1680 1480
-3200 520
800 1800
2880 1320
1600 280
-2560 1800
2880 1880
-80 2200
1440 1160
880 2920
2640 2280
-400 520
-2880 3000
2000 1160
1440 2200
-560 1560
0 1800
1200 200
1840 360
2720 1000
2000 3160
2320 120
1920 1320
2800 2360
1280 760
720 1640
-3200 1880
-3200 2680
2080 2680
-1360 120
1200 760
-2720 920
-1280 2760
1840 1480
-1680 3000
3200 440
1840 920
1520 920
-1280 2520
800 520
1680 40
-2160 1880
-2800 3080
-160 3240
2160 1400
1360 360
1600 1240
3120 3000
160 2200
400 1960
3120 200
880 2280
-1440 520
560 440
-80 1240
-160 1400
-2080 2200
2000 2040
3040 920
-1840 3240
2400 120
-960 2200
2240 3000
2960 2920
80 1320
-2240 2120
-2800 1320
-80 2840
-1200 920
1840 2360
-320 2040
-1760 760
240 760
-1840 2440
2720 2920
-1440 1880
2000 1400
-1200 2680
-160 1640
-1840 920
-1520 2360
320 1800
-480 600
-880 1240
-2160 3000
-560 360
2960 2760
-1040 3240
2720 2600
-480 2200
-1360 1560
-800 2120
-1520 2120
-3200 680
1360 920
1280 2200
-960 1000
-720 3240
-880 3000
2480 2520
-160 920
560 3240
80 1560
-320 2200
1680 3160
160 2040
-2720 1960
-3200 3000
-3120 1400
1680 1000
400 1480
-1040 1160
1680 2840
-3040 3000
-1840 280
1360 2680
-880 1480
2320 1720
-480 2440
640 600
960 1000
-1040 280
-720 280
-2640 1320
1440 3080
-1680 1320
160 1400
-2000 600
3120 2520
1920 2680
720 1880
1600 1080
2720 2440
-2480 2200
-2560 1640
880 3080
-3200 1800
-1520 2680
-2960 1160
-1520 3240
2000 1800
-2240 2440
-1760 2120
3200 680
880 1320
3120 520
-1120 2280
1200 600
1440 1240
-1760 1880
-1520 1800
-880 440
1280 1320
2000 2520
-1440 3240
2800 2680
-2320 2600
2400 2360
1920 3000
1200 440
960 1960
400 1320
-320 1080
1120 3240
2560 1880
-2000 1640
-160 2040
2320 600
-2720 2280
2320 2760
400 920
3200 3160
-2000 120
-3200 1480
320 3000
1680 2760
-1840 2760
1520 2200
560 2280
1520 1560
240 2920
-1440 40
560 360
-1840 520
3200 360
-2400 1880
-1040 760
-240 1560
-3040 2200
-240 2120
1040 2360
1280 1720
880 2760
1200 2760
-2960 2920
1040 3000
3040 760
-2480 1400
-2400 1080
240 1720
-2320 1960
0 2520
3120 1480
1760 2680
-2560 1080
-160 1880
880 2440
-160 1800
-2720 40
2320 1640
-640 760
160 1560
2960 1880
1280 3000
720 520
-3040 1160
960 2600
3200 1240
-1920 2920
-1360 1160
-3040 280
1440 1880
480 600
-3200 1160
-400 1640
-720 840
1760 1560
1520 3000
-2560 1240
-1040 1960
400 3160
1360 3160
-3200 760
2320 3080
560 680
2640 1960
1920 1960
-1280 680
-2720 1240
-160 2280
2960 600
240 1960
-640 440
2080 1560
1840 200
-3120 1080
2080 1080
1120 1880
3040 2680
-1760 1560
1920 520
-400 1560
2080 600
1040 280
-1920 2360
-2320 280
2080 2280
0 2760
-320 1320
-2400 2120
2480 440
-400 1480
1600 2520
400 520
880 1560
720 760
1840 1720
-480 3080
560 1320
1120 600
-720 3160
320 1000
2880 1800
-480 2680
1600 840
1760 1240
480 200
640 840
3040 1400
480 840
-2400 200
-1200 520
240 3240
1360 1080
-160 2520
-3040 920
720 2200
2880 280
-1600 1160
-1200 2360
560 2920
-640 3240
-3120 1640
1760 2280
560 1640
-3040 680
-2800 200
-800 2520
1760 2520
720 360
1280 1960
-2480 1000
-560 2600
-1680 2200
80 760
-2560 2120
-2480 920
-2080 3080
-2080 440
2160 200
-2880 1560
-1520 1640
-320 2680
-2160 2040
-880 200
1200 3160
-800 2280
1040 2120
-2480 600
480 1960
3120 600
-2240 2680
-2720 2840
3040 1240
640 2920
400 2120
-160 1000
-2320 3080
-3200 2040
1600 520
-2800 2920
2480 1080
-1120 2840
-1600 120
1520 440
960 3160
2240 1720
-480 2920
2640 1640
-320 3240
-1680 120
-880 2920
-2880 1000
2960 3160
-480 40
480 1160
-1440 1080
3200 1880
-2880 2440
-1280 2440
720 1400
240 2840
400 2920
-2080 2840
-2160 3160
2000 280
-2960 2680
2560 2360
-880 1080
1360 680
-560 1720
-1680 1000
960 3080
-3120 1960
-560 680
-1280 1000
2480 1000
-800 360
-3120 2520
-2160 120
-2320 1560
1280 1480
2480 680
-1040 1880
-1680 760
720 2360
2320 1160
-1440 2200
3120 2680
1360 2360
-240 200
1280 2600
-2960 360
240 1560
1120 1080
-480 200
720 120
2080 2120
2240 2680
2320 2200
3200 1160
-1040 1320
-640 2040
400 1800
2640 2760
-1920 760
2880 1640
-3200 1080
-2880 1960
-960 840
-2160 1400
-2800 440
-3200 3160
-1120 1800
-2720 2520
-1600 1720
-2560 1480
-480 2040
-1600 2920
-400 2840
-1840 2200
1920 1240
-400 2120
1920 760
-800 120
480 280
-3120 2280
-1520 920
-2160 2360
-2400 520
-320 280
-2080 1640
2560 1560
-800 1880
1520 600
1920 1080
-2480 2520
-400 1320
-2160 1080
-2720 2440
-2400 1800
0 680
960 1800
2240 3160
2640 3160
-480 2360
2560 1720
-240 1080
240 1480
-2560 2680
-800 3000
1920 440
-1360 2600
-560 2120
-3120 2360
2960 3000
2480 1720
-960 680
1840 1880
-1920 2680
2400 1080
-2880 920
-2320 1080
-1920 840
2800 1800
-80 2440
-960 1400
2480 2760
-2400 440
0 2120
-1520 3080
-3040 1800
2640 120
2240 2360
1600 1800
2800 360
1440 2920
240 2520
1280 680
-2320 2200
2240 1880
-80 2760
-1600 1320
720 2600
1040 440
2960 1240
480 2520
640 680
-1600 3000
-3200 840
-1200 3240
-2320 1720
-1440 2520
2960 680
-960 3080
1440 2440
640 1000
880 2120
2080 1880
-1600 520
2880 520
1520 680
1360 2520
-560 920
-2880 760
2080 920
-1680 2440
-2400 2760
-1920 1800
-80 600
-2800 1800
-1760 2840
-560 120
-1600 3240
-1520 200
-80 840
2880 3000
3120 40
480 1080
-2480 2040
1600 200
-800 1320
880 1640
1280 1160
2640 1160
2960 200
1360 200
-1360 2360
-2800 1160
-1680 1800
-1760 1240
1440 2760
-2320 120
2400 2920
2480 2200
2800 1240
880 680
1520 2840
-2880 1880
-1200 1240
-1120 1240
-240 1480
-800 2360
-3040 760
320 120
240 360
-2720 2120
-2960 200
-1440 840
-880 2840
-1840 2280
-880 520
1040 1400
2320 360
-240 1960
-1040 2440
2160 2600
1120 2840
-2880 520
2960 920
-1440 2040
1040 600
2240 920
800 600
-1200 2120
-2960 1080
1280 200
-3120 360
-560 3160
2080 40
2320 1320
-2320 840
2000 2440
-2080 2760
-800 1720
-720 1960
720 3240
1360 440
320 440
2800 3080
2080 840
1760 200
2000 440
-320 40
1520 2600
-400 1160
2160 2040
160 2520
2800 2200
-2560 2840
-80 3080
-1120 200
-960 520
2240 760
-80 1640
-2640 2280
-2400 1560
-2240 40
1840 2920
2800 40
2160 2920
-2960 2520
2000 600
1920 2520
2240 280
-160 360
-1920 520
1200 360
-80 1160
-2480 1240
-800 2200
0 1960
-2960 1400
1280 440
-2560 3160
-1200 840
-960 1720
2640 840
1200 2440
2960 440
160 2920
-3120 2600
3200 2440
-3200 440
-1280 1800
3040 1720
-1520 1880
2960 2440
2240 2840
-2720 280
800 2280
1760 360
2400 3080
2480 1960
-2000 2440
1360 1560
-2000 2920
-2800 2040
-80 1960
1680 2360
-2960 2840
2640 680
-2000 2520
-2880 360
1200 1880
2000 200
2000 680
1200 840
-240 600
1600 1480
-320 1880
-2080 680
3040 360
-640 1880
-640 2280
-1360 1720
-1440 1640
-2240 3160
800 840
2080 1720
-1360 200
-2240 440
-2720 440
-1920 2120
0 360
-1680 2520
-640 2200
800 2040
2240 1960
2800 200
2400 280
2640 3080
2800 3160
640 2040
1680 3000
-2320 600
-1440 1480
-1360 3240
800 3000
-1440 2840
-1120 520
1600 2280
2400 2520
-2560 280
3200 3080
-2000 760
2320 2040
2000 2920
1040 2200
640 2440
-2720 2200
-2160 2760
-480 920
-400 3000
1040 2040
-1280 2040
1360 3000
3200 2600
-3040 1880
2640 1720
2720 1080
1120 2520
880 1160
-1680 600
-400 2520
-800 1080
1120 2680
-2960 920
2960 1560
-1200 2440
-880 2440
-1040 2200
-2000 2040
2400 760
-2080 3240
-1040 1560
2880 2120
0 1240
-1040 2760
-1840 1080
320 2440
-960 1560
-1120 2040
400 40
-2400 2440
400 680
1200 2920
-1360 2920
-2640 200
-1360 1320
-1600 360
-2880 3160
-2480 760
-2240 1480
-1920 1160
80 2360
-640 120
3200 760
1120 1160
-1840 680
2160 760
-1600 2600
1680 2040
1680 440
-2080 920
560 920
1920 3160
160 1160
-2960 40
1760 1160
1360 1400
2400 2120
-2240 760
240 520
-1920 1480
2080 760
1520 3160
-240 1240
1520 1320
1520 2040
1200 40
1680 920
2240 520
-2160 2440
-560 2920
2400 1560
1920 920
-880 1800
800 3240
-2720 1080
-80 1400
1040 2760
480 1560
-2640 1560
-2000 3240
960 680
-240 1000
-1360 440
720 1240
1360 1800
960 2840
80 3080
1920 40
480 3000
-2640 3080
2560 600
-2240 520
-2400 1480
-2880 2280
640 1800
-1120 920
-2080 2360
-2800 1720
-1040 2520
-2240 360
80 920
-3040 840
880 120
-1440 1400
2240 1000
1120 2600
-400 1000
-2160 1560
-720 520
240 1080
400 360
-2400 40
-1680 280
-2880 680
-1200 1720
2640 2120
-2720 1480
-1440 1000
240 2120
320 2600
2160 40
-560 280
2480 2680
2400 520
1760 1000
800 360
1920 1800
-720 1240
560 1720
800 2600
960 120
-1120 1960
2640 1320
2720 1400
1200 2280
-1280 1960
-3200 1560
-1600 1080
-1840 1640
80 1720
2800 3000
-2640 760
-1920 1000
-1440 3000
1120 1640
2800 2840
320 600
1120 3080
2880 2360
-1920 2040
320 840
2160 440
-160 1560
1760 440
2560 2520
240 280
-880 3240
1440 40
-1440 360
1760 1960
-1120 600
880 920
-2720 3240
2480 1880
560 200
160 600
2400 920
-2400 2680
-1680 1640
-3200 2840
-800 680
640 3240
-1760 680
-2720 1800
2240 2520
-1040 1400
2480 2280
-720 600
1200 1080
-3040 2760
1120 2360
-2080 1080
-3040 1480
3200 840
-880 920
2480 1320
2080 280
2400 2680
800 1720
-3200 2280
-2000 360
-1120 2600
1600 3000
1200 1720
-1920 360
1040 1240
-1600 2280
2800 1720
-2080 1320
-640 3080
960 760
320 1240
2800 2040
-1360 600
-3200 120
-1040 40
2560 2120
560 2360
-80 2600
-320 2360
1280 1800
-800 3080
3120 280
-2480 1880
2800 440
-2800 1000
-2960 600
-80 760
-480 760
960 3240
-560 1080
-1440 2760
2480 3000
3200 1320
2000 3240
1280 2840
640 1400
640 3000
2400 1480
-320 1800
-2400 1720
-1120 40
1760 760
240 1880
2720 1880
-1920 2760
480 3080
-960 2680
-1440 280
-2000 2600
3040 1640
2160 600
-160 520
-2240 1000
1200 1560
-3120 680
-1520 760
-1840 1960
3200 1560
2560 3240
240 2680
80 1880
3200 1400
2160 2520
1040 1720
-2960 1320
-2240 1320
-3200 1640
-2880 120
1680 1880
2560 1320
-2560 600
-480 1960
-800 2760
2240 3240
-320 840
-1840 2520
-720 2760
1200 920
-960 2040
2640 280
-1120 1720
2240 1320
1120 2200
-2160 600
-880 760
-1280 3080
2480 280
1680 520
2720 40
1840 1400
2800 1400
1680 680
2240 1400
-2400 3240
2880 1480
-800 760
320 2200
-3200 40
-2480 280
-1280 2200
-240 520
-3200 2440
2960 1080
2080 2840
1520 1640
480 1800
2080 2200
3040 2440
-1520 680
1600 1640
960 360
-1680 2360
-1200 2200
-1280 280
800 1240
-640 1480
2720 1640
-2640 840
960 200
-2160 1240
-480 2760
-2400 2840
-2240 1800
1600 1960
-480 2600
-640 1800
2800 680
2480 1560
-1840 1720
-2000 2200
-720 1640
960 1720
-2800 2520
-1680 920
2720 2760
2640 2680
1200 3240
-1360 760
0 280
160 280
-880 280
-1760 200
-560 2760
-2640 440
1680 2200
-1600 2040
-800 1400
2960 2600
160 3160
-1520 1160
1440 1400
-3200 2200
-320 2440
-2080 280
-320 2600
-480 3240
-960 2600
3200 1000
480 2040
-2160 1720
80 2680
160 2760
-2960 2280
-1760 3080
-2480 2680
-1280 1400
-3200 280
-560 2360
-2160 280
320 200
1120 120
0 2360
