758
-2400 760
1360 2440
2400 440
480 2440
-2400 600
-2240 1320
-240 2440
-2400 1000
-2240 2440
-1360 1560
2400 1320
-2160 1480
480 760
-1840 1160
-800 1240
2400 1160
160 920
-1520 1960
2400 280
2400 1560
-800 2360
160 1080
480 1080
2400 1720
-320 200
-2320 1880
-2400 1240
2400 600
-320 120
2080 2200
-2160 2360
-400 1400
-2320 680
-800 1960
800 1800
-2160 680
-1040 200
0 1080
-1040 1640
720 280
-1040 520
800 1000
240 840
-2320 1000
2160 2360
-1040 40
1120 840
-1440 2280
640 2040
-2080 2200
-1520 2120
2320 2440
-1920 2440
480 2280
560 2360
2000 2280
-880 440
640 680
2400 120
2320 520
2400 2040
1760 1400
-480 2360
-160 2200
2400 760
-1840 2360
320 360
-720 1720
1280 440
1040 1160
1600 2440
-320 840
1440 360
-1120 1960
400 600
-1360 2040
-2000 120
-160 2040
-1440 2440
1200 760
-1200 1800
1200 680
-640 760
-80 680
880 2360
560 2280
1520 1000
-1280 1320
640 840
880 2440
-720 120
800 1480
-1200 520
-1120 1400
2000 2040
1760 2440
-1120 2120
-240 440
-1120 680
-960 2440
-1440 840
-480 840
-960 600
720 2200
-320 2440
240 1480
1840 2280
-880 1160
1520 1240
-560 1480
-2320 2200
800 840
-880 1720
-400 1720
1600 2200
2160 2120
-1680 2040
-1360 1400
240 440
1200 1080
-2400 2200
560 920
-1840 2040
-80 1880
-880 1000
-1200 2440
2320 440
1200 1160
1440 1720
560 120
960 1800
-1680 1320
480 2040
2320 280
-2160 40
720 2440
-1440 360
1760 920
2400 1880
-1680 2440
-240 1400
-1200 1080
2000 2120
1360 1240
-400 1800
1680 1800
1120 1320
2080 1000
-1920 1400
2320 1080
720 1640
-240 1880
-1440 680
720 2280
80 520
-1760 1560
1120 1880
1520 1480
2080 2360
400 840
1840 760
1360 1800
1760 1080
1280 1320
-1200 1960
-1840 1960
320 1240
720 2120
-1520 1080
-720 440
880 120
1200 2440
-2320 200
-2000 1240
-1440 920
-800 760
720 200
-800 2120
2240 40
480 680
2080 840
-2240 360
-2400 360
320 1080
2240 1400
-80 840
240 680
2160 360
-2080 2360
80 1400
-480 1960
-1600 1560
1520 1640
-720 1560
1280 1080
1280 200
1760 40
1840 1800
880 2280
2160 1480
2160 1720
-2240 2120
1280 760
640 1800
-2000 1800
1200 2040
1120 1720
-1600 2360
1600 1080
-1200 1480
480 1880
-720 2440
-560 2280
-560 1400
-160 600
-1360 2200
160 1800
-2240 840
1360 1000
-1360 2440
320 120
1600 920
-960 2120
-880 120
-480 2200
-2400 1320
80 280
-880 1240
2240 1960
-960 1400
1200 40
-800 920
-1200 120
2320 2120
1920 520
800 1720
-1920 840
-2400 40
800 2120
1680 2120
2320 680
480 2200
-320 1960
1440 1080
2400 1800
-1120 920
2080 280
2240 1640
-1120 360
-640 1640
-2400 1480
1680 2360
1920 920
-240 2360
1040 2440
2000 1880
-1840 2440
1600 680
-1040 1000
-160 2280
1840 2040
1600 520
-880 280
-1840 440
-1040 1160
880 520
-1600 120
-1600 1160
-2240 1960
-1840 680
-1440 120
800 280
-400 520
-1360 1160
-2160 1160
-480 1160
-1360 200
480 1400
-880 2440
1760 1640
-560 1720
80 2120
1520 840
1440 680
-240 1560
-1680 1880
-2400 1400
1120 1560
1600 1640
1120 280
2000 1640
-80 1480
-480 1000
-1600 440
1120 1480
-1360 280
-1280 520
80 600
-160 1720
-800 680
1920 360
-160 1240
-2400 200
160 1640
880 1320
560 520
2320 1400
800 600
-2160 2200
2000 840
1040 1080
-2160 440
1360 120
0 680
640 2440
1600 360
-1600 680
1360 840
880 1480
-2000 1080
-2160 200
160 2120
320 2440
400 40
-1760 120
800 1240
-2320 1480
1440 2200
-2320 2360
-2400 2120
400 200
-480 2440
-320 1000
-1760 40
-1760 760
-720 280
1680 1320
2240 920
160 1480
1840 680
-160 1320
1520 600
-240 1720
1840 1720
-800 200
320 2120
880 280
-2000 600
-1920 280
-160 1560
1040 1320
-640 2040
-2080 1560
-720 2280
800 440
-2240 1160
-1760 1240
-560 280
880 1240
1760 360
0 2200
-1600 360
-880 1400
160 1400
-1360 40
2160 440
-1120 2440
-1280 1800
-1520 200
-1040 440
80 2280
-1200 40
2000 760
-2080 1720
2400 840
1440 2440
-1920 520
1200 1800
-1680 840
320 920
-1920 2200
640 1640
-1040 1880
240 1960
320 1640
400 1000
2000 1800
1760 520
320 1800
2320 920
1200 1640
-1440 1720
1360 280
400 1720
1280 2120
960 520
1840 2440
0 1960
1360 1320
-880 1880
-2000 920
880 1080
1920 1080
-2320 520
0 1160
-480 200
-1840 200
800 1960
1040 1400
-2160 1880
2160 200
1440 1960
-720 1480
-2320 920
-1440 1880
2080 680
960 920
-2160 520
1440 1480
1120 2040
-1520 520
-1680 1000
400 1480
-1760 1800
1040 440
-1120 2280
1600 200
-2400 1800
2320 1560
2160 1960
-1520 760
-1680 680
-1040 280
960 1080
1840 200
-1120 1560
1600 1880
-1440 2120
2400 1480
-240 1960
560 200
0 1320
2080 200
2080 1560
560 1960
2400 2200
1760 1240
1360 600
-480 1640
1440 2120
2000 1400
400 1320
-80 2360
-1840 2200
1200 520
-480 440
-640 2200
1200 920
640 1000
1120 440
-640 1320
-1360 1240
1120 1240
240 200
-1360 1640
1680 2200
-2080 1400
800 120
-560 120
2000 360
-2000 1960
240 1320
-240 1080
-2080 2040
-1840 1480
880 2200
-1680 2200
-2160 760
-1680 1160
-2240 1400
1120 2360
-2080 280
-2160 1960
0 840
0 520
1680 760
-1520 1560
-880 840
-800 1080
-320 2280
-640 600
-1600 1400
-400 920
1760 1960
720 760
-320 1160
-480 120
-240 360
-1280 2360
80 760
1280 1960
1920 1880
2000 2440
-560 2040
-1280 2200
-640 1160
-1680 520
1040 1480
-2400 1640
400 440
2320 2280
-960 680
1280 2360
1520 120
1120 120
-400 2040
1280 1480
-1360 1720
2400 2360
1680 840
-960 1560
1920 1640
-160 1000
240 520
80 1560
1840 1480
-1280 360
1840 280
-1680 1720
2160 1160
1280 1720
2240 2200
1520 2360
1920 1560
-1200 2360
1920 1320
1680 1960
-160 1160
-720 1000
-2320 1720
-2000 2040
-1760 2120
0 2440
-720 1400
-560 1880
1440 1240
1520 200
-320 600
1520 440
2320 200
1680 1160
-2400 2360
1920 120
2000 1080
2240 760
400 360
-1280 1000
-2160 1800
-1040 1320
1200 2200
-1360 1960
1920 200
480 1560
480 1000
880 840
1600 1320
-1600 1880
2160 600
-1520 1240
0 1720
-2400 840
160 280
-1200 920
1840 2120
-1280 1080
2240 1160
-1440 600
-1280 2280
-1760 1400
1840 1960
-1200 2040
-1760 1640
640 1480
1280 280
960 440
880 1880
1680 1480
-1440 1400
2000 520
-1680 280
-960 1800
640 1880
-960 840
2160 2440
-1280 840
-2400 1960
-80 440
-1920 40
-880 40
480 1720
1040 1960
160 2040
-2320 1640
-2400 1080
-1920 920
1040 600
-2000 2280
-1280 1240
-1360 600
1440 840
-1360 520
160 1160
1040 2280
880 2040
-2000 360
-2240 40
-2080 1080
2240 1080
1360 1560
-80 2200
1600 1800
880 1640
1040 760
-240 1320
1520 1880
-1440 1560
-1520 2280
1120 920
800 1400
-880 1480
1520 1400
-1760 360
-2400 440
-1680 2360
-400 280
-2080 840
-1760 920
-400 680
-80 1640
1760 600
-2080 1320
2400 40
-960 2280
-960 1960
80 1720
-1600 1720
560 2120
-560 2440
-2160 1000
-80 280
-1280 680
-1040 760
640 1080
1120 200
-1520 920
-1200 280
-160 280
-560 920
720 1160
240 2200
-560 1080
560 1240
560 40
-1040 2200
-2240 280
-560 520
-640 360
1920 2360
-400 1240
-1120 1720
720 600
-720 920
-1840 1800
-1920 1320
-2240 2040
-1280 760
-1760 520
-80 2440
-1920 1640
1040 120
880 680
1920 600
960 1640
1600 2040
-2400 2440
1040 280
320 1960
1600 2280
-320 1560
80 360
-400 1480
1360 2280
-720 520
320 2280
2080 40
2080 1240
-2080 2440
2160 1320
560 1800
-560 1320
-320 2120
640 440
160 2440
-2000 1560
-2000 680
-1200 840
-880 520
-160 840
880 1000
-2000 520
1040 2120
-560 680
-1200 1640
0 2040
-800 1560
-2160 1640
-2160 920
1680 120
2240 1800
1680 600
640 1400
-480 1240
-800 2200
1680 280
400 1640
-1440 1080
640 600
320 600
-1120 1240
560 360
2080 600
400 1240
720 1320
-1920 1080
0 920
240 2360
560 1320
-1200 440
80 1240
-1600 2440
720 40
-1840 1080
2160 1880
-80 2040
-720 1880
2000 1160
320 680
-240 680
-640 2120
1920 1240
2320 1640
-1920 2280
80 1880
2240 1320
-320 440
-560 840
1440 440
2400 1000
