90
160 360
800 600
0 840
320 600
800 200
240 520
800 760
-240 440
-160 840
720 280
-320 360
320 120
480 840
800 40
560 200
-480 280
-720 120
160 840
-480 520
480 120
240 280
-400 200
0 280
320 360
0 440
320 840
-320 840
560 280
-560 840
560 680
-480 440
-800 600
-800 440
-160 760
-400 440
-80 600
-400 760
-800 760
640 760
-80 280
-800 520
160 600
480 520
-800 680
-560 360
640 600
560 440
-560 680
-80 440
80 360
-800 280
-720 440
-240 600
-320 40
0 760
720 520
-640 680
640 120
-400 600
800 440
-640 600
400 200
240 760
-800 120
320 760
640 840
-640 280
80 680
-640 200
400 440
480 760
-480 840
80 520
-320 680
-80 840
-640 520
-240 200
400 40
160 280
-160 280
-720 360
-480 40
800 360
480 280
640 440
-560 120
400 680
-720 840
720 840
-160 680
