2050
-4000 1320
4000 3400
4000 1560
-3520 2200
-1760 2040
-1760 360
-3920 4040
-2880 4040
-960 1320
560 4040
1680 1480
1600 3240
-480 680
-480 1320
-2400 3480
-4000 2360
4000 1880
3680 1320
-3040 4040
-1440 1960
0 4040
-1920 1080
480 200
-320 1880
4000 1000
1440 3640
4000 1240
-2240 2600
-2880 1240
-2160 4040
-2480 2280
2960 2600
4000 40
3600 4040
2480 1000
-2240 3240
-3680 4040
-2560 680
3200 3160
3040 3240
-1280 3480
-640 840
-3600 1240
4000 2120
-4000 3800
1360 1480
-1520 2440
3520 2760
-2880 40
4000 3720
-1840 1480
-4000 2680
-400 4040
-480 920
-4000 1960
1680 600
1680 4040
-2800 2120
3360 1880
-4000 3240
-800 2200
-4000 40
-1440 1320
-2480 2760
3120 1480
-960 1560
400 2760
1200 1080
-4000 360
2560 3080
-640 2680
2960 200
-4000 3400
4000 1080
1360 200
3520 2040
1760 2520
2320 4040
-960 3640
4000 2920
2240 920
2880 2840
-1040 1880
3200 1240
-800 2760
3840 3720
-560 1720
720 3320
-4000 1080
2640 2040
2160 4040
-960 2360
-1840 4040
-800 920
960 600
-3200 1480
400 1320
2880 3640
1840 1720
3280 120
-3840 1800
2640 1800
1440 3000
720 1800
-1840 1880
3280 2440
-1040 3720
3920 440
-4000 920
400 2280
-1600 2200
880 1720
-3840 200
-3520 3160
1680 3480
-1280 4040
1280 3000
1360 1640
960 40
3680 1160
2960 1560
-3600 680
3120 40
4000 520
-800 3160
4000 3000
3920 1640
-2640 2280
-4000 200
320 2920
3520 1240
-2960 3880
1120 120
960 440
-3280 680
1760 1000
-2160 1960
-1360 3640
640 2840
1200 280
2080 3880
3360 3240
-2480 1880
-720 1720
-3360 3240
2560 1240
-1280 120
560 600
-1600 2520
1520 3960
2480 2440
-3920 1640
720 2760
-3840 760
-3920 2280
0 1480
0 3080
3520 1640
-2880 680
-1120 3880
-3200 920
1280 3560
-160 2920
1440 4040
3600 1960
4000 680
-3920 40
3120 1320
960 1960
-2800 1880
-800 1640
-2320 2760
2480 3800
1360 2760
-160 1880
-720 120
-4000 1400
2000 40
-960 4040
2800 2040
-240 4040
1200 2440
3200 1800
320 40
-1440 3720
2640 3080
3760 1640
720 1240
560 440
-3360 2760
-3520 1960
-3360 2600
-3280 440
-720 2440
-2320 1560
4000 3320
2960 1400
720 1640
1360 3400
-1520 3560
2160 3320
3600 440
-1600 200
-2640 120
-1520 3320
-3440 2920
2880 840
3920 120
-3280 4040
880 1320
-960 3880
-1760 3000
2240 2840
3680 1800
3200 1880
320 3720
3520 2200
-1760 920
400 3000
1440 1320
880 2360
2480 3000
-880 2920
-2240 1240
400 40
400 3560
-720 600
480 280
-1520 1640
-2160 2440
560 2200
-3600 1640
3280 2040
3680 2840
-1120 4040
-2640 2760
-2720 2680
2000 3000
-4000 520
-3840 520
3040 2760
2640 3880
1040 1640
1360 3160
-1440 1880
2240 1880
560 120
-800 520
-800 1960
2960 2920
-2000 520
1120 2360
-1680 1640
1360 280
-1680 4040
-2400 2040
-1840 200
-880 1080
-2080 2920
2080 3240
3440 4040
-640 3160
3280 3800
400 1000
1200 1800
-320 2840
-3760 3080
2160 3000
-1520 3480
-560 1560
-3280 2040
-3840 2360
-80 1400
-2640 520
-640 3560
2640 2920
-3360 3560
-1680 2360
560 1080
1680 360
-3280 2120
-1360 760
-2880 1720
-2240 1720
3680 2440
-1040 3960
2400 2920
1280 760
-1040 2280
-160 2360
-2160 3880
-320 3000
-1680 1160
-800 1480
2000 440
-1120 120
1600 1880
3680 1400
-2640 3640
3840 3320
400 3320
-3520 3080
-3120 760
2400 2360
-3840 2600
-3760 3480
-1680 3960
-880 1400
-3040 2600
2800 1080
1520 1560
2240 3960
320 2520
1680 3800
160 920
-2080 40
-1200 3720
-2640 440
-2960 2920
-2400 1800
3680 3000
2720 760
1840 3240
-2080 760
-2240 1080
-720 1640
400 600
-1280 1960
2800 1240
-1760 3160
-3200 3480
80 1320
-3840 1000
-480 840
-1360 2440
160 4040
-3840 2200
-480 3720
-320 2040
3040 1080
640 1000
3200 1080
-1120 1400
-880 680
3920 2200
2240 760
3040 1880
3680 1000
-3040 2040
960 1480
3360 1720
0 1560
2800 1720
3440 3880
-2640 3400
2080 2440
2480 2120
1360 2280
3760 4040
-2880 2040
1280 1720
3120 2840
-400 2760
240 200
720 1400
480 920
4000 1960
1120 2040
3920 2520
-2160 3080
4000 360
2160 120
-1680 120
-3920 3160
3680 760
-880 3080
-1440 1160
-2080 3960
-2080 2120
-3520 1160
2000 3960
560 1720
-3840 2760
3440 2920
240 1880
-1200 2200
-2160 1560
2640 2520
1760 760
3760 360
-2560 120
-3520 4040
-320 2200
1120 2200
-1280 3960
3040 3080
-3680 2760
-2800 2440
-3680 1800
80 1800
160 2600
560 3000
-4000 1800
560 3240
-400 2040
-560 3640
-3280 3960
-2240 840
3360 440
-2800 3720
-1120 3400
2800 3320
1680 200
-2960 2360
-1360 200
3280 680
-3760 3960
-3680 2280
-2720 2200
-640 1400
-560 3480
-800 3640
640 3960
-2240 3480
1120 520
3360 3000
2080 1720
-2640 840
800 3560
-3520 280
3360 3480
-3840 3320
-400 2200
-3520 2760
-3520 2360
3280 440
-1280 3800
1360 3880
-320 2360
-2320 120
1840 1880
1840 3880
0 2760
1280 3800
3120 4040
-2240 3080
4000 2680
640 3400
-1120 1240
-1840 3000
-1040 2120
80 1960
-2080 3400
-3040 1560
400 4040
-2000 3800
-560 3080
-2080 920
-160 3400
1120 440
-2000 1000
-800 3000
-560 2840
-3040 1080
-2560 3160
320 4040
2640 1560
-4000 3640
3840 2600
-320 680
2480 3640
1120 4040
-3760 1240
480 3800
-2160 1400
-800 3960
2800 3080
-4000 1880
-1200 280
-80 3640
-160 280
-1760 2520
-480 360
1280 440
-1600 2920
-2640 2120
1040 680
-4000 1160
-1920 3080
2160 1560
0 2600
2800 520
-2400 200
-4000 2920
-560 1960
-480 1960
3920 360
1040 3480
2400 1800
640 2120
-2720 2360
2560 3240
1440 3240
2960 3720
2480 680
3120 3880
720 2920
-240 200
-2880 2760
1600 3080
-400 1480
-2400 2920
720 120
1920 200
240 440
3200 1640
-3200 40
1680 1880
3600 3400
-3120 520
-1760 3800
-560 2360
240 2840
2480 1640
3520 1800
3600 1720
-720 3880
0 280
-1200 2680
-2880 1640
-1760 1320
160 3560
1520 2680
2720 360
-2960 520
-240 3320
-2880 3000
3920 760
-80 1240
2960 520
2720 4040
0 2120
2960 3320
-2240 3320
-320 40
1280 2920
2400 360
720 1960
-640 2920
2400 3560
0 1960
240 1400
1200 440
3840 1400
320 2200
-2480 1480
1360 2440
-1360 2840
-400 200
-2000 2920
1920 2840
3680 3400
-1520 3800
-4000 3080
3440 920
3920 2280
3360 1320
-2000 2440
-3040 2120
1040 1800
1520 920
-2480 520
-1920 2760
-240 1480
480 1160
1440 680
800 3000
3200 3720
-3200 3960
1520 2200
2400 40
3760 1160
-2240 280
-1600 1000
3040 280
320 3880
-1840 3640
2240 1240
2320 280
-3120 2280
-3840 360
-400 3400
-320 3720
-4000 600
-2960 1720
-1440 3240
3200 2840
-400 2360
-2480 600
3280 1400
1440 840
-720 2200
-1920 2360
720 3880
3360 760
3520 840
3840 200
3360 3720
-240 520
1360 2600
-1920 2200
-800 840
-3360 360
-3760 1640
4000 1480
3760 520
-3760 3000
3120 1400
2320 680
3680 1480
2480 2360
2000 1160
2400 2760
-2880 2600
880 4040
480 2120
3120 360
-3920 1560
-2080 1320
-2160 1800
-3680 1080
-400 3800
-3600 3400
3120 2120
3040 2200
-1280 840
-3840 3080
-1520 2680
-2640 4040
-1360 3880
3760 1560
-640 1240
-1680 1480
-3760 440
1680 2600
2080 2120
-1680 1240
-3040 40
3040 120
960 1320
-80 3320
-2080 2600
1520 760
-3360 600
2640 2360
-3440 1640
2800 280
-1200 3560
1440 2840
2560 2840
-1840 520
-3920 680
-1280 1560
-2480 1160
2800 360
-560 600
0 680
-1600 1800
-3280 1240
-2640 3080
1520 1960
160 360
-2800 1160
-1360 2360
-3360 3720
3200 3960
1680 1160
2560 440
1520 3560
2880 1400
-4000 3560
2880 2680
480 760
3120 1240
400 440
3840 2040
3680 3880
-400 3240
1200 120
3760 40
-1520 40
-560 40
2560 680
160 2200
480 1240
1440 440
-480 1240
4000 2280
3600 2360
-3760 40
3920 3480
-3360 1640
3680 200
-1120 840
2720 2360
-4000 2840
-3760 1400
640 360
3360 2040
2560 1960
-3120 3160
-2560 1080
1920 40
-3520 3480
2320 2520
1440 1560
2640 1400
-400 1640
-2000 4040
-2000 1800
-480 3000
320 2680
-2240 4040
-3760 920
-3520 600
-1840 2840
1920 2200
-3600 2520
-1520 1160
480 1960
3840 1080
-3520 2600
-2480 2120
-2320 520
3600 3800
-80 1160
-2480 760
-3920 920
1120 1480
-2640 1800
320 3640
2800 680
-3520 3720
-2880 840
-1040 360
880 120
1600 1720
-2320 3400
320 200
-3120 1240
-2560 2600
-1760 1720
2880 4040
2320 2040
1840 2040
-3680 2120
-3680 3240
2720 2200
-720 360
-1600 2280
-2640 1960
3680 3480
3200 2200
-3200 520
80 3160
1200 3400
1680 2360
2560 1080
1280 120
-3680 2600
-1520 3960
-2960 2200
800 2600
2800 1640
-3120 1960
3440 1240
3440 3560
0 360
3840 2440
320 2040
1440 3800
2720 1000
2320 3400
160 1080
2240 2520
720 2440
400 3960
-1120 680
1520 1400
3760 440
-3280 1880
3200 3640
-3360 200
1840 1480
1360 1720
3680 280
-1280 440
1200 600
2080 440
-3840 3240
-2800 3880
-3200 360
-560 2120
2160 1080
-4000 1640
-80 4040
-3760 600
-2080 440
-2080 1720
-480 2200
-960 760
-240 680
160 3240
-1600 2040
3600 3640
-2560 1720
-3680 3560
2880 2360
3840 3000
3760 1880
-3920 3880
2720 2680
-3760 1960
880 1160
-3200 1080
-2240 2680
-3120 4040
-1840 2280
-560 2520
3120 920
-3200 2120
-560 1000
1840 2440
3840 3160
-1680 3640
2960 3000
-640 1880
-1360 280
1280 2200
-4000 3960
-960 2760
-640 680
3040 1720
2800 120
-880 280
560 3480
3280 520
1280 920
-320 1160
-3440 1400
3840 1240
-1760 2680
-320 1800
-2480 2680
3280 280
320 600
-3120 3560
-2000 1320
3440 2360
-1360 1080
1280 3240
2720 1400
2400 3880
-960 440
-2000 3160
2160 680
3280 3400
-2800 2040
-1280 3080
-1760 600
1680 1400
-2160 1000
-2400 360
-160 2600
-1040 200
-800 440
1120 840
1120 3320
2960 1720
320 920
3440 120
-240 3400
960 2040
-3920 200
320 1240
2960 2280
880 920
800 1160
800 3720
3760 2280
-1680 3240
3200 2920
-3360 1800
-1120 200
320 3480
-3040 1320
3920 3960
800 1880
1040 3960
-2960 200
-3360 1960
-480 1880
-2800 2840
-3440 440
2000 600
2160 1960
3680 2280
1840 3000
-3200 1640
480 2440
-160 2040
1360 920
240 760
1200 2760
-3600 2040
800 200
560 3640
2240 2680
3040 2440
1200 1560
-2960 3560
3920 520
-800 2520
1920 1320
640 40
-2080 1400
960 3480
1120 1240
1600 3320
-2000 3320
3520 3160
1680 2040
-3840 1480
1920 1720
-2160 680
2160 2600
2000 2360
-1920 3800
-2880 1880
1440 1800
-560 1160
0 3560
4000 3560
3840 3480
3680 2680
-720 1400
-3200 3800
960 1000
1760 3160
1440 1160
2160 3640
-80 2200
2720 200
1760 3000
2000 1400
3360 1480
640 920
2480 1400
-160 840
1120 3000
3760 1320
-1520 3160
-480 1080
800 3400
-2400 1080
-1200 3240
80 3880
960 3640
-2320 2360
-160 1080
1440 1080
2320 1320
1280 1880
-2400 1560
4000 2760
-3440 760
2240 2920
480 1880
-1600 1960
1840 440
-2800 760
480 1640
-2480 3880
4000 280
-1440 2120
-4000 1480
-2400 840
3760 3960
-2400 3800
480 2920
-640 2040
2480 1800
3600 2920
-2960 2520
-480 1800
-3840 2040
-800 200
3280 3240
3440 280
3920 1560
2000 1800
-3840 1160
-480 3240
-1200 360
640 1320
80 520
1040 2280
0 840
-560 2600
-560 1320
-3920 1080
-1040 520
-1920 680
2720 3720
-3280 200
-160 680
-3360 2440
-3680 1000
-880 200
-1840 3400
2560 280
-1600 1400
-3680 680
2160 280
3280 2600
4000 920
3520 1400
1200 1400
-1440 3480
-880 3720
-1600 3800
1680 2520
-3280 1480
2240 2280
-1840 1640
-3600 1880
-3040 3640
-3120 2920
880 1800
-2800 920
3040 3400
2000 3160
960 1560
-1280 1240
-1040 2520
1920 840
320 1640
-1600 1240
-2000 200
-1120 440
960 2200
-2880 3320
3200 600
2560 4040
-2080 2680
2640 2840
-3200 2680
1760 120
-1840 3560
-720 1240
-1200 2040
-3840 2440
2960 2440
560 3960
80 1640
-1040 2920
2000 2760
2400 1160
-880 2040
560 1800
-1360 2600
160 2360
2000 280
-3600 3080
2720 3640
240 2920
3600 3240
-640 920
2000 1960
-320 2440
-400 3160
-2000 2840
-2080 280
3040 3560
-800 3320
2240 440
-2160 200
-3120 3720
-880 920
3600 1880
2240 3720
1760 280
1600 1080
3360 1160
2800 3000
-2240 440
3440 2520
-3760 4040
480 3720
3920 3720
-560 3320
2240 3560
-2320 1400
2480 280
-1680 840
3520 680
-3760 1560
-2320 1320
2640 1160
-3600 200
-3920 3480
3920 1960
-3200 3240
1040 3240
-80 1800
1280 1320
2480 1320
-2080 3560
-1200 1320
800 1640
1600 440
800 2360
-2240 2280
640 280
-2800 1560
3600 2520
-1040 3320
-2720 3160
320 1080
160 3800
800 1560
-3680 440
-800 40
1120 3080
400 1560
720 3560
240 3240
3520 2280
-3440 1080
-320 1560
3920 3560
1040 2360
-640 3080
720 4040
1280 1080
1120 2600
4000 200
-800 4040
3440 1560
320 2360
-1040 3400
-80 680
240 1160
1040 2680
2800 2440
-3200 2600
3920 1320
240 1560
3760 680
2960 1320
-3520 3800
1840 280
-1040 1480
-1200 3160
2000 200
2560 2760
-2160 2760
-1440 120
3680 600
-560 4040
3600 1560
-1920 920
-1520 2040
-80 3160
1520 1720
-2720 680
560 1560
1840 2680
-3040 1880
-1520 2280
3040 3000
-1600 360
-80 2840
3680 2040
-1600 2760
2480 3400
-3920 1960
-800 760
2080 1000
-2080 2280
-2240 3800
-2320 280
2320 520
560 760
-1920 360
-2960 1400
-2000 3480
800 2120
1120 3800
1040 1560
-2240 2920
2160 600
2000 1240
1600 40
2080 2680
640 3560
1200 2040
3600 40
2800 2760
-1680 2200
1200 2840
880 360
80 3400
-1840 2040
-1360 1640
2080 2360
3520 3000
-3600 2920
3520 3800
-880 1880
3840 3240
-2080 3240
1600 1240
-720 3480
-320 3080
-2960 1000
160 3640
1760 3320
1280 3880
0 3320
2480 840
-3200 1160
-2960 3400
-2880 1080
2080 3480
3200 840
-320 3480
880 200
-2480 3960
80 280
-240 1240
-2240 2200
3600 2680
-400 600
-2480 4040
-3440 920
80 2840
2400 3080
-480 3960
-3680 280
-2560 3320
-3760 2120
3360 2360
-3120 3400
1360 1960
-720 2600
1600 3640
240 3880
-2480 360
2080 1560
80 3000
-3600 3960
-4000 440
640 2600
-1840 760
1520 3080
880 3800
1280 2280
2240 40
3840 680
-240 1080
1360 600
3040 760
800 1480
-1200 1480
-3600 120
-3440 2040
2240 3480
-3840 2840
-2640 3800
-3520 2120
1760 3560
-3280 1000
1840 3560
-1760 520
-3920 2600
-3040 440
-1120 1560
-1920 3560
1840 1560
-2240 2440
-2080 3080
160 1480
1040 1080
2640 4040
-3440 2520
1920 3560
-1440 600
3600 1000
-480 200
720 760
2720 1320
880 2200
-2160 1160
1760 520
1120 1320
2640 3720
1280 3720
3040 3800
3040 520
-1360 1880
-880 3480
2960 1240
2880 3160
880 3080
-1920 1800
-1760 1080
-800 3480
2400 3960
-3360 1080
-160 3880
1040 200
2640 1000
-3360 40
-3200 1800
-1760 1880
2880 3960
2480 2600
-1680 3560
-3600 1400
240 3080
-1600 3720
3200 3240
-3600 840
1040 1000
2240 3800
-2480 40
-1440 2920
-240 2200
160 2440
-1840 2200
-80 2920
800 360
3200 4040
-800 2680
-1280 2680
-80 3960
1680 920
-2080 3720
-2800 1400
1520 2360
960 1240
-2400 2680
-560 3880
1520 4040
3920 2040
-1040 840
-1200 3000
-3520 360
1120 3640
1520 360
480 1800
-1440 200
-160 1000
-3520 3320
2000 3400
1600 3880
2480 120
-960 3000
-3600 3000
-3200 3080
-3280 1400
80 3720
-640 3720
3520 1080
-2160 2200
0 1160
-2560 2920
2080 3560
-320 1320
2960 1880
3840 1880
-480 2760
400 3160
-2240 760
-1680 280
320 1880
0 3480
2480 3240
-3520 1480
-2640 3960
-1440 4040
1200 1880
-960 1080
-880 3400
-1920 2520
3520 1480
-1920 1560
2560 2200
-1120 2360
880 680
-320 920
320 840
560 2360
1040 840
-880 1720
1920 600
-800 1800
-3360 2280
-2880 1000
1920 1000
640 2280
-1840 1320
-240 3800
-480 2600
-1600 680
-4000 2200
2080 2200
-80 2040
2000 1480
-3520 1320
3280 3560
-1200 2360
-3520 440
2240 1400
3360 3960
-3600 2360
1920 3800
-1280 2920
1040 1880
-960 600
-960 2120
2640 3560
-2720 1400
2960 1160
-960 3240
960 4040
-2320 3880
320 1800
-2400 4040
3840 1000
2720 1720
2480 4040
2560 1560
-4000 760
-1680 2840
720 3160
3920 3160
-1600 3160
-3200 3640
1120 760
1600 2120
3120 680
1360 2120
-3040 1800
2800 3480
2960 3160
-1040 920
2720 1880
-3040 3240
-2080 1640
-880 3320
2400 1880
880 3880
-400 440
1920 1080
-1360 3960
1520 600
-2560 3720
-320 3880
2480 1960
-1680 3400
2720 3160
-1920 2120
4000 3880
3440 1160
3360 2200
-80 1720
-880 2360
640 3160
-3040 760
4000 3160
-160 1560
3360 2600
-880 1240
3840 840
2960 360
4000 1320
320 3400
3200 3000
3440 600
1200 1640
-3360 3480
3840 2760
-2560 3640
2240 1000
-3520 1800
-1440 440
-2320 3640
-4000 2120
800 2040
-1440 1400
1680 1320
80 2200
-1040 3560
160 2120
3680 2120
1600 760
3200 520
3520 920
1600 1000
-2800 40
-3520 3640
-2720 440
-2400 1240
1200 2680
2240 3320
-2400 760
2800 2600
1760 440
-480 120
-3440 2200
2880 1960
-1600 520
400 680
640 1400
-2480 1640
2720 2920
3520 520
-1280 1400
2320 1480
-320 280
-1040 2680
-3280 3000
2560 3400
2240 360
3360 2120
2800 2200
2400 1560
-3520 840
-3760 2920
2720 440
480 2840
-3920 2920
2880 920
-3840 3560
-1360 2120
2240 3160
-1920 3640
-240 1640
3600 200
1120 2840
3840 1720
-1200 3480
-3280 2920
3120 2040
-2960 2840
2080 1880
160 2680
1520 3400
960 1160
-3120 680
-2000 2680
-720 1480
-720 2360
-1120 2840
-3280 2840
2960 1000
3520 3400
-800 3800
-1520 760
4000 4040
-160 2760
640 520
-1200 2120
800 3960
960 3400
480 3400
-2960 440
-1520 1480
-1520 1720
3920 2840
1680 2920
-2880 3960
-2160 3720
3280 1000
-560 2280
1840 3800
2640 3400
-1040 1160
2400 2200
-2480 1400
-960 1720
3200 1560
-2320 2440
3360 4040
-240 920
2800 3800
1680 680
640 1560
-1760 680
2000 4040
-2560 200
-2480 2440
1920 3080
1200 1000
-2720 3880
-3680 1560
1600 2920
2400 520
2320 1640
1600 2680
3520 360
-2880 520
2560 120
-3600 520
-2480 3480
-1360 600
2720 3320
560 2520
-1680 760
-320 840
2720 920
1680 1640
800 680
800 520
1920 2600
2560 3880
-2400 2200
-3440 3320
-1120 2520
1280 1240
-1120 1000
-3040 2760
2000 3720
-960 2280
-400 2920
-2240 1880
560 2760
-1760 2440
1040 2520
-2400 3640
80 3960
-1360 1720
2080 360
720 600
240 2120
-880 3800
3120 3400
2160 3160
-3120 2680
-1120 1080
-1120 1720
1760 1800
480 2600
-1600 3560
1600 2280
-1520 360
80 1560
3760 3320
960 3080
1120 2520
2640 2600
3600 3960
3440 1880
2320 3000
-2320 600
2320 200
1040 3720
3520 2600
-2960 1480
-2880 360
-2400 3160
160 3400
-720 1080
-3120 3880
-2000 760
2880 40
3760 2200
-3520 40
-2160 520
3360 1080
-640 440
-1120 3640
-2720 3320
-1600 600
-240 2520
1040 1960
3440 3320
-2160 3560
-240 3160
-3920 3400
-2320 3240
-2880 3160
-2800 1800
-2320 920
720 2200
-1600 920
-3040 920
-880 2440
-1840 2680
-2720 1480
2880 1640
1520 280
1200 3240
2960 2120
-1040 3080
-1200 1880
-3520 1000
-320 2600
2320 2440
880 3240
-3200 2520
2160 1400
-3360 1240
-960 2600
2160 1240
-2960 2280
-1440 2520
2240 1720
-1920 120
-3680 2440
3920 4040
3040 840
3760 2600
880 2680
2160 2200
-2560 920
1920 1640
-2320 3000
-2560 1320
320 360
80 840
-1040 3160
-400 1080
-3440 3880
-3440 2840
1760 1320
-3040 3080
2800 3880
-2560 1400
-1200 2840
-3600 3560
3760 3480
-160 3560
-1360 3080
-3760 840
3760 2920
2320 2200
-4000 2520
-1200 2440
-2800 280
3760 840
-2640 1160
80 2520
-80 1000
3680 520
-2720 2520
1840 2280
160 1240
-160 1800
3280 920
2000 2520
-3760 200
1040 3880
-2000 2040
3120 2520
0 1000
3120 3720
-4000 2440
-400 2520
-2320 1720
1280 3480
-1200 1720
1760 3640
-2960 3720
-2000 1480
-2800 4040
2320 3640
1680 1720
1920 3320
-80 3800
2320 600
2160 2280
160 600
-3040 280
1040 520
-1440 1560
1520 120
3040 2280
880 2520
-640 280
2960 760
3280 2680
2880 1880
-2160 120
2960 600
2320 3240
-80 520
880 840
3360 3080
-1520 3080
-3680 3320
3680 3720
2720 3560
-3680 3720
-2400 1880
80 1000
-720 3160
960 2120
-160 3000
640 1160
2400 920
1920 3960
0 2680
-1680 3720
-2000 1960
-1760 120
-1120 2600
3360 2760
-80 1960
-3120 120
1360 680
1760 3960
3680 920
1360 40
1680 3880
3840 3880
2080 840
1440 2440
2640 3320
960 2840
-2080 600
1760 2360
-2000 1240
-240 360
-1920 3960
960 3320
3280 2280
2800 1480
1200 920
-1840 3880
3200 2360
560 3320
960 2920
-3120 1720
1760 2840
320 280
-2800 200
3040 1960
4000 2600
-1280 680
-80 2440
-400 1800
1840 920
-960 1960
-2880 3720
2320 1080
-3360 3080
640 3720
2480 3480
-3120 2840
3360 2840
-2480 3000
880 2760
4000 840
-2800 3240
640 1960
-2960 3080
4000 1720
-1440 2760
3120 1640
1840 680
1520 2920
-1360 2280
2880 3240
-2800 3400
2640 2120
2960 680
-3760 2760
-160 440
2640 520
-2640 280
-2560 2440
1200 3960
2000 760
-2800 2280
2720 1240
3120 2680
-3120 1400
1600 2760
480 1400
-1600 3080
1520 2520
1920 3640
-1600 4040
-2720 1240
-2800 3560
-3760 1880
1840 3400
-2560 3400
2560 3560
3440 3720
-2000 360
-2880 3480
3520 3480
-3360 3800
-3600 920
2400 1000
-3040 1160
480 3160
1840 1160
3680 3160
3200 2680
-1200 1000
320 1480
160 440
3520 3080
-3360 4040
-2800 520
-1280 1000
1040 3000
-1440 3400
3200 280
1440 3480
-640 1000
3360 200
800 840
-240 2760
-3680 1400
-720 2040
-2640 2600
2000 1000
-2720 2920
-1120 1960
-1280 2600
-3440 680
-960 360
1280 200
1280 2600
3200 200
1680 2760
-2640 3560
-3120 280
880 2840
2560 2520
-2480 3320
2880 3480
160 1720
2640 1640
2400 1480
-240 1720
-2640 1240
-3280 3240
1760 2200
1440 2360
-1920 3240
-640 4040
-400 3560
-640 2280
-2720 3080
-1280 1080
-2960 680
0 2360
2240 2040
-2480 3720
2640 40
3360 1560
-160 2520
-2640 1720
-2400 2520
4000 2440
-640 3320
-3680 3880
-320 3960
-3840 3800
-3760 3640
-3920 3720
3760 3640
-3280 2360
-240 1320
-1440 680
3040 4040
-1360 3240
640 3080
-3520 3880
160 1960
2640 840
560 3800
3280 1800
2960 3880
-3120 2440
-2480 920
2640 600
-3360 1560
1520 3800
640 2520
1920 2120
-1680 1960
-560 440
1040 280
320 760
2560 600
2320 2680
-1040 1720
-3200 2280
-2720 1000
320 2440
-240 3640
-2560 2040
2240 2360
2400 840
2080 2840
-2640 1560
-1440 920
160 680
2320 3800
3120 3480
-640 200
-720 2840
800 1000
1200 3480
1520 2040
-1520 1000
-3280 3400
1520 1240
-3920 1320
560 2680
-960 40
-2240 2040
-3440 120
-1840 2360
-2080 1160
-2720 1640
-1280 3320
-3520 2840
-480 1480
-3280 840
-1920 1720
2080 1640
-1680 2680
160 3000
1280 4040
2080 3720
-1200 600
-1840 1240
1200 3160
1840 4040
-1760 3320
-2720 3800
