100
-72 472
506 98
728 45
-577 294
593 651
435 548
-715 288
267 619
189 456
215 343
-497 583
-553 483
-27 296
-161 567
-205 232
-6 703
61 649
-349 467
297 237
581 379
-7 592
-247 414
-657 681
723 420
-106 320
457 740
-249 507
185 688
441 244
-326 599
415 149
110 305
-718 445
568 571
103 504
561 490
-420 322
-729 62
-449 686
-472 432
-439 524
287 452
337 697
-441 70
435 413
-246 709
-89 676
-565 626
652 164
720 728
258 531
524 232
-346 381
615 734
7 456
-319 137
-735 724
297 110
703 604
-360 749
339 344
-159 470
744 278
497 630
-349 250
-575 130
642 247
736 157
-618 224
-644 553
-693 165
673 329
395 51
-36 378
667 502
-634 44
-740 536
-553 379
-495 293
185 244
169 606
356 616
566 162
-533 48
-436 195
116 414
-651 399
-519 730
421 322
-237 158
-244 319
-166 714
614 69
100 720
-352 63
-524 213
-238 622
746 525
-737 634
349 506
