500
-1327 1908
372 1117
-1013 1232
-1270 439
-114 1661
-1684 1802
-1818 845
-457 1265
-1459 506
-1969 1899
888 181
1232 1022
601 1745
1039 1247
-1968 1460
-1192 844
-256 188
-546 150
1143 1659
283 1900
1324 1479
-615 1391
7 326
1586 798
1438 1990
-1339 1041
-825 1663
63 1920
1925 290
-1432 1350
-1007 932
-132 1431
-374 1333
1644 1875
-848 705
6 431
841 1819
938 1389
-1319 517
845 1553
819 539
-1992 346
-315 537
-864 548
1860 1540
-1186 698
202 1302
-670 1681
-1571 1111
130 562
-1555 1848
1733 1108
891 362
746 694
585 1891
1959 1164
22 974
-1644 1022
665 895
-1749 1145
1905 1407
-439 956
-1534 203
1173 842
1671 467
413 376
1014 1362
1102 1013
1405 71
1881 375
53 1625
-1045 1952
-492 1429
477 1818
-1366 1751
-762 1157
1479 1251
1973 1008
1571 1186
-1899 795
506 824
141 1053
908 846
1100 519
14 1191
-765 1573
1357 574
-561 984
-717 1820
707 1383
-1974 1626
1484 1441
810 788
1473 604
-1201 1993
1079 1529
454 727
-540 493
-521 314
-1013 342
-1974 1344
506 72
1532 431
255 760
1812 1314
-1589 1405
-381 1847
-1655 1468
75 1536
-196 1302
419 1631
-958 771
922 1637
1400 1116
584 1526
-1738 1325
44 1093
-1216 1684
-901 1779
344 308
-350 1572
-1968 752
-1852 928
558 303
1585 577
-968 1423
-1051 690
-1251 218
-1477 912
1373 471
39 653
1810 183
1438 935
-1600 897
1780 1610
1968 1493
-53 930
-297 1259
-667 42
524 663
1259 621
369 90
1988 746
921 995
1621 1036
-701 1971
1020 66
977 248
1026 1964
-203 1025
-444 514
-1642 1678
296 1623
-1085 1763
430 1428
-1783 1782
1370 1725
-1179 593
172 1622
889 273
-79 1306
1065 181
-1093 827
-384 1181
1051 334
-1911 648
579 197
-599 1948
-234 388
-390 250
813 1090
1709 1341
1262 1537
-1837 1100
339 1523
832 1466
1149 1200
-785 609
-1603 1759
750 1507
-926 893
-1437 1442
676 1285
197 655
1013 1448
-1394 1137
-466 1557
-396 580
-381 1709
-1114 1476
-463 392
-1374 44
966 1752
965 786
-978 233
-1267 712
-976 68
-659 1177
-1364 1299
-185 776
-1742 1054
669 554
-1645 1950
218 1741
1331 893
-310 1023
-1536 1335
-1948 573
-1086 237
1365 1220
-1165 1785
-247 1735
-1882 321
1914 133
1216 159
-1898 65
-404 1473
-154 432
-1533 317
-660 955
1678 630
1064 440
-293 1495
-1278 849
-1185 102
1079 1738
687 1063
-1028 1542
1984 477
-1456 1543
583 878
-1383 901
1984 359
-665 240
594 1398
-579 1720
-503 1778
1478 1699
499 1284
-355 86
-367 475
-1759 1527
878 477
-712 736
561 739
1761 1948
-282 1619
1269 761
-1978 1036
1268 1352
211 965
-1253 1314
614 622
1993 1939
1648 80
-1113 1197
-1918 222
12 1804
95 1185
-918 359
-290 799
-981 1758
1332 1618
-1532 1003
136 721
-1122 1354
-1697 440
1690 862
-1130 467
721 91
1533 96
-1440 231
-1302 345
-1879 1953
405 1246
607 1977
1694 176
-672 385
670 280
-933 993
1564 1885
-1927 1141
-520 1201
-1408 1898
-384 660
969 545
1404 1465
1269 1999
-1397 381
290 207
5 1986
1881 991
-216 1429
-1554 463
803 1707
1641 1277
-1082 572
-946 1308
55 885
1279 1704
1273 422
63 518
-846 1893
-586 1631
-155 1821
-1230 1554
1775 486
-257 723
-1710 642
832 708
-748 1055
-1606 1532
1834 1163
-1356 283
766 1020
-1894 1405
374 1907
889 1945
-813 1338
-792 197
955 631
134 1403
-1020 492
-768 1435
-1340 1995
1517 1326
-80 1742
1456 1776
1671 762
1919 679
-1547 670
741 928
271 536
408 657
1506 1616
1179 1435
338 1193
-607 700
995 1106
1590 1692
1181 752
1308 1073
500 364
-588 1541
-1834 478
1459 295
-229 888
672 1824
-1794 298
1840 789
-1844 1511
297 1331
-1726 903
1052 888
-1376 1494
-176 277
175 1815
1374 1867
-1117 1040
1020 980
862 1186
1408 1026
-93 1046
228 1085
-17 809
-976 1908
-1013 1147
-1162 1283
175 1932
-564 236
566 1012
-1886 1759
-22 568
1066 684
-652 1266
-970 639
-1200 1473
1565 1775
-853 1074
790 1292
-79 1892
279 1812
709 2000
862 1329
347 1441
-475 1871
274 373
684 1703
1832 1905
-1917 472
-1498 1946
-874 1231
1508 733
1649 1469
-1055 412
358 952
1377 304
-867 151
-766 922
1735 1735
124 958
-821 1514
1869 551
574 1133
-460 198
-1011 1661
525 1695
1018 1581
-76 1156
591 1311
-1459 1210
966 1201
-1802 1905
163 845
-1884 1593
-311 335
1154 1912
122 1725
1145 75
-1842 570
-1192 359
1923 857
-469 871
1756 1187
1852 254
-39 1558
-640 874
1405 672
476 1542
-1106 1612
251 1467
667 1457
196 462
-650 1773
203 1167
-893 1993
350 818
-1265 1104
-1727 740
-1647 208
-197 1954
-1333 113
88 317
-1648 44
1987 1783
1962 1682
-407 1038
-1152 1923
-785 2000
1232 517
363 1808
-265 101
-216 599
-375 743
-333 1984
1675 972
1278 1846
-339 896
-780 497
986 154
1184 1993
1042 1832
-1452 1775
-503 601
1544 308
713 1189
1455 213
1800 866
-451 1644
-1084 1855
948 1521
1768 289
1763 1854
-751 323
1519 1034
-669 603
-1894 1244
-1794 124
-1666 809
1799 995
1813 709
1517 921
1159 462
486 504
400 534
472 1020
385 236
-885 230
-1638 698
-1450 818
1227 73
-1730 1705
711 470
826 1998
1927 1086
1990 1273
1133 1334
644 1616
-661 483
471 246
