5000
-4712 2982
-2171 2421
-5411 715
-925 7750
-1673 4763
-3772 3228
7798 5842
7173 4324
-4970 3766
-2501 7778
-714 4935
3337 2295
6375 4576
4367 5837
-1681 2694
782 2601
-5965 5524
-141 562
-2968 1293
7078 4261
5282 2474
-6340 6158
239 5766
-751 1068
-2949 2402
-3172 6342
6351 3728
-7160 5923
-7611 2905
-2724 6622
4858 3941
7645 3943
3738 5759
2035 3291
-878 5658
2282 5611
6798 1953
4658 1193
-5420 5485
3749 5915
-1857 7840
5542 6386
2237 7792
3262 3120
-3452 2371
-3777 2131
1371 1134
4989 127
-4258 5351
-7215 6523
4432 481
-1922 5024
4232 450
-7341 6159
651 2456
-2848 1640
7247 7463
4293 4566
177 4766
-4983 6538
-2713 3214
-1982 6284
3984 6584
-3674 370
-7773 74
-333 532
-3130 3332
6463 6106
-7670 5096
-699 2542
6577 6392
4625 5135
2646 4439
5154 5943
878 5191
6676 1223
2601 1236
1793 6389
-249 1278
1437 3631
-7106 6140
-4220 606
5507 6761
-4227 2614
6746 3234
-1264 7858
-255 1727
-4916 4698
6988 3257
-6593 5361
7145 121
144 2336
1350 5643
2393 7127
-3322 338
2122 614
-7720 4502
-1941 3454
7871 2106
2913 5943
-5668 3020
-3118 4387
-349 4872
-3126 1703
-1474 4656
-7774 4087
-2411 2328
-5982 2133
-2876 2300
7507 7265
5854 1441
-1990 776
7638 2735
4579 5831
7956 6827
-4653 2686
3354 1707
-2972 6415
-4506 4766
-5241 4747
-552 2704
-1107 3157
-6286 5438
6705 4665
-3105 6152
33 7164
6694 7134
-3546 7679
3368 3047
4930 6332
6569 7502
-3660 1163
3407 5510
-6769 1266
50 517
-938 4292
-1329 2118
3451 1352
-3170 5765
-7606 4926
-3973 6591
3877 4381
5203 2886
-6971 3709
-1348 6345
-1367 1195
6690 482
-5893 7680
1542 3916
-6067 6074
6209 3168
-4040 1182
3858 7953
-4105 6979
-2871 2460
1383 4783
-7889 3975
977 2282
2958 2423
2878 518
6346 7723
332 197
5065 2792
-6256 5657
-3629 7347
1955 5136
-66 3333
2132 7568
5810 7816
4534 4283
7097 1217
-1049 4469
-1223 5356
5089 1639
-1115 5762
-2899 1078
-3475 5674
-1906 7746
4451 7953
1888 4922
-5927 2287
1453 6895
1075 727
-2801 2127
1006 1493
36 6592
1459 2628
5614 4215
7191 6943
-6955 137
765 1302
-3970 3748
-4875 582
6379 1085
-6054 6943
-7139 4007
6417 4001
3216 1229
5964 1165
-29 3741
-7092 5550
1835 947
-5101 4976
-2287 7881
-3074 4670
-6540 6791
1075 5309
920 2965
-6187 4322
4049 6408
-2196 115
3946 2263
-1660 957
5822 728
704 3388
7958 1308
109 4338
1480 7321
-2742 5761
1297 2961
-6695 6524
6118 5969
5261 1800
1289 2114
-6450 7800
-4703 6867
-5132 256
3600 928
-5636 7330
5227 6067
3267 2011
-7234 3640
2611 3724
5330 6170
-831 7116
-5196 1960
-6386 3686
-464 1225
7361 7787
3425 4624
-1629 7843
-3835 1043
-3127 2297
3379 193
5726 4686
-7016 5041
507 1512
-5556 2638
-533 7238
-267 4631
6736 45
3662 7307
843 7194
-5328 1557
-4174 1142
-3797 4586
-2967 5383
-4174 5044
-4883 5391
-1548 6437
-2838 1432
-1560 4976
809 6212
-4534 2955
6460 3112
3507 7556
-5140 3080
4795 7230
-7683 5304
574 1666
4218 1754
-1824 2219
7634 7421
-1491 6060
-7928 5168
-4786 3672
-3083 4181
-1668 2977
-7394 5886
6449 5892
-790 5990
-5193 3270
1483 3214
7742 5747
-2484 6056
6856 4448
6594 791
5882 1532
2187 155
-6 7375
7579 1628
-1034 1969
1293 137
-2643 7422
3633 3176
3667 1017
-5993 3947
7047 563
4241 4430
-6150 1155
3649 2527
5973 6622
1486 1582
2008 7217
-3364 2047
5173 7591
-564 2491
5071 2002
7168 2505
780 4968
115 6553
2444 4809
-6848 326
2003 1192
6208 6596
-4332 7153
3503 3248
5384 1466
-2894 7051
338 2521
2178 4993
470 6565
-1760 49
-225 5259
-5246 7755
-6660 1963
-5024 2079
-1927 4479
-6256 502
3845 1327
-7226 2225
5612 2315
6251 1594
1151 2705
-5484 2463
-900 7299
-3237 3096
-7310 6712
5135 4000
-7893 549
-6810 2541
6240 1012
5727 1483
5930 1720
4954 5140
-6885 7684
4525 7229
7884 7910
5757 6582
3164 5434
1234 4199
1754 4290
-3206 5932
-7435 189
4243 918
4017 7434
5373 1300
-4197 6808
-4647 6424
-1507 1845
-493 7919
-7263 6047
548 3771
-7070 2607
-2392 2464
-3228 3775
5039 7944
6812 2286
-4655 2446
2710 4101
4709 4640
-7695 4038
2304 4784
5798 5660
4262 1140
-923 3714
-7985 967
6458 596
4526 283
-3641 1643
-6169 2818
-4310 4681
6838 5253
578 1123
3876 3423
6340 2464
6403 2959
6754 7465
3062 4943
2607 4692
114 6376
-3457 3049
3445 6077
1846 3716
3346 5035
-7600 1490
2919 2621
6050 2125
57 1173
7798 1793
-3268 4288
-1873 6560
-43 2922
7084 5578
-2671 555
-7449 2673
5228 1702
5897 5559
-4752 4695
46 7028
1930 5380
-1554 1046
-7577 1921
-248 496
269 106
-5905 7980
-4259 6115
-5125 6632
6272 563
7206 1582
-1091 6400
2263 2630
-6820 4382
7242 2555
-5266 1699
-4669 7035
-7397 2769
-3642 845
2483 3092
-5539 2385
-2068 5738
-7855 228
3438 4797
-3133 5436
-2775 7131
6329 7289
-1183 2515
7682 6069
-6435 5552
2198 5640
-1235 4780
3482 883
-4645 5703
-7965 3695
5093 4784
-578 2065
-7503 4154
-6137 7071
2929 4052
1081 1885
-1410 2631
-2229 4150
2552 3888
7607 4255
-2318 3792
-340 7675
6340 440
-4355 7940
-202 5115
1932 1056
-2146 4332
5294 6876
6584 6091
285 4417
5174 2225
5157 1587
-4139 3768
-4179 4200
3613 6039
7526 2599
-2802 919
6561 7036
-5891 7073
735 7236
-1744 6374
258 5419
2847 1510
1114 3469
4760 2557
-5601 1491
3267 4577
-5637 5015
-7733 3376
6821 1560
6625 2385
4264 5519
-4266 4888
4100 1412
-6047 3316
-138 3372
1713 4494
6461 3205
6766 5734
-2889 422
-6013 7475
-7743 4162
7379 3679
-6692 6285
-1801 5772
2056 2940
2720 1168
-82 500
-6314 7418
-2235 4390
4051 506
4765 7655
-6479 5737
5520 3095
-399 1080
3619 4744
7040 7857
3305 2570
6863 4841
3094 259
-4742 2286
3446 7996
3688 560
-4271 6470
-5099 4162
-4632 2178
-3327 2205
5191 2385
-2354 6882
2949 1055
-4766 259
6568 3977
-3454 86
4279 1658
379 1390
-4750 612
4606 3581
-3095 7636
597 4864
3258 3493
-4922 6121
3846 5827
-4736 7405
387 7768
-6557 7477
-3701 7395
6172 2029
-4816 1823
7847 2261
5467 4900
-4567 6989
983 5929
-2713 5543
1144 4162
5142 3056
358 3502
-2652 6223
1235 7709
1235 3177
4822 6545
-814 7321
754 6948
-4184 281
-3176 3550
4313 1910
-5680 1060
3241 91
-7330 6928
6226 5647
5032 3375
-2396 1527
-3530 4631
-4752 2405
5588 238
231 6651
-4572 2430
-6841 1418
-518 809
-1399 762
6771 3372
-2556 7986
-118 5128
-1495 2798
-1812 1498
-6003 4743
5 3968
5123 4199
3953 4062
-140 6861
4338 1812
5965 2182
-2413 1095
11 1728
-1965 1201
1788 4152
2291 5866
-2585 5125
-200 6323
1169 3535
-2863 5658
5880 2149
-1300 6820
2592 6958
-5937 6267
-3503 6164
-6405 1365
2958 3405
4243 6495
7248 2686
-6105 2236
5785 5531
-2101 1152
3783 1435
2950 4758
6786 2181
2352 5306
3457 5708
-5011 3389
-2480 4347
4650 2106
3477 443
1964 2601
908 4076
3091 1720
-6433 3102
-4037 5439
-4498 202
-5565 6507
6844 4751
-1513 448
7493 7821
5108 2688
6148 5283
614 1485
-3055 7041
-512 1676
3662 4543
-492 2601
-1921 5848
2592 5459
2546 1397
6473 1153
-404 3114
-5103 5395
4024 3373
761 1554
-2888 7605
2705 7993
-5903 1813
-3091 7869
6244 2829
-5402 2304
4307 7087
-393 7187
-6667 688
6195 231
7772 2652
-5186 6698
-5777 5009
-867 6821
538 1365
3222 3666
178 4499
3368 3502
-333 867
4403 7470
-2529 7114
-7083 930
-4713 6283
6303 5311
7839 5954
-3476 4062
-7934 2569
-669 2336
7518 824
-2464 7457
-7822 2710
-5821 761
6487 3297
1750 4692
2955 1724
7223 7927
1931 5267
-945 1959
-4313 2984
6540 1326
2859 3543
-2275 5909
-7604 5791
-3752 4394
2976 1601
-2484 5128
2724 4808
816 3632
3272 4800
-3988 7865
142 3580
7951 7289
-2852 1937
-6218 3025
-3275 2021
-6583 292
7814 2361
-2805 5248
1329 3304
2988 5415
-1168 7263
-853 7814
-3637 649
306 6780
-2620 3778
5094 125
2249 4237
-717 331
-131 6699
5615 3309
-1396 4356
-6563 632
-5246 6127
-3943 3486
6422 5452
-3946 3635
6698 4519
-6898 1110
765 837
-2330 179
7042 700
966 5545
-5887 1132
6056 5881
-3748 3334
4924 5228
-2709 2768
-3865 4769
5397 3303
2055 1796
5417 3021
3992 1242
-6266 5238
-7600 2281
-5703 5837
-7501 5608
-2718 2869
2796 3758
-4981 4809
-2448 3229
4903 637
318 1228
-1298 3246
-5575 7168
7893 5836
6160 7462
-678 1473
421 4805
-1345 7027
3473 2273
-2237 1940
1899 2323
4791 4032
1808 1906
-7898 5757
-2188 1583
-6886 2147
1335 2834
-6073 7955
-494 3724
-345 3414
7893 4517
-2926 3460
-5681 4914
3213 199
1324 4134
-4581 3813
-6207 2527
2921 951
1060 3659
5267 3910
-5773 5756
-3190 3673
2803 5537
-7301 3987
-6554 3446
-5398 3097
7736 5399
-2485 2409
2583 5209
3498 753
3622 4402
-6430 5222
-1891 1777
-7008 1227
-724 3012
-1052 7528
5166 1218
-2489 3828
-7709 2162
-1923 713
371 7580
-861 1854
4706 6175
-4164 2974
2475 4279
-1224 7097
2242 5307
5309 6251
-4150 4303
-1198 4383
4759 3040
3418 5255
-4592 439
7194 6341
2199 2314
-7218 6703
2809 2859
4236 3688
7143 1872
5962 507
7210 7708
-82 3489
-2093 4812
-6529 6438
-1173 6593
5328 4472
5527 1336
-3585 7165
-2239 6329
4726 7841
6629 684
6047 3342
3844 4496
-4979 5741
367 2106
-2077 6501
2392 739
4450 6776
-7245 4940
-7273 705
-7012 5194
-6420 7201
-5779 128
2003 6370
3898 6004
3436 6197
-7484 1619
-1956 4730
-7890 7087
678 2596
-7298 3737
2347 2458
6081 5154
856 519
3 2468
-7999 7399
6746 1438
1046 7937
2381 3643
-1974 6433
3470 996
-2370 7026
-1578 5558
2047 962
-5216 5036
2982 867
5026 6565
-3651 2893
-7375 3361
-2204 3091
-1023 4084
-362 5013
-2457 2864
6949 7807
1506 4905
3509 4076
1232 4753
-2965 2923
-6245 7738
2335 7804
-3993 7085
2751 6634
1435 3421
-6323 6028
1435 6749
-7046 231
-4129 1874
-5439 5943
7424 4211
-5046 6663
-2175 3320
-6355 4939
-6089 4675
-3925 4967
492 2494
6606 1825
4135 4523
-147 5810
1200 7332
-2891 2650
-2063 4174
7052 6443
-5607 5455
-6414 4878
-5214 1554
-4990 4509
2950 4649
-6688 3681
-3716 4065
4454 1890
-3671 4589
5451 7362
-1872 3992
-1744 7982
5148 4649
-4675 174
-4877 6557
5778 3211
4367 7369
-3015 1060
3709 2262
7866 4986
-263 6580
1327 7928
4945 3813
3756 3284
-6741 6438
-966 2897
169 7573
-7410 6912
4804 3239
-4265 5867
7361 1411
-6779 7361
5535 4562
-689 438
-7991 441
4711 4449
3531 3807
7846 7241
304 6064
2021 499
-5757 4244
-1529 4147
-1750 7783
-4045 1829
1721 2058
-5097 1407
-5641 4539
-3809 5491
2157 3556
5299 2309
-2221 4610
-7449 3176
-3246 6226
-1991 1833
1378 4463
-6692 2799
4423 4347
-2861 6904
-5124 4512
931 7382
-2012 3572
-7315 1090
7196 3575
7927 4216
4855 388
-2384 1782
7538 950
6574 66
5260 7197
-6164 6925
6700 6542
5340 752
-5483 1049
-6510 4046
-78 4851
-2396 3827
547 7032
-7632 4636
7021 1180
-3712 3755
-1315 4698
7537 7377
-2404 5760
819 4375
5240 5729
7262 2194
6036 6091
-6527 1780
-1193 774
7355 5794
5528 2089
155 7120
-3910 1333
2246 7483
1887 1960
6670 2794
-1502 7016
4016 1496
4931 6166
2315 429
-1470 7662
-843 6501
-7525 3904
-2312 2146
935 7094
220 6924
5962 4997
-5365 3357
5188 2749
3735 2165
-2287 6765
-5540 1109
3884 7219
-873 2398
-2688 7825
-3450 7078
5562 5218
6561 4776
7062 2022
3506 5013
-2286 1255
-1919 431
3108 3775
4397 2513
-7551 6372
-126 3061
146 4873
5415 1586
-3039 4503
4307 5096
3428 3211
6814 5464
2074 3701
-6525 7745
4542 4191
-3456 5814
4156 2991
4053 4145
5509 3828
4140 7186
-4899 5309
2171 1491
3563 5334
6543 4871
6257 835
-1521 6813
4996 2576
-2193 5461
-3108 925
2857 6496
7065 3902
3566 5749
-5244 5291
-7836 4145
2157 3131
-3337 6963
-7652 2715
-1011 3924
1030 336
428 3226
7155 5374
1036 6906
5020 6443
-2073 1877
4913 7299
-348 1523
-849 206
5707 5929
7268 108
-6377 667
5130 2523
5756 7692
-5252 2817
-3604 5101
5822 3104
3336 3336
-2820 3662
-5656 2134
2983 3087
-1707 1295
7384 4937
7380 4696
2713 6346
-7606 7690
-7625 6204
-5030 342
5956 7606
-2519 6258
-6237 4152
2168 2153
-5337 1459
52 625
-6642 7803
934 5777
7173 588
-3404 2987
-134 2582
5573 2473
-3046 263
1593 6346
4833 1466
-3863 1594
-3954 369
-3903 5609
-2103 308
-1511 4478
-4759 3103
-6506 7150
7014 6822
-3329 6702
-3603 5573
-973 675
220 6773
-888 540
-6860 3637
4578 6835
-5709 3220
2038 88
-2093 4593
-5835 3743
3872 313
2421 1311
1934 4763
-7682 4370
6971 603
-7423 1438
7729 3420
1040 7301
7748 54
7290 7615
3630 3268
7797 6876
6116 4030
-1595 4045
384 5891
1470 4636
7021 5514
6893 6968
-4043 1403
810 5115
-6538 3941
7889 880
121 7831
3528 3071
-6612 1062
1379 7820
-6519 963
-2865 2789
3521 123
-3439 7247
-7535 1055
2416 2598
5914 7875
-5839 2862
-3438 6947
4702 3963
539 2052
-1059 7885
2666 6609
6955 5391
-1897 6925
-7606 2124
4541 2664
-6932 5958
-4344 7701
3979 728
-4892 7089
-4513 3488
-5174 3383
-2171 5985
-3001 5310
-4035 4915
2012 2828
-6723 7520
-6135 4250
586 4014
2681 1571
1801 147
-2190 1102
4775 312
1330 2741
-1589 5753
-833 4054
-7951 5451
4848 4250
3302 7694
745 4708
-7052 339
-4282 1299
-4144 4923
-1119 1530
-2178 2512
2576 928
4846 528
980 481
-6087 3584
2893 360
-7591 4526
-1140 3988
-2095 5475
-3864 1773
191 1458
5446 1234
4544 6216
236 860
-1468 5896
-572 3948
-4565 7992
3714 1479
1616 1320
-5685 772
-972 7042
126 7448
-4209 6412
7435 6112
-3238 6563
6273 7655
5431 2788
-4612 2991
7553 4707
-50 5227
7155 3813
6944 4922
4737 4761
-3975 1909
6534 7746
2 4328
3560 841
-2319 7493
-1628 258
4616 6083
4933 2666
-1556 3226
401 7370
-3832 3463
7024 7966
1360 7027
-721 3821
-2722 2502
2603 2290
-6751 4209
6482 2451
-3341 3629
2385 3928
-2987 4092
7363 6548
-4274 3251
-4580 5039
2086 6447
-2953 5193
291 3565
-2586 4706
-4836 1704
4865 4623
6838 7192
3250 5414
-6702 4066
-960 1378
1893 2206
-4764 4433
5397 7079
3192 3277
3068 6882
-3796 7669
-3537 6348
-6942 5091
2659 4982
-6784 4938
4459 1469
-565 6611
-3136 561
-4521 5405
-1353 6487
-2911 4203
-6471 6624
1639 1557
1780 2453
964 2731
-4078 785
7174 2097
6030 5596
-763 6977
6593 3348
3798 1802
-7860 5516
-4317 6975
7340 5208
-4715 495
1762 5288
755 3846
-581 1248
-1680 7646
5445 2870
2193 238
-5098 2322
-5020 1821
2199 726
490 4491
1011 4765
-1590 7292
5991 5304
-13 837
7632 983
-6690 7311
-7571 3309
-5274 804
-5148 5266
1649 1926
605 777
-6823 520
6366 3215
-4813 1381
-595 3573
-3173 247
-1648 1996
6066 2423
-6488 54
4259 790
-4671 1316
5922 1376
5815 4523
4934 2301
4741 882
3292 3949
-5149 5731
-1862 2341
1500 4546
-7329 4504
7868 1972
-6728 2268
2644 3847
1766 1371
2307 988
2918 4348
480 3583
3978 3616
7482 7949
825 4581
-2799 2576
5610 6153
738 5339
6955 2368
7104 1788
7333 7246
-7858 6128
-4282 2851
-7671 5202
-212 4212
-3817 7906
7412 3392
3945 3530
719 5844
4715 1380
623 5022
2631 7379
-1969 7979
-899 6564
-3038 3182
-481 6888
7262 1326
-6887 216
5797 103
5228 1411
6101 6714
-7531 7370
551 591
-5613 2236
-7543 4298
3408 6646
5558 843
-247 2585
-892 5441
-6955 7286
-4022 6083
-5685 5533
-1310 5772
2561 6848
-3031 2722
-1205 7011
-3631 2979
1078 3880
5996 625
6063 461
-7433 3709
-5920 4381
-7777 3918
7037 2558
2776 2461
431 2857
378 6418
-5653 4148
-1332 353
-6067 3869
-5776 1156
3210 6188
-1935 2506
-3845 7075
-7442 2483
6683 7902
6155 1851
3128 1550
-7999 359
5310 381
2592 5875
-5757 7652
3782 3393
598 6181
-4807 2631
-2088 1293
-3557 1223
4824 2809
-1428 2973
-2689 5373
4749 5008
-2782 5610
-5334 2729
-6134 6485
-3031 2995
3627 4830
1622 5117
1889 6603
5051 7788
-5376 7686
2034 3793
5356 5454
4038 1152
-7475 3488
-5523 6062
-7713 2021
5872 4099
522 6775
3874 7085
-6316 4064
2717 5334
6104 3934
-1427 5776
1693 323
-6511 7581
-6746 1732
-53 1010
1203 2302
6391 252
2106 795
-3666 7810
3069 3518
-1257 6905
-2977 7231
-6341 2652
5726 6747
-4949 7596
-4480 3071
-2849 4411
-2180 1431
-2894 6622
5881 5845
-1837 5193
197 3972
-1165 2935
-6980 4502
-4916 2814
1614 1819
-192 7187
-4686 5265
-7009 4799
-1804 4582
1554 7608
-6417 3424
-4420 5982
-2155 237
-3848 7812
-1924 7647
-1772 2408
-324 6481
-2850 5814
4346 991
1593 1079
-1678 6058
5090 993
5362 4949
761 2794
-5213 2467
819 86
7579 6267
6276 1906
-2019 5334
5336 6540
785 7371
5977 155
5452 5651
1538 460
-7641 1167
-5826 2085
-5832 6436
12 6924
6369 4161
7776 3223
4066 3948
1973 5581
-122 2490
-1937 5950
5235 2662
7125 943
-5954 1979
7583 2852
-656 7406
4218 1537
-92 1272
3460 7474
4334 4895
-3457 172
-3951 7266
-6968 6776
-382 5144
-1946 7875
399 3056
4522 2366
882 3065
-1026 1568
75 7377
-4388 5702
3222 4073
2422 1851
1922 6842
-635 221
-5286 5198
-1274 7377
-7114 7371
-4883 420
1590 248
6142 595
3595 1634
4144 5893
1392 757
-3098 87
3614 1855
-5905 4202
7070 2697
1892 1607
2127 4557
7416 4789
2559 4958
-7613 2990
-4527 1365
2097 6176
4341 1555
-207 3615
5478 1702
-6104 3767
7888 3589
-2232 6967
6857 1889
-1697 6770
-2340 1971
-1414 2365
6809 6410
2856 4405
-7121 3106
-3158 6052
-4324 2741
-802 2650
-4748 5918
-6886 2839
6903 5496
-1299 3897
2724 1371
4052 5966
-7980 7256
-4922 2506
-5713 4635
307 6962
5997 6481
-6559 1660
449 2132
-7067 1573
-2358 4530
4598 7559
-5457 1137
2301 1201
1744 777
4414 2823
-7340 6416
463 6457
3860 7735
6776 2852
6862 1355
2944 3764
4014 5432
6151 2758
2744 7892
4453 6879
4105 3853
-5627 6150
1202 5929
-2910 743
-4985 6199
6530 4102
-7469 4900
1826 4769
-1378 3999
-511 1385
841 797
-5368 5181
7849 5084
-4257 3919
6952 1898
-719 7120
-5490 5074
5309 925
5270 5067
6984 5794
6520 7591
-1126 6935
-4715 5505
-5948 6731
6126 5517
-561 6448
-7732 5489
-7040 7232
4694 236
-2550 5848
-3098 1367
-7417 6604
-3277 569
-4440 1243
-984 4663
-4069 2363
5274 298
5140 1911
7262 5467
3834 3304
-2372 6150
6531 3838
5542 3427
3357 1391
-5990 7117
-3192 7427
-685 3993
-5493 4097
-3453 673
-665 5369
5571 4014
-744 1305
-4786 5546
6685 2573
4045 4793
-5727 7786
4639 2535
7500 6582
5488 7912
-563 7528
-5303 2096
-5011 7299
-3851 954
2900 3068
6633 6869
5484 86
-6924 1756
-654 2823
-1306 622
-1875 3546
-4782 3386
-7744 7945
3901 3785
-6529 5907
-5128 7717
-1099 3393
-6909 5340
3543 2972
7527 4809
-4364 5919
1618 5825
3412 4370
491 5918
-772 6552
-2839 689
-4454 974
-2350 5215
5151 762
1508 1180
6809 2574
-4262 1536
3618 605
-5897 6974
3562 5568
-7828 3830
-2957 6952
-2964 337
-3792 1315
-7624 2564
-6407 4289
1594 6471
4313 3536
2129 1868
-3954 6376
6822 4360
-1735 5330
-3243 7992
6903 4039
-2735 4580
-5781 615
-3670 4942
-1234 6478
-1799 4356
3105 4292
3599 41
-2416 1898
-3706 2178
7474 2509
7028 4803
-4598 6187
6147 7990
-4872 5835
1407 7279
7446 84
1053 5990
1272 3632
-7192 7052
7731 6510
-3534 3620
2843 2383
6466 1651
-6400 4496
-1588 138
4854 1933
7315 4894
5845 3269
1176 2130
1854 3370
1133 866
6127 2586
-793 4757
-2080 6830
-6409 1548
2944 6364
-1535 961
-3162 7129
-5092 6196
-3616 2006
-6917 7779
3076 3299
775 5551
5108 5625
-2606 1694
6624 291
4623 7653
-1614 4563
7826 3423
-2631 3022
-4925 1497
6009 7390
3080 6186
3250 7335
-2494 6993
-6981 2700
-990 5435
7046 1066
3254 2637
-1418 2033
-980 166
-4483 845
-1432 7565
-4252 3752
6612 464
-4341 4516
-5123 2800
-314 4124
1460 1978
-4381 4377
-4844 732
-7020 7851
-4452 1060
-6547 4872
-4515 3600
1622 4264
525 5356
4456 3559
7190 444
-2074 7355
-5981 971
7468 7623
2250 3925
4623 1889
-7993 2057
-503 4352
867 7484
-6360 2225
962 6346
6154 3546
672 7678
-6556 2107
4900 5901
2619 2181
-436 7352
2634 3993
6702 5195
-1032 6158
-7254 2318
558 2151
-463 5077
5831 7085
4364 4673
5153 5166
-3654 5297
80 6460
4638 1354
-5702 7098
984 4649
-4449 491
-5019 576
-723 2451
3926 4871
-1113 1864
-7148 7773
244 6356
-7620 5668
6798 583
4636 3408
-4089 7099
2108 5674
-656 5877
-1689 4344
2584 7291
2030 5777
-924 75
-4475 4330
-4981 3030
-1159 1331
3150 2843
-6159 4056
-3341 1839
3044 5148
1561 3681
-3339 4850
2146 3777
-7380 120
-3680 1785
-757 2796
5180 3255
-6222 2892
4792 5116
2295 7241
-2741 2273
1692 7150
5209 5574
-552 4139
6054 3556
-4433 4525
-6219 2620
-6907 5541
-1369 1954
4868 3546
4905 7742
-2316 7983
2781 7805
5234 7890
2817 610
-5922 5079
1914 333
7844 1350
2931 6868
-7966 7888
4337 5393
-4951 6434
-5741 2170
-4544 4064
-7822 2160
-5406 4679
1951 6162
3688 7531
3107 2522
-315 6130
-666 5675
-1425 6705
5614 1441
4794 1753
-919 4907
2308 2762
-173 3493
2744 1972
-716 3916
931 2422
-2334 7778
5501 740
-2802 4492
-5113 483
-217 1435
-1348 6648
2571 4286
-6719 2077
-2058 5957
-5349 4899
5406 6763
2278 6597
1351 7679
-3906 7513
-1507 1612
-2329 4424
-4992 5105
-5575 839
3812 2971
-5380 6986
6784 3122
-95 3640
-528 1022
-1277 7167
-5394 1971
-3465 2008
-4843 5049
-442 970
1773 5110
-2064 209
-4254 7352
3862 6463
-1175 7698
-4719 1783
-2201 6206
3783 6760
7883 2894
-1716 663
4525 7655
-6071 5603
-1462 4246
-787 5599
-2920 168
-446 7540
-1384 7921
-7349 897
-7071 5362
-24 1627
365 6840
7992 6292
2541 3215
-6033 203
237 2220
501 1165
-2794 5119
1206 268
-3931 736
-158 2073
5960 3911
-7759 6900
1522 2070
-422 6569
6645 4086
1259 5176
4988 2392
6249 6747
-1372 3721
4361 1655
6550 3537
-5488 1416
-2877 887
633 2266
-3524 5221
-3611 3588
-4986 6053
7299 4109
6974 7052
-5241 1193
4313 2013
-2471 5559
3321 2926
2491 2015
1168 1959
-5027 3496
-2244 2753
-5530 761
4205 3373
-6623 1255
3025 481
-4797 6871
4527 780
5796 4804
1297 2612
7975 827
-5766 3549
-5820 2716
3727 6527
7974 2348
7345 195
-6882 6405
7176 3672
-5084 4372
5594 1979
4570 7422
-7716 7826
-2575 5419
1553 2608
1651 3820
6230 2730
-7460 5470
6034 6303
-7478 2999
-7340 2668
6401 3501
-777 774
2895 4872
570 7497
732 564
-3215 4037
-7713 4930
5724 3685
-2358 845
-62 4994
-907 6321
6559 349
-2333 522
-5659 1718
-3337 7761
-7762 6157
-844 1097
-1443 1447
-652 1858
5699 7851
6866 3961
7039 1378
3982 3859
3181 734
-4443 2104
7641 4921
6681 2474
367 5702
-3220 127
-2121 555
-4725 5756
-6214 3393
-1809 1044
-239 3076
-5762 2487
-1830 1919
4299 4270
-6948 3222
218 5893
93 7921
7594 5175
-6526 2618
-5429 524
3086 2760
7459 5311
-4606 7231
-4898 5526
-7357 2388
3179 5079
1430 2849
5417 7951
-6198 7176
-4054 5028
3726 4230
6040 4366
-4088 916
-159 2677
5075 732
-4618 7557
1369 2200
-4693 1167
-3327 1944
-2838 6779
1112 5400
6060 3859
-5814 5142
5038 7688
-6468 2801
-1206 7508
7225 4024
-3806 5836
3681 723
5400 996
-346 7457
-544 5161
4271 5281
4177 2064
-2972 2179
-978 5529
-3063 6677
-2752 5020
2528 1573
5740 4958
-6664 6938
-4920 1923
1317 1766
3756 3739
4881 6229
-2324 4254
-6330 4212
7623 4820
2663 6435
331 2640
-1976 3710
6984 5187
7808 560
-6631 7157
-5147 7527
262 3433
-3463 7918
4506 3472
5663 3045
-1307 3369
-5483 7809
2072 1977
7161 4108
6906 7420
14 6751
3012 2058
-7913 850
-3144 6490
272 3147
1021 1637
-1257 4993
5776 2818
-6502 3799
7318 4465
-7512 827
-2544 1217
3184 3535
-2017 1582
7734 6790
420 5104
-7228 4660
-5261 7874
-3636 4054
-2335 6399
1482 7657
-4592 3397
-7900 6683
-2974 5987
-7227 2888
-1118 4379
-3574 423
-945 2161
-1869 6132
-2734 3732
479 5160
-2975 7547
-2812 7486
-7873 7242
-1728 3428
3570 7071
1012 649
4984 1923
4240 3810
-2454 904
1480 4217
6208 5470
7697 7555
2686 329
-4860 2720
-1380 7131
5548 1072
4669 45
4467 4817
5875 1205
2196 3202
5860 6753
4752 5489
4840 5020
-4192 728
-599 1557
-2517 3471
-1102 1392
-5099 1775
-3830 2592
3176 6614
-3186 4634
1085 1142
5836 1020
-6284 6935
-829 877
2770 6767
2356 2940
-6269 256
-3912 2301
-5379 133
4553 4987
-4543 1944
7586 7894
13 948
-5221 7583
4913 768
5415 5309
4571 7931
-7537 2803
-4240 917
2841 3291
-6869 7501
-6140 74
4280 6808
4690 3842
4494 2758
723 3605
-1634 4119
-5108 3661
3750 219
-2442 3682
2859 6823
-1758 5601
-5322 2423
6103 772
3907 1637
5600 134
317 2790
3096 5083
1666 1124
3561 5145
1997 1531
-824 6269
-7249 3375
-2626 1551
1366 5727
-5051 7196
-2629 6826
-4622 1506
-3706 6272
5152 4500
2716 7166
-4228 1784
7096 6922
4461 848
1091 1561
-6691 5466
-4811 7645
7156 2706
2512 6443
1335 6812
-2082 4055
-6724 4879
-4242 3508
-7541 7543
7802 906
-1928 3848
4681 5342
-7787 3665
3163 2050
-416 2332
3332 6876
5861 3493
-2737 3297
6751 7006
2174 1589
-7582 933
3726 3108
6012 5751
-6448 6429
-6004 492
3000 5768
-5381 7115
2706 6818
-4375 3743
4989 3484
1461 5041
-3289 7282
-4374 5198
-1213 3147
5777 5142
-7305 983
-6278 1210
7626 5646
-1162 3085
7972 593
6202 7061
-6315 6684
-305 69
6328 3412
-3358 2453
-5780 7243
5268 4867
-7986 3300
-1579 7386
4146 2467
-4478 5789
2059 5203
-3998 2752
7157 4487
3108 7568
3055 945
2020 6084
1250 489
5202 7757
-5359 5727
4290 1274
-1809 2626
-608 4074
-2583 2782
-336 3879
1925 7998
-2313 6634
-3843 2053
-6269 5031
7453 3265
5887 7752
-2652 299
-3638 1540
-2234 6549
-7057 2419
-4039 6477
-2712 7067
5300 49
5037 5282
5278 2187
-6055 2668
142 6753
4191 3924
-3948 2932
7359 4284
2525 700
-7139 5796
-7218 950
-3230 6931
-1776 4245
6185 3973
162 2142
5600 5052
-7170 486
721 7026
-7828 5168
7624 476
5446 2233
7741 7224
537 3198
-6014 5265
-5698 3337
-7099 1786
-4135 3247
2812 299
5417 6138
-2413 4926
-2973 5800
4148 4788
170 802
1166 3846
4568 3118
-6153 1363
-5748 224
6251 4127
3428 3310
2097 701
-6119 2112
-7159 170
-730 5066
-933 5950
-1434 5182
-1518 300
-6762 291
-6764 7831
5333 5363
-4851 6985
-7954 6977
-1276 4261
3950 7756
7986 4639
5055 3896
3345 671
3991 7080
-1487 7506
5432 7604
3339 2843
3830 4875
-6914 5244
-1131 4563
3960 5811
1884 4596
1904 4267
-6314 5361
-5268 2575
1777 7019
3770 5217
4328 3085
5676 7124
3161 5794
7884 6484
75 2956
-5492 3732
-919 7905
-937 4102
-6431 925
1711 6570
3072 5583
1523 5544
1703 7757
-6034 3063
3393 4285
1704 6032
-4396 2537
-7137 363
6490 2911
1351 6096
6441 2810
-2417 3309
7540 1996
-2452 5346
5717 5655
3588 2318
-4532 5579
5363 5748
-7774 5269
-4503 1534
-7160 5717
4058 6928
17 4148
-4836 5757
4344 310
2915 5327
2193 1695
811 5245
-7054 3756
-3386 5517
-3981 2465
7055 7420
6094 3116
-3061 2484
5705 1747
-7583 5998
4813 2124
-4540 7459
3275 7243
-773 3501
3202 1411
-7698 1864
2866 3380
-488 3078
3365 378
615 7320
-7878 1172
2002 4522
-788 1718
352 3152
3179 3938
5901 210
2775 3001
-6418 3187
1723 7484
4027 5569
-1596 2265
5450 6982
4951 6043
-5447 7580
-2343 3913
-5058 3248
-6722 4465
6163 1576
6828 7518
7904 5712
2716 2272
-1885 2588
-3450 6230
695 2094
-1781 390
-1575 585
3345 480
-93 1188
1598 3067
444 4080
-5771 1250
445 4176
-1691 5015
-879 2775
4007 3764
5451 1820
-7141 4486
2658 862
5307 1511
-4162 1231
4101 1602
2778 5944
1613 886
-3491 1343
-6879 617
-4027 589
-1947 177
-2576 4198
7523 1159
7530 3404
5097 6232
1447 892
3829 7843
-2102 3861
-1932 2134
-4310 5468
-3946 1424
7497 4267
-1615 6143
-618 3230
3173 4847
-1665 1725
-1902 4217
464 5482
3283 6970
5389 4811
722 3071
-5765 1382
1343 6483
4350 6892
-1461 665
4906 2817
-637 1348
3243 423
7675 6880
-6714 3983
-577 350
-5307 2936
-4320 4058
1448 1098
5611 4950
1409 1690
6521 4670
5613 4608
6045 69
-5649 209
2896 1648
-2845 3973
-490 6039
1942 5484
3584 1722
1284 7473
-365 3519
2300 4598
-7633 2801
7271 380
-1109 6017
-2133 2153
1191 1798
-5463 4369
1288 2262
-6362 337
1684 6147
-1643 5154
3815 4301
472 6207
-5071 7400
5554 7474
1273 3766
2840 993
1726 2217
7767 3019
-1741 5979
-5119 2050
4683 5800
2286 6682
1388 4340
-1212 1467
-5195 447
5809 5225
-4739 859
-7927 1313
3936 5587
2471 5299
-1098 4652
932 1529
-4509 2220
6014 4470
1119 4792
5148 5475
2372 6996
-6480 455
6410 2013
5002 6979
-5431 4169
3911 976
-1106 3257
-1544 6297
2981 7656
6131 4896
5910 1873
-666 6771
-2767 76
7109 3139
-6265 4509
1560 6214
6139 4333
-4155 75
-905 2978
7486 2270
-1114 4172
1549 2704
-4694 1965
-238 5633
2249 3504
-5085 4023
-7286 7861
-5685 1332
5343 4354
1224 4573
-6467 2295
2589 7783
2163 3383
-1599 4803
-6043 6448
3647 2763
1954 6655
4050 1340
6553 2338
-6487 714
-5459 243
-4678 3618
-4011 6842
-2967 605
1855 1693
-1341 264
5756 447
-5774 4508
7562 3935
4122 4242
1549 3297
5810 7630
-383 2572
-3631 5018
-1255 2185
2926 6032
-686 120
-7616 3872
5365 2248
3424 3620
5624 4471
1194 7992
7318 7058
-6946 5711
905 3986
541 688
-379 4481
3819 5964
510 7191
-3962 1739
715 7117
1232 4885
-1609 3923
165 3233
6167 4411
-7094 4643
2373 207
-7894 4595
2394 5719
-7336 7614
2556 2812
-5027 4312
1026 4515
7807 1646
5732 6469
-743 510
-2231 3410
7893 1473
2980 7050
6290 2101
-4533 5297
6540 7424
-1270 6104
-6272 640
5992 7171
66 5303
-7236 7415
-3543 7815
588 5795
-2631 2625
5928 6906
-3203 5003
638 7028
-7770 6798
-2088 3541
4583 2166
-4317 833
382 1828
7395 1820
-3889 6018
-561 5970
-2843 224
-1054 53
970 7863
-2564 7622
-7670 1297
-5717 5994
3810 6351
-1375 1340
5847 3595
-4122 385
346 3634
-3964 3881
-6908 6326
-7502 5983
6412 2238
5009 3123
5678 2652
-264 5445
3821 3790
-224 1932
7002 3685
7748 2473
-1717 1524
3279 7414
4850 973
7288 1677
4931 235
-4254 228
2927 5214
-4752 1112
-922 6670
-4771 5407
2835 756
5999 1630
-7037 4201
-4821 2303
-2074 2965
7608 5957
-6523 6257
-848 6930
5287 4076
-2346 5853
-6138 312
-2342 4096
6735 1596
1172 7770
-2287 5590
-1552 1377
4719 2924
-4603 4874
1682 613
3029 5235
3091 5328
-893 2059
-4478 6738
-1124 6285
-6378 4702
1176 670
-3337 4221
4127 4929
2519 6288
7691 7124
4507 4024
-7880 3092
-5061 6327
389 4437
1634 475
-3676 7939
5394 1725
-5889 2524
6129 330
4985 1560
-7466 7464
7366 2397
2889 6691
4566 5623
-2616 2228
-2431 6639
-2232 2884
-867 3073
7733 3844
-4816 4973
-2827 2391
3160 7672
4842 6080
812 7904
-4785 374
3378 4191
-2718 3617
3237 2181
-3110 1622
4207 2716
4088 5717
-5840 1985
7748 4156
2888 3835
6536 1535
-6389 3580
-498 4055
-5156 7836
-5767 3290
-637 3870
-812 6150
-3485 3523
720 1771
-5682 5322
-5461 5642
-2435 3937
-2611 7724
-2303 4841
2780 4912
-4941 7183
-4456 6086
6639 3741
6858 6043
-2732 4835
7837 6346
4447 3955
2917 2031
-4019 4517
7953 7527
-3201 7008
-1660 3622
-6989 675
-7814 2034
-203 4015
1769 3209
-2539 7497
-2804 4928
472 5822
-7290 7070
-6677 7603
-4555 4209
-1093 7676
7238 6823
2821 5283
5995 4922
2055 5968
4089 369
-6839 5907
2488 3699
-2223 1184
2638 4541
262 5644
-3726 2829
7657 5107
4139 630
-7988 5925
-4251 6611
-6575 1411
-4850 7220
5959 5381
-2440 5889
7869 747
-2220 2082
5303 2966
1142 4909
-2106 1391
6065 4720
-5415 6631
859 6683
47 4657
1640 7810
-7016 6355
-2582 3644
2474 2927
4564 1541
-2387 6802
7618 6718
7185 3004
-433 2092
-1340 3552
-4538 5876
-5959 5957
-4432 7623
-1292 2306
-4251 2091
7072 3749
5719 5414
209 4628
7202 4997
-6425 6806
-2562 201
302 327
-6248 5565
-3639 7517
-2252 2666
-629 4653
-5406 6408
1736 5619
-1014 1308
-3714 5909
-4197 4029
-4918 3584
1807 2280
181 5211
-4354 6354
3797 2592
7476 6722
-1129 2857
-3173 1813
4549 7062
-3193 3418
-7539 2017
4374 2270
-934 3859
-5271 7026
4530 564
-365 3715
-5285 3522
-5726 1915
-6119 5919
-1868 5348
5244 3402
-3918 2803
1871 4053
7767 7020
6030 2280
78 3932
-1914 4595
-3996 439
5082 1277
1627 69
3682 6291
-5131 668
-7750 4688
1081 5089
7250 4278
1778 6487
5651 4332
7093 6106
-2672 4296
-433 4164
-1533 3616
-3192 959
4719 7047
-986 6372
-6469 1643
5523 3717
1860 5045
5102 5877
-3177 1267
3679 4904
-3808 2373
1871 5184
-4068 5339
5412 6230
-6782 4769
-649 5089
7059 6027
-4653 970
455 7658
-7392 3934
-3527 3248
6505 192
-6044 593
-3111 7953
-2334 3704
-3720 6456
-7808 407
-5094 6523
-2722 6815
3672 6822
-3760 7972
-443 7650
7952 6701
5341 7278
1591 4414
1306 3843
-7692 3035
-7653 6040
5382 1953
-4820 2855
-395 5731
2190 1088
-6957 2490
872 716
6342 2544
2659 5987
4588 658
-7375 6760
-3440 2248
3956 5690
-2343 7312
1554 6827
7769 2128
6975 198
3332 6572
-7 6492
-5780 1532
-4669 4121
-368 3295
902 3281
5853 4431
-499 5445
-7684 4746
2570 7904
-3465 2834
2661 4621
694 2851
3381 7912
6627 6308
5396 7777
2933 7752
784 346
7624 6612
3224 7527
557 4301
4151 3137
-2544 1085
-4649 7772
-5910 5726
2925 7454
-6302 7223
5095 4562
-3307 1165
1887 650
3391 7069
7107 256
7093 5246
-879 3247
-6141 1674
-1044 5264
2317 2845
-2049 2324
-2509 4893
-7586 6487
3170 3031
5137 5289
-7065 6536
-1681 2267
-666 7852
1653 7604
4816 4328
-1473 5555
264 1147
-32 7744
-721 232
213 4989
-3870 1200
-4559 1594
-5836 6697
-3934 5826
-5279 4597
-1518 7106
-5520 147
-4234 829
4290 81
3011 7453
-120 1489
5771 5845
3611 162
-6444 1438
-2827 3890
6913 1418
3033 5677
5626 6691
-546 5824
-6898 5159
907 5071
5736 1366
-2236 2578
7459 5118
5003 7118
5148 303
-3646 5456
2197 4045
4195 1211
-503 1960
1901 2991
-5549 5864
1750 6736
570 5449
-3163 4199
5333 7878
7857 4372
951 1072
4602 1430
-5676 2714
-3906 5061
3801 5669
7577 4160
-2404 3521
2435 3561
4810 6341
6341 5834
-4995 6919
-2731 1333
2479 2762
1880 76
-1191 1755
-4276 2489
7290 7166
4374 6500
1901 3616
7028 3060
-275 4299
210 6221
1755 6264
4111 7369
-1865 7039
5005 7291
7398 2310
578 4105
7854 1566
-3210 3244
4688 3629
4647 4882
7443 3051
3010 385
-3261 4540
1129 7894
5587 7937
5101 6454
-6149 4988
-6586 4608
2243 4458
1813 2531
-3856 6772
3289 7597
2632 7626
-258 3906
-1258 281
1621 4690
-7164 4812
-5682 1465
5033 4873
3226 6366
-5698 6900
-6009 2879
3593 2398
3912 3185
-2923 3369
3594 7181
7633 5020
238 1676
-3798 4838
799 7286
-7502 6529
-183 2179
-6868 1919
-1316 7704
-6362 7715
1279 4293
-7617 1641
-4439 7004
-6629 5170
2292 4883
-2164 1261
1689 4129
5747 2147
3755 3618
-6566 4305
5521 4270
-7351 1267
-3693 2363
4134 1777
-6690 389
1214 7145
-1957 2972
6723 5653
7005 5009
-5094 164
7936 1149
5754 7567
6555 2737
6839 778
3729 5021
-7172 1873
7200 5830
454 2390
-5492 4989
-7418 4101
-2526 6901
-3790 3110
-3581 2590
-2066 4412
-4369 3475
3835 4061
-6186 5997
-1001 527
6549 1085
6585 3202
6336 2887
-1559 669
-5962 366
-6906 7413
2618 3434
6234 2468
5045 2105
-4429 2307
2699 2833
256 2118
7507 6304
-6818 65
-2149 4423
5494 2720
-2325 6308
-7807 6412
667 997
5273 7001
1159 6068
-7000 988
-2532 6810
-6162 1950
-2618 5893
-4119 2007
-3289 5335
7794 293
243 7944
6483 6278
-573 5560
7500 6219
-7724 523
-5374 7891
-7040 1692
1923 3777
5176 5791
1082 5581
-5078 982
-7989 1414
-2231 676
6008 2580
6400 7062
3091 7856
-6559 3200
-1989 5658
-3093 6859
2807 7469
6337 1529
5835 3378
5014 908
-5935 1735
6817 4176
-186 2988
-6085 6660
-1277 1997
7719 6390
7193 6438
4668 7257
77 4794
-1484 219
-7965 4151
4116 6092
-3548 6989
812 2411
-6077 1301
4112 919
4892 3011
-4263 7893
1590 5271
1907 483
-3506 6747
3254 4429
7827 4048
6728 1764
-7836 3595
-5684 931
4045 5011
2320 5075
985 4925
1516 3540
5489 2970
-2098 6664
-7932 1999
-4286 6202
491 221
6880 246
8000 5610
-3211 4737
-6790 3018
-5045 2857
-1792 2026
1783 7353
1717 80
4407 7797
4001 6036
4360 5485
3522 7358
-5568 5324
-1211 590
-7608 4436
147 583
6676 5089
-5561 7472
-5176 70
3009 2789
-5133 758
-2511 7386
4307 6106
-729 4091
-4650 7642
4184 995
6903 2154
-3446 5056
-4928 5983
-1238 997
-7877 6519
-3703 5706
-3551 6545
7577 6095
-3248 5600
-5846 7468
-4365 1487
676 7899
-1143 2698
-3266 5182
3509 1939
3354 5620
-5311 251
932 281
-3150 3131
-5846 1659
5821 5764
-5601 4084
2588 6350
2381 3460
7838 4724
607 7828
4294 6237
7405 4531
-1386 6822
574 381
7242 3415
6265 302
7012 1489
1898 7092
6419 1352
-2040 7589
-5522 5457
-5735 6793
1165 3723
1802 2942
-1063 6680
-837 1518
1998 779
-1038 4560
-4131 6054
4478 4727
4196 222
5284 3190
5104 2179
6762 5033
7136 7649
3077 6047
-1487 2128
937 2079
-5999 2231
-6766 1987
5590 5577
7573 4516
2210 991
369 3340
-561 6089
2359 7959
5109 7113
7631 3092
3634 1232
-2080 5633
-969 7177
4315 694
2173 6991
5802 1888
3842 2765
-1755 5886
5887 3158
-5036 7523
-3633 3675
7009 4599
1470 5219
6099 867
-661 2706
-977 3241
-3876 123
6766 7670
7751 7831
776 2886
-2716 3861
7705 1809
-1644 1915
-7530 7890
-6404 7642
-6376 5457
-1342 7440
4654 4787
1444 5694
-7429 1964
6459 7328
2541 2698
-5219 4868
3071 6777
-7555 5542
3331 4349
-5507 2156
-639 3012
-5317 3112
1870 7536
3167 585
3068 1105
2425 362
2250 6037
-2136 669
1876 3102
2471 2249
-2953 6755
-2307 1530
4615 7169
2346 1595
1896 2441
696 1891
-4377 1924
5851 3842
2105 1663
-1085 5342
-7423 7866
-1225 98
-7358 1658
730 1168
-2839 4569
-5317 908
876 1308
-5 2000
-2020 470
-3393 4689
2228 6463
-6726 3366
6256 7851
-6371 6586
2984 3843
-4657 2596
7112 6642
2095 4992
-3059 1824
7140 1969
-1454 5440
543 7976
-5855 369
2274 1072
5702 3903
-4393 5617
2258 2256
4068 226
6464 965
-3644 3101
6864 6563
-5383 5033
-6878 6077
7459 647
5277 7637
-5375 1056
-5155 6459
2603 2606
-5127 2889
2224 1390
-5233 3641
5916 48
-5479 4770
7563 2702
-2565 6695
6902 3099
1708 5187
3697 1391
-7815 5980
-7914 4680
-5108 1949
-6408 1929
1978 4964
875 2201
-969 5050
-1891 3306
1637 5008
179 3029
4064 2391
3472 7733
-5539 2018
-5316 1828
-5980 5023
-4955 3125
6966 1598
2967 2275
-4307 544
7879 6223
-1154 5407
-2164 5674
-7640 361
-1030 4917
2085 2700
1093 990
-2281 4959
810 2092
3975 7183
7925 3740
1063 1408
-3205 1912
913 5267
-395 4759
1708 3622
2732 3204
4634 4091
7986 4076
6706 5968
192 1249
689 4240
5344 5659
6829 4619
-210 803
4970 1205
3065 638
-1643 5285
-1009 6291
-3813 6146
185 6446
1035 1310
-729 6045
-1863 6229
-4270 118
-6381 2498
7501 7729
-4887 2214
4846 5270
-6839 3917
5444 3876
464 6055
-3354 3298
-4171 5900
-6302 166
-4394 6871
-2578 6038
6566 5050
-1139 5086
3895 1928
-2653 4002
-1106 7770
-1975 1098
2245 4119
-689 5227
5703 1035
-3959 7690
5470 5555
1123 7674
3762 7912
-2780 1757
1151 6661
4354 2750
-6844 3279
-1494 5255
-5323 4412
-7710 6988
6640 5749
-6887 5774
1563 4093
35 1523
-1775 5684
-3471 2714
7567 2980
-5678 2398
-1428 1657
-4800 3919
-3829 499
7266 1900
5689 7369
-7999 6872
7621 6374
6834 1207
-986 792
-2474 7639
4382 4241
2367 6340
3640 7923
-5147 2998
3120 4572
6808 5960
2663 5615
-523 3646
-7894 3373
5965 274
-2980 6126
3486 7281
-3559 4166
6281 6512
2423 578
-4120 221
-5484 389
6184 6514
5723 6327
362 6183
-6079 943
-6560 426
-2939 4715
-7094 2072
-3881 3317
1219 835
4364 3954
-70 7908
6809 6313
6507 5463
4786 2219
2078 2360
2374 1483
-3142 2695
1570 765
952 6135
-6124 820
6120 1444
-2831 3194
5050 3735
-250 7994
2926 5134
1634 7490
3656 2995
-5223 6949
5418 4204
1704 3931
-3061 5711
2261 1587
-6489 5050
-1629 1641
-475 1776
7065 6340
7710 7387
1406 4016
7954 1849
-1685 583
7717 860
-7277 2447
6671 7397
-3536 5488
2115 3008
-2371 2593
-3997 5653
-3113 2935
-5460 6258
-2685 4505
3300 749
868 5685
7753 6196
924 4808
7534 2436
4955 4266
3284 6017
-5545 3370
5237 961
6379 1755
-6344 6849
-6330 5770
-2361 953
-4574 2035
660 3745
4782 2415
-2154 7769
2051 3526
930 1739
3640 491
146 960
737 4384
-6438 375
-407 5490
121 3474
-4051 7787
2811 1777
248 501
803 5832
4207 6116
5445 7217
5359 4730
233 5975
2133 2265
-3291 5813
-2594 634
-5235 3125
4044 2952
-5055 3853
-6628 2489
-685 1990
3560 373
-1218 4060
5371 2122
4178 7823
-3582 528
5233 3823
-6166 1482
7138 7318
2685 5850
6356 5950
248 5097
-1757 7493
3075 1638
2217 1994
7652 5373
3603 4040
2482 7328
2820 2092
4929 5346
1976 2120
-1601 5365
-4809 4190
6219 4543
7946 4380
6021 7821
7117 7788
-4493 3680
6161 7147
6312 2664
-7901 345
-5653 5107
2261 7933
6251 1386
1666 2972
-481 582
7998 3570
1271 4020
-2100 2841
7368 441
3326 584
-5155 5146
530 7611
-7370 2186
4297 2231
-7476 5030
-4742 3799
-3349 3209
-4069 4443
-2618 6329
-6972 353
3744 7380
-6990 4625
-5562 6282
-423 6400
-4197 1621
-5818 1044
6137 6241
-5906 1303
-6315 4331
-6038 6349
5240 7300
-4401 3969
-78 7216
-3048 3759
7111 7896
-3919 5263
-6152 5339
-2561 2064
2133 3995
3462 6545
-4032 1637
-5166 6069
-421 2424
726 7448
-1495 7363
6270 2022
2661 7074
-5826 5245
6413 5323
2883 2751
-1137 1610
5864 7381
2464 4665
-5596 917
7669 7899
-6161 4568
3171 5636
-1581 4381
-685 7218
3611 7739
-6107 5822
-336 6863
2367 3755
3064 6467
-4701 7505
5981 7281
-7498 668
7289 5011
-2760 4244
2041 3203
-812 5816
-6980 42
-6288 4757
-165 7757
-6420 7105
-6642 1720
7381 5291
5729 2043
-5836 5933
-691 3434
6190 2155
2837 4296
-5045 906
5789 556
-4835 3077
7492 5705
7472 3784
-3547 4910
7472 2790
-888 3933
4750 6439
-7873 7601
1550 2361
372 7076
-3783 141
7558 4365
-7284 1583
-1151 6807
-4654 3111
-3388 3961
7241 675
5247 4421
-599 4211
-2597 5756
-4848 6663
-5441 2854
7436 796
3826 3138
6355 6587
-5047 1532
1182 1079
1650 2890
-2419 4163
1458 6347
-96 6961
-6743 463
464 3149
4869 7092
4743 5631
1067 2345
-1134 922
-7760 1775
-5474 4472
4001 1892
927 5422
-5191 4665
837 234
1163 6973
1680 1219
3353 2007
-2704 957
-6507 5603
3618 5066
-7552 7094
6943 3427
-5713 6268
5969 1516
35 2671
-6696 4974
-4908 3335
-4736 2827
-2678 77
-4761 6570
7740 211
-29 5387
-7994 4602
2647 6691
-2771 7969
4134 5982
2895 7532
-5236 5644
2972 4507
10 3477
-7136 4265
5374 2626
7466 6843
3809 1930
-5341 535
-7832 4694
594 1209
-5115 1667
1612 2464
-2082 2236
-2935 5563
-2744 6421
-6345 5132
-3728 636
2906 5417
-2922 3907
3413 7244
-6910 4232
7016 6134
6350 921
-5826 5435
1086 6270
622 1935
-5674 2875
-6822 7173
7294 3027
-6767 6941
7881 974
2331 5776
-7956 717
1653 2581
-4022 1312
3689 4451
606 7194
3005 7131
6017 3703
-3833 5195
-7501 7711
-608 3467
1225 1234
4737 6832
-2189 4870
2530 160
1374 2010
7326 308
4619 2801
-7035 3497
-4999 2233
2537 801
-1276 1358
3671 257
6378 4801
2343 5172
-1807 6491
2703 7258
6425 2318
-2278 1757
-1671 140
7344 6896
-7829 2522
-4424 6603
-6258 783
2907 3183
941 5625
1337 7130
-2464 1967
2051 6786
2381 7521
6484 3464
-1998 6054
-3650 6528
-2 296
-1886 63
5446 2572
933 1418
-994 7315
6531 1894
-1428 2878
7954 3927
4661 315
-7813 4240
-7582 266
1002 3923
5401 5146
431 713
-7523 3819
-7277 1938
3701 4020
-1909 1537
3713 7995
-1388 4450
1295 6651
3454 3415
442 2689
-5741 7398
5547 2581
5329 197
-142 1935
5130 3640
-1330 5166
-7526 6071
-4073 5592
-2072 4958
-463 3412
-5310 4800
2726 953
-925 7380
-7536 2718
-4886 51
-6074 4476
2502 7981
7719 1414
1797 4508
-2434 2965
-3027 6512
6205 7374
-7990 2405
2775 5034
6432 420
6686 4914
7978 7885
-3606 2330
5451 6306
689 6267
-771 6734
2800 4613
2970 1184
3277 6261
-5523 1659
-4895 1101
-4958 4915
-1146 519
-4360 3083
-5990 1904
-7436 5144
1350 363
-2865 5957
2455 4091
4388 1984
4138 5337
-1135 7178
-3173 641
4315 4743
1714 2360
2687 1892
4088 7683
-2725 1559
4018 6827
-4552 7169
-7745 2465
3025 4118
528 6400
-6637 5707
-3824 2458
2068 3410
-6805 5699
-827 5288
-2029 2763
4856 4431
2810 6024
-5953 5203
-5591 7021
-7550 1819
921 6561
6124 2332
5084 2942
-2728 2080
1838 5417
2327 279
-3065 7384
-6463 1848
5261 7537
3573 6121
2301 6841
2640 2384
-6981 6445
-763 2055
-6977 5817
4363 1436
1828 7695
-2 1299
5522 7092
1861 7383
4201 2251
3098 1962
-6220 5798
-61 2201
-5832 5544
7880 475
2828 2652
6568 6697
-6689 1506
2589 5037
-6695 3551
3439 2549
-138 2785
5622 7803
-5300 7488
-3 4476
-3623 3394
-7982 4388
1051 4977
-6426 7348
-4785 1953
780 432
-3491 3854
4821 4837
6596 4364
4526 1297
-976 5356
-4994 237
4156 3747
6485 5360
7557 7119
6512 7938
-7791 1849
3512 295
3023 5034
5934 6103
1894 7909
-7633 7824
2173 6610
-7367 1867
3219 7776
-3361 6078
4397 4962
6171 7776
6618 872
2298 1672
6719 3896
808 1784
3970 6705
-5201 3724
4665 4556
-1358 4172
3615 5268
-7284 5944
4186 7551
-4457 4438
7205 1495
6453 881
2535 2382
7394 6435
-3282 5489
-7998 3203
448 4999
-2687 5952
5893 5991
7857 7040
3577 2186
7104 4372
5930 2276
-6654 874
2150 5369
-2808 401
-831 5067
2393 2140
-2597 3855
3765 1015
2464 6169
2995 2667
3130 365
2803 6185
-963 1124
-7559 6281
-4462 6221
2012 6579
-7430 850
-2271 5081
378 906
-6795 6328
4481 186
1011 5150
-3995 4705
7780 1995
7616 7305
2396 5499
7358 88
6112 4132
-7711 6504
4052 7151
-4688 7137
4064 7297
-715 4435
5965 7733
1010 133
-7784 3246
-3222 2287
-70 4676
-210 6741
-381 1761
186 1979
6825 3500
-1017 4787
-2670 4940
-6639 2882
-1858 5600
-6062 7253
-4136 7349
-1770 3110
-6967 826
1559 1729
-5428 7265
925 576
-3556 6851
-7358 7203
627 3579
-6595 7656
4757 609
-6325 7034
5715 2978
-3385 7177
4423 3318
-5709 7008
-1571 5452
2405 498
4199 364
-5682 4298
-5563 2555
-5741 1757
757 3233
-5613 3544
6797 4076
-181 4805
-6927 7893
-7054 7984
5121 4975
-5061 4889
2197 6731
5243 114
-4804 5262
-7064 7673
-1432 6510
3962 5362
4636 7833
-6305 3610
-110 1665
1724 1653
963 3219
-7258 6159
2556 4092
-2491 2281
-6566 1151
3011 2527
7583 2218
-538 3824
-2486 2196
-6607 3603
2461 1486
5973 4771
6633 2968
-2621 3406
2878 7928
-1324 7988
-1174 2073
-7772 1386
7975 3307
2439 7644
4872 3104
7946 720
3407 3828
-6175 7517
1378 150
6685 6047
1475 6451
570 5638
4841 3752
6001 6726
-1513 2697
-4095 5692
-2767 4100
-4413 5303
-6270 1879
-7219 7610
2789 1289
4013 6508
3138 6710
659 5110
7632 6474
3862 7527
6935 7933
-6648 6696
7885 3152
-7158 4352
1791 3028
-3129 2441
-6966 1895
-6565 4494
493 1977
-4501 2374
-1602 501
-7182 7268
-2672 4700
-4297 1047
7241 5598
1240 1561
-7282 5587
7839 4155
1114 3387
-4917 4257
-7271 4155
5841 6175
-7901 1691
5536 5832
1522 1896
1996 4204
-6946 3426
2810 4114
2983 4878
-2113 5373
-7911 6342
3227 1096
-5897 3210
3290 4899
-603 4483
-6661 3262
328 6592
-3787 3818
-575 4317
-7439 6091
5622 5715
1410 3856
4796 7451
3907 7442
-5456 3967
-7171 3183
-3983 7984
-42 3846
-1347 2853
1336 7329
2719 2917
-6641 3797
-5030 434
-6066 719
5470 1951
2079 1276
-279 5197
7771 4489
-6201 3526
3227 3779
-6352 1781
-5629 7645
3063 5890
-2212 559
-1523 3518
7782 4610
-2880 6266
-5820 2618
-7362 630
-5114 3176
-463 4461
2345 6485
-2922 5283
-5373 7808
-4417 720
3715 1278
3435 2075
-2563 1932
3763 639
1118 4432
-1289 2568
3257 2484
-7760 7339
-2063 3972
-4179 2803
7964 6412
-263 4445
3211 1893
6224 3654
1154 2053
6183 3846
-4405 7504
2493 5017
2196 4351
7168 1737
-1062 5638
-2981 99
7367 1122
-7882 95
2532 1849
-2168 6884
4689 4359
-3998 5170
-1288 4512
-6972 2133
7497 6393
5709 3449
-1408 4751
5259 6690
-421 4669
7450 445
7784 3347
-3150 7773
4366 2974
-6547 5469
-4212 7272
-1567 6627
197 3777
5974 4309
6560 2182
-271 7490
6188 1297
-6077 2357
1961 4332
-6173 6631
1608 6925
-4166 7968
5235 1271
3444 6428
-6394 2998
-4807 6488
-3361 5131
2828 3620
-2540 4601
4789 5783
7033 2405
5034 5387
6983 4702
-6409 3945
2662 5095
2179 5454
-1599 6832
-3157 801
1959 410
-1858 2814
-6871 6950
-4286 7454
1105 2255
-7823 7924
-4110 557
-1816 7711
-7441 1230
-6507 4190
3165 133
3367 1254
3423 3955
1275 5050
-4039 6650
950 6991
-6402 6971
-7934 626
-1202 1164
-709 1547
4761 6976
-5864 2983
1938 3237
5316 3983
2324 3034
453 3939
-2272 1855
6479 4580
6962 780
-1823 4891
-2266 3554
3760 832
-7017 1139
2331 5385
7611 3402
-2307 5453
-676 858
63 5119
6198 5201
-2474 1041
4511 1097
6646 1326
5297 2792
-7106 6411
-7098 5003
3942 3274
5514 1146
3116 7483
4324 3265
-7445 4430
-5610 539
-1792 3604
-386 350
-3772 5279
2250 3339
2206 50
-1502 2496
4997 4650
2681 2673
1041 3993
-7948 6201
-5764 6106
-7467 3353
-2585 4490
-334 6674
-2167 7077
-7052 5939
-7080 537
-7044 2840
-6698 1822
-2775 1673
6903 2474
-2670 5062
-800 3297
4940 4786
1929 1228
4099 800
-5807 4920
-1922 6747
-5397 1835
-3618 3500
-6119 3450
-4156 7045
-3296 2107
-1183 5936
1970 7387
-3564 7247
-2077 2006
3476 4924
-5339 3223
-3320 1447
-2194 6109
2976 6722
4905 321
5720 5319
6890 1014
7522 147
-7322 5740
7415 4120
7109 7184
78 3150
1854 2840
3926 1125
-3841 6693
-7809 5673
-1919 3103
-7717 2895
1670 5711
-323 2202
6534 4266
-5668 681
3521 3669
-386 6262
6278 119
-7857 6798
6298 5540
4366 3706
300 1820
966 4158
-7460 7997
1125 5225
-533 470
6344 6340
-2366 6047
-5591 2793
-1542 1923
-1593 5951
-165 6234
-6283 3820
7599 4051
5888 4703
5153 4287
7381 6640
3790 2037
6838 905
-6068 5177
-1537 2394
-3185 6694
-5705 4757
-2276 5713
309 992
-1636 7108
5906 4915
4446 1566
804 4493
-1399 3815
4614 6567
-3198 2191
-1892 975
-1835 5902
3873 2515
-680 3600
-60 6166
2817 7303
5369 7510
-3086 5087
-3619 2116
-3822 4982
-3466 1639
3666 824
-6991 3968
-2878 1279
-7084 7138
5878 4202
-6285 5950
401 6711
-6016 3194
-7532 3405
6165 4207
3457 1666
-5716 5678
2092 7772
2184 5935
-7648 6296
-1478 6888
-7015 6090
-4066 302
7974 6954
-6003 2519
2676 1664
5562 2186
-1000 2391
-6924 3139
2826 2534
2070 6977
6104 6438
70 4548
3431 2892
7953 5066
4279 5691
-448 5645
3929 7603
5197 6232
6492 745
6857 1484
-6283 1054
6216 1669
-5189 5430
5702 4501
4514 3780
-1870 3650
-3643 250
-4411 3314
1084 6436
-5007 5639
-3334 1557
2102 4270
3476 4551
647 2705
583 1846
-4078 5173
-1982 7368
-7058 4437
-5888 1494
-1332 3642
-2025 3041
2354 6203
1490 5785
3394 5884
-5266 7672
6736 3504
3373 2706
3177 6812
-7384 5632
-2356 425
-3596 3923
2922 4214
-1296 2763
-938 1500
930 2639
-6606 2608
1269 5284
7472 4423
-5913 3120
5005 7580
-2262 376
-2710 3042
6857 7822
-2706 1950
3920 2892
1458 5372
903 5912
-2468 688
-6030 6567
858 4257
-3498 6022
-6652 4655
896 3608
51 3854
-7219 7514
5586 6285
4568 2255
245 3848
-3532 3382
-5583 384
7690 4382
332 2302
-1694 874
3123 2927
-935 2344
1716 7894
6905 2982
4625 1726
482 4251
5978 6180
-341 1955
-6952 4888
7410 5896
-611 7276
5555 3591
1976 7500
-2517 6583
1099 2918
-351 7266
-3960 6725
4753 5892
2586 6040
-3477 1016
7495 5803
-7230 292
7986 3147
6041 7696
-5130 3887
5476 6662
-6612 530
-7598 3710
1007 6197
-6043 1439
-2774 2707
-3356 2349
2735 3604
-1471 1097
-1021 2738
582 197
-7780 7036
-6283 1477
3118 6954
7444 5432
7011 1781
2149 7072
926 4334
-588 6370
-5933 2921
3352 972
-7998 2246
-7372 7472
5683 7613
-4540 2813
-7145 5215
-6250 6206
4112 7089
-2895 3067
265 4316
4977 3596
-7266 564
1389 266
-1205 3305
-4977 3655
7802 7157
-5567 1857
7038 2107
4454 952
-7537 1252
-7842 2317
-694 6675
2551 3591
-2196 7467
4811 1084
-3038 2105
-7268 390
-5375 3652
521 300
2123 6091
-3138 3819
5551 7650
97 1637
203 298
3667 4098
577 2764
-2779 4328
-3972 4366
4484 5709
2972 2932
-5899 879
7994 7630
-6433 4611
-7942 3528
6184 5105
-6522 1271
7145 5065
6820 7335
-5245 7999
6598 2466
1198 4437
7975 7795
2869 3462
-5406 6139
-3290 831
3848 6142
7781 4945
-7877 5848
7925 2750
-1638 2120
-4520 7072
2561 1679
1139 4623
3894 6366
-4534 506
4525 5171
-7635 1401
-6883 4563
-7426 4618
1289 6909
1905 6269
-3719 4176
-1440 101
-4264 4980
-7120 6997
2543 4510
7678 2033
5157 200
-5055 7611
-5865 569
-6018 1172
6446 3736
-175 3715
296 4816
6467 6849
-2828 6345
-843 4328
2361 2048
2173 2525
5387 6928
-5025 4627
-3621 158
-2430 7879
-5937 4580
-2250 5219
2970 1846
6017 4148
-6601 6540
-2085 802
6579 1458
1990 2522
-4463 3164
5800 2426
-632 3115
3591 6474
6308 1138
2044 4422
411 1566
115 1416
843 934
-496 6530
-3888 4549
4335 2573
-6321 5871
-7112 1140
1832 2026
-5338 5382
-6260 4394
-1624 6468
-4592 4522
2553 412
7853 5592
-552 706
-3176 2568
2667 6233
-2006 3343
5817 2919
-6311 2040
-4459 4656
-2268 7212
6632 5389
-1163 2333
-5263 6475
345 4634
-3336 5228
2443 6834
1939 2774
-3712 7615
4654 7752
2037 5106
7385 7432
3613 5411
2151 2610
7665 4565
-2280 4012
-497 5328
-559 4756
-32 6329
4895 1748
-5193 6380
6135 4543
-5190 3570
-130 387
-2761 4748
6062 6843
-319 2683
-2805 6544
-2813 5356
4249 7749
-7574 6885
4924 4123
-3810 1403
4803 6706
-4275 6740
96 1908
-3822 2939
-4022 3101
-5833 2196
4866 2580
-4870 7324
-4452 4852
520 7341
3539 1250
-2699 5629
-7636 4155
6691 7622
-3404 2574
7919 5321
1724 2842
4524 6708
2058 5299
-5871 4521
1485 4052
3565 4882
-4535 1810
5660 781
1091 190
726 3956
6740 2650
4843 6986
-4962 670
-2021 6737
906 415
-5345 3973
3940 1736
5588 718
-7324 3029
-1501 4800
7303 3524
-772 5710
1116 7424
-253 5743
7973 2039
6193 6920
-3665 6154
-7713 1483
5557 5406
5880 6418
3342 97
-3740 5107
3073 6366
-6782 6006
-5522 4188
372 3732
7250 4619
1412 3267
6139 3241
6788 4517
6685 3086
-906 956
-1227 5838
-4547 6321
3032 2177
-2967 4910
-7192 1968
-7146 3575
771 999
7845 1085
-1444 7818
-5967 7283
-3816 3971
-501 6302
-7920 2668
5834 6077
4477 4119
3558 7905
1229 7574
1888 7231
2338 6021
751 4061
4797 2656
-4183 5751
-2954 7850
3284 5493
6633 191
-3495 507
-1925 2397
7387 6724
142 2059
-4127 6617
-1783 7063
6013 2951
6408 7452
-1794 3234
2975 7543
743 5998
2106 1044
4708 2035
2921 5039
-3818 4267
-5489 3829
5892 5444
-6931 7139
3443 3724
-4923 7393
-2575 3298
5556 7221
-2398 3394
-3548 7085
-5582 54
-1816 6670
5649 1540
-6798 5599
-247 7364
7016 4167
231 973
-4543 100
-4981 2438
-7458 4692
7988 7195
4257 3977
1436 5852
-2892 1527
-3082 6292
6473 7841
-1964 7286
-5711 5167
1796 7929
4658 532
-4935 4001
-6655 980
3963 4969
2726 2380
5911 3768
-1117 702
6989 6710
5941 3609
1352 5280
-924 7989
1416 2423
5414 352
1451 6099
-6243 7307
3832 6874
-6641 4221
7923 6137
5222 6815
-4786 4546
-6561 1518
703 1433
554 4708
2813 6889
1059 7560
537 6624
3871 6703
-4590 3206
7330 772
631 4673
-6984 2916
6865 4543
6374 4925
-5984 6646
-2202 972
-4979 1149
476 66
6900 6135
3310 5336
-1618 3311
5879 2787
-3823 5955
-1827 2725
-5428 5293
4176 3262
-1610 377
-6957 7574
7273 2909
404 4903
-6603 2794
-3848 1877
5235 3732
-7592 4770
6155 3383
1233 3909
7077 5945
-2140 7208
-2070 7815
1054 7772
-980 2053
3772 7139
-3794 1954
4247 4178
7512 3483
602 7412
-4750 2698
584 4566
-5901 4080
2202 6181
-7025 4051
-7699 771
-821 7705
3587 3529
4834 804
