500
1041 1550
-98 1013
-1446 731
391 1502
-747 473
-1570 623
1040 1214
1422 198
-1318 68
934 1241
-19 750
-367 1203
34 308
-1118 712
1320 218
295 623
-1036 1151
-1760 1791
-1153 1520
-1418 354
1435 1336
1189 123
-654 1664
1111 1425
-431 1578
-296 1540
-1521 1043
1340 716
1015 903
780 391
-1238 1461
1673 1324
-1183 171
1748 1771
-1590 306
-592 341
359 1733
-1514 1651
119 1760
326 840
1172 1568
-845 934
-1696 67
474 1495
-766 364
-1028 870
-907 1189
-214 853
-1558 430
-127 1662
1219 893
-873 427
-1376 1689
1600 208
-1462 1118
-830 1440
-768 1201
99 431
-112 1744
650 339
-1030 645
-862 1729
-546 1654
1204 988
-148 1230
1422 1757
-1539 1357
1008 1345
910 223
-1516 71
-1368 992
-230 438
-177 332
-563 931
645 1489
-972 1656
211 880
1784 392
-1279 249
1079 708
-1192 410
-896 724
1406 1257
-1622 543
1641 1570
-81 293
1545 488
-1666 705
-318 78
-1708 1646
-586 1552
1066 122
-238 280
1556 898
-19 1358
-579 1148
1664 1023
-750 690
1700 84
1657 487
-1160 875
-1283 1607
-120 754
95 1163
-1597 1156
-5 1710
737 518
597 237
-457 922
-1057 1488
147 1023
-1190 525
1313 1061
1069 387
-1237 1696
-1495 1547
1505 59
-688 55
-1798 1566
619 1136
-270 594
1247 1132
990 1718
-472 1793
-530 836
1149 1302
-724 1095
858 1647
1502 1463
-661 1248
365 1281
660 1768
1627 1490
95 725
492 1198
-1048 558
1624 309
-633 1354
1586 1228
-389 697
1749 888
574 1273
-1538 793
210 1075
740 785
1283 652
-120 1378
1531 644
-1042 227
1439 1586
788 641
-384 856
-1770 806
-864 802
-654 205
1272 1747
-175 541
-1408 878
933 545
-694 888
50 1597
661 1050
934 658
-1029 68
185 329
-1550 1440
24 1470
-1252 338
192 1247
917 1787
822 1137
1662 599
-813 228
-1747 197
-1740 464
-1640 1334
526 313
1509 1782
-196 666
-819 1553
1792 1138
359 999
772 1074
1446 399
-143 1554
-1238 1299
99 941
-522 408
-8 972
-1293 620
-739 1792
-140 1148
343 1196
-1534 953
-216 1299
447 570
-550 211
1157 1699
859 485
933 79
1791 778
-1100 1622
1539 1331
271 716
-554 110
-939 876
-794 568
1568 399
1291 409
1667 744
327 146
-899 526
402 51
590 876
1405 1011
613 1380
1341 1367
1337 1193
1343 1676
20 409
1725 1646
1412 1429
1705 1112
-224 177
1244 1354
-1060 1250
-294 929
27 1790
-1207 1190
-1221 667
452 801
-1482 544
-722 140
1061 1015
151 624
880 1353
-359 168
1388 86
810 255
-1662 1789
-961 175
381 762
-1179 991
1617 1758
1130 1085
-1747 1084
-1097 1023
571 584
161 805
-249 1085
-1247 811
1420 891
1490 1182
-1417 1448
-550 1010
-54 579
14 1148
-1158 1084
-746 773
-1108 943
-431 1148
1779 220
-549 665
889 1005
-423 510
-1577 1250
-656 447
217 474
1180 495
-1781 1302
1098 42
893 832
-1364 797
-304 1293
-1689 263
-956 1002
107 1302
-1182 1381
193 1728
-681 985
776 1625
-1471 1288
-245 1751
407 465
1732 1396
885 1508
1796 498
694 1221
-1635 1601
227 1405
912 354
-1280 1039
1412 518
714 240
766 1333
274 1773
-291 696
-277 1674
-1083 802
1287 1489
659 1568
-873 1316
-1040 1708
-389 1302
57 836
1695 256
-423 428
-1711 944
-719 1357
-701 1547
-1712 1477
-1089 397
-651 655
-925 254
-1548 193
-359 1756
848 171
-1338 710
420 147
691 595
292 915
-1399 146
1763 629
-805 1649
1195 308
1637 903
-659 1765
-1276 416
-1145 285
-352 1391
1597 1080
-4 668
-98 463
-1173 778
642 46
1121 630
-1743 553
404 910
989 1456
-1307 1118
1286 954
1059 557
1799 1440
-1290 1363
454 1351
1099 1799
-482 1326
682 676
-459 1450
649 507
290 1126
1090 1628
46 1046
1398 653
-1326 912
-468 206
-1572 709
309 435
-925 1452
575 1652
1505 1658
-13 485
-1444 643
442 1750
-1781 895
1342 834
-1339 1533
1473 796
361 1630
-1319 1442
-1594 1699
-910 1800
-1399 239
578 959
290 64
119 542
-918 347
1391 1122
-542 1381
-411 299
-139 941
-66 1276
1068 303
1598 1648
1261 754
776 1238
544 746
-379 1083
587 431
1138 926
-1060 314
-426 47
960 1051
1495 1101
1060 1131
773 1426
-1407 484
-1744 1194
1700 166
1370 426
-725 263
-33 1614
779 975
-902 1088
-644 1100
1751 1208
291 237
1377 315
-890 1634
-810 1124
-517 285
1240 54
-523 756
1604 91
-1480 278
536 1100
-780 48
293 1472
978 301
1188 715
787 60
-1042 1348
1144 1214
-926 636
-1632 1419
-706 570
579 1543
514 193
-951 43
-1110 1787
-1611 878
-1778 314
-1156 1276
-1700 375
-877 121
-259 1403
-636 802
396 277
1297 518
1675 373
506 873
-1798 1430
489 1612
-787 859
286 1042
-30 865
-1798 50
-1123 624
707 116
-1326 1247
-610 557
444 691
305 355
-427 1690
-469 1024
301 538
546 1754
795 888
-1023 1793
442 1047
-1408 1188
-1294 1765
803 1544
848 568
-1131 80
366 586
268 1556
-1646 1025
-333 276
-1127 1168
-230 1003
-1328 502
-116 1460
565 70
-332 404
-1796 1661
-940 1270
-1411 1363
-447 796
816 728
-690 1445
-1414 1585
132 1612
-1472 1777
424 1144
1790 1535
-991 493
-686 343
-1782 710
-289 800
272 1293
18 1261
1573 989
689 1676
-1344 314
971 1619
997 754
-319 1015
-531 586
1483 316
