5000
-2629 7127
2 5175
-5262 5940
-2082 2763
1853 2306
371 2283
2656 3339
6504 6037
7520 168
-7398 7428
-3057 4278
4223 624
-398 2230
-4064 4672
-527 1196
-2640 6803
-4966 5073
2941 4406
-7737 5156
6727 3058
3130 7534
-4072 5253
-1845 6577
4974 2126
5858 203
5573 2411
-3487 742
7520 7798
405 4688
4347 2327
7670 1118
-4157 6957
-6615 1871
4687 2528
7523 3045
-5219 3925
1179 5533
5397 2375
7815 552
-3513 4696
7587 7301
-1454 4012
-7244 1373
-7427 6822
1816 219
-3259 4910
2693 7660
-4147 1236
3018 7123
-1179 7537
-6068 6606
995 129
-3656 5855
-6113 7312
-2918 4116
-7766 2186
-5964 470
7455 1189
-1068 254
7226 6066
-7522 5661
-6941 5187
-4762 3531
-2357 2184
-7930 7090
3863 6015
3865 7955
-2115 6419
-3205 2142
-969 1975
-6908 5961
5435 7206
-2659 7533
-5149 6362
-2034 2075
-1126 2257
-3700 7046
-230 2683
4514 4647
-5057 4571
7122 6851
3662 3243
-3270 2848
2651 2882
-7573 3883
1659 6329
3007 5958
4734 7449
6293 3989
3383 7289
-6517 1003
-2622 3353
1983 3124
6600 4362
-2364 7002
-6077 1674
-6281 3143
-3477 3878
-1309 2166
5763 3565
-7707 4865
524 1454
1221 3519
4051 5384
-4159 1007
2874 1277
5882 1804
5678 1273
1024 731
4281 4104
238 6328
-5234 387
-1614 6325
4563 4103
-6236 6695
4937 2979
2065 2088
5781 1524
3800 5925
-5783 7476
-7526 2909
-1881 1999
4702 3271
-1098 6928
-7118 4809
6841 3690
6822 7632
4808 6079
-1177 2778
-4401 7640
-5717 821
-1838 2733
636 5139
-3781 1401
-7195 7783
1520 7011
7381 7115
5791 5690
3116 2527
-443 5610
-4720 1586
-7049 900
-365 5658
7386 5332
-566 2445
-4943 3380
7803 5190
-3781 2151
7777 7270
-7784 7176
-4745 4567
-7310 5333
-7673 7311
-5360 7176
-1919 5475
-420 7993
5192 7654
-6148 5596
-5791 4694
3777 5531
7414 7431
-1173 4936
585 2321
6468 4027
393 7716
2560 6941
-782 5619
-3602 6578
-1901 202
-4966 4746
6629 3804
-3480 82
5018 6860
-6033 6407
-3449 537
-1680 4123
279 6966
-6079 2458
4504 3361
-122 6764
-2245 3577
6269 7227
2378 5106
-3979 6877
-2330 7993
-5658 1199
7325 4386
2674 930
2488 2413
-3619 7865
1904 1548
-3980 2611
1508 3702
2982 3329
4841 2206
-3206 3789
-4828 7267
-4356 2287
-1317 3676
-1065 1873
6159 5858
1575 3137
122 760
-4464 1730
-1224 2323
7492 7526
1166 531
3685 6526
-4931 2598
3874 2163
-298 1771
-135 2826
3993 1221
5155 3659
5022 6137
-7403 5082
-6026 101
-5853 1867
-1480 683
-5210 4595
-2298 6571
-3100 174
3990 2901
-7774 4615
-698 7585
599 3839
-6906 6558
-7437 6979
1188 7828
-3677 1017
6464 2000
739 5803
-6863 1565
5870 1907
-6692 2838
3669 5097
-844 3989
4146 7198
2469 5278
6192 273
-7335 2702
-2803 7957
3058 6565
6600 5294
3245 2373
3404 63
3281 6361
2493 2168
-2241 1924
7292 5725
2057 7832
-4728 79
-2736 5853
6229 4351
-585 2354
711 4702
218 1375
-4243 1426
728 6235
7074 297
1506 5401
380 5974
4823 4013
2096 3515
-4277 7969
1540 2273
4253 185
475 5235
650 573
7714 725
6989 3296
3963 803
-374 7080
-3512 4581
-2531 3637
-3256 3318
7310 449
554 4191
3798 3228
7630 6487
-6207 7527
-5582 2297
5914 1354
-2877 7701
-582 7656
-6483 1603
-4275 3967
-3703 6517
-948 5669
-5327 6113
-7589 2988
3856 6327
-3694 6164
3035 1360
2022 636
2853 6945
6190 6111
3598 613
-6915 4852
-5381 2056
-2831 2421
-5605 1888
-4123 4405
7001 3690
3229 4184
-5125 7773
-3108 6767
-738 3132
-7542 7704
855 2638
4954 2760
-115 2251
-5742 7146
3189 6210
-7028 2426
-2465 1976
7066 7496
2716 7989
1962 72
-5242 4231
802 2757
2985 5140
5880 2441
-6466 2155
-5772 1500
-5226 5573
-6865 4679
5198 1242
-1434 7057
7462 3280
5201 6485
-5110 3562
-4000 2227
2468 6781
-6217 4092
-5200 2206
-6840 6702
7322 7358
-4326 7578
-5824 1963
-2183 3160
-2884 3143
2470 4349
4845 2969
-3772 4108
1296 6898
-6315 892
5156 4729
2340 2641
-3853 3261
-2345 3373
3130 3388
-3846 6731
4828 7751
214 4040
3879 4692
-4495 4453
-7332 6331
-6732 3462
348 1050
3487 7057
-172 5187
-4094 5474
2061 1258
-3677 3063
1336 1382
-4043 6623
7561 6886
-7524 6366
4052 3519
-2580 6412
-1648 4307
-755 877
-2403 7441
6978 4742
-848 5453
-1598 3684
3525 2260
2550 5387
5545 6658
4894 813
2630 6772
5630 3696
-2298 341
4185 965
-2554 4725
-1297 4502
-3624 3486
-6322 7475
5484 1670
-6862 5260
-7531 2386
7177 6142
4175 4805
-5426 3208
7527 7394
-2916 3643
-1951 6512
-7786 4107
532 6714
-6490 4456
-1897 3335
-3161 4830
-3887 7808
-4863 3161
3377 2354
5254 6244
-4462 7421
1981 6179
-5180 4021
-4679 5537
-3185 5795
-7658 3193
-4835 775
-1341 5449
6915 6318
1034 3502
-3939 1643
2351 4811
-6757 1046
2227 7830
-2677 2454
1619 1253
1525 2114
3450 4254
-3603 5304
-6625 3084
-357 4538
-1831 2322
2551 4827
-5802 6865
-4147 3473
-4492 2709
7943 454
1090 2475
209 1860
-239 4569
-7286 7857
-1013 5160
-4004 5329
-5894 634
4723 4842
3707 5697
-1446 7775
1555 1878
-7721 3560
4349 3852
-1157 6571
1308 1055
-4944 5791
-1391 6398
-4520 5715
-3866 4407
7272 2024
6350 6212
6990 4033
-3746 2293
2805 1071
-7107 4047
1325 7785
7239 5037
1391 1194
-686 5459
-6592 6448
2867 7773
7749 7521
-5194 5449
6223 1092
7272 1100
-5164 1594
-5774 2168
1753 3925
-3932 2701
7978 3507
3333 2631
-5039 7702
-6454 5893
3587 1020
-5054 1739
2471 5926
-3692 1322
1181 5194
4242 4487
-5873 2027
-4967 197
3570 5635
6340 5152
-141 1497
686 6967
-4930 6176
-788 2518
2795 1415
-2825 4262
-6989 7254
-1231 6906
3947 2691
7568 5769
-5444 4125
6704 3388
2987 364
-2168 1889
-5107 3222
-3390 6160
-1981 6069
-4247 6642
-7525 4902
-2968 5436
-3944 7570
4442 4433
7647 3712
-2483 5303
823 4142
-4844 2646
6824 7137
-6852 7728
-2146 3404
-6173 3332
-2333 4646
-7992 148
-1153 1287
-1641 5052
-3488 6424
-4875 5985
-4084 7008
-2234 1190
-1530 7971
-3097 7064
5628 6485
7483 2090
-5382 616
4417 6063
5777 6715
6525 1505
2204 7357
953 517
7922 737
6947 5553
-5555 5170
6622 6770
6611 605
6941 7401
-978 1332
-1117 985
-6989 3470
6534 6395
-7274 4746
255 2829
-3180 1573
4124 2563
6693 1100
4029 257
-7939 3097
728 1277
-3435 7251
4183 1525
-2179 493
-7196 3315
4092 6243
-7079 6765
6545 433
-4158 664
-7577 7448
-7913 4874
5972 3262
-1309 3418
-4644 7272
873 6201
-5160 546
9 7473
-222 2787
-33 7175
-3664 2125
1830 5851
5142 3001
-3391 7682
-5926 5621
4964 7542
-2324 3527
-211 4964
-762 5989
4001 7345
1468 1335
-2217 4929
-2551 2251
7305 6889
7907 7121
1125 6646
4438 5224
1532 166
-1693 6867
5920 7296
6664 6876
-1176 3936
-2194 4735
-2460 5207
-1930 4804
7713 4165
7579 2955
-1383 1559
5744 1203
48 5079
-7342 4449
-6087 5351
-1715 3540
5141 4967
-7995 888
45 2339
6067 5033
-4147 1353
402 1141
-5280 3204
-4230 4889
6193 1503
-5306 1692
-29 6509
916 908
-388 2956
5576 487
7827 3201
6917 5436
-4256 7637
6992 1602
1579 43
7621 355
7619 5601
-81 2027
3765 3892
7304 5963
-4955 5966
-3782 705
3649 4346
-6428 1511
3133 1257
-7152 3627
7317 4835
5429 6046
3994 4588
2449 3891
7943 5663
7536 6202
-3602 3606
4017 4044
-6846 1391
-1525 2511
449 2953
-6779 2346
-1443 5923
-6866 7527
4192 2738
-4010 7877
6105 6834
243 5478
3608 259
6322 6883
7330 2128
7331 6520
3071 6350
-4673 6956
6697 945
-3541 2487
-3020 879
-6315 3417
6164 4255
7794 4256
1352 2239
5388 2602
-2822 5539
-1165 5667
1976 7410
-5943 368
1134 413
1014 1878
-4126 3027
-7726 5643
6330 6653
500 1731
-216 2972
4785 3261
-5531 3099
-6298 7311
1220 244
4224 7766
2295 6926
-4253 2977
-5543 5007
-6141 2371
426 4928
-67 2727
3601 3027
6427 6008
2208 1694
6008 7959
-2581 6651
3228 7898
-3842 4599
5352 2282
7473 6672
2479 2828
-3654 6353
-4899 3032
6071 6611
-456 7810
1797 5176
544 6805
-7645 6417
11 5826
7556 4663
-5872 1648
-4670 545
6524 3654
-2383 5365
-6654 3917
1533 434
-1582 1457
-2849 258
2178 2554
5667 1724
-4808 5519
7070 7948
3037 1270
-4278 318
1115 7545
-3634 4427
-1967 7820
-7418 5852
229 6178
1303 6287
-1492 5376
-7840 387
-5633 4407
-68 2142
255 1049
6164 4444
-7478 2580
3871 3621
5659 5468
1296 5809
-5206 2429
-557 4997
-1746 937
1985 3529
-4689 3935
-4591 3057
2738 2882
-1193 7805
-4769 1717
-966 1571
1416 5925
5308 6057
-2425 52
-2997 3000
5199 6636
-6704 7280
3719 2585
-3570 6478
5213 4064
-4444 2004
-5830 4996
-5346 7355
-5832 868
1287 4664
-7633 2852
-1784 390
2392 6912
4272 2794
264 3435
-7283 335
-2520 7668
-1366 3296
-3648 7595
-742 3222
4800 1419
1945 7106
-2966 5139
-4937 2109
3064 6781
-1055 2586
1100 3221
-2333 2367
-7258 6475
4768 5376
-3135 4599
3506 5243
-3273 7823
-6778 4512
5008 7150
7539 7034
6706 1496
5064 307
3604 5970
5865 5414
-3676 6683
-4253 3656
-7163 4189
3406 7586
3221 1904
3201 835
5512 5146
7257 3234
-6884 4442
6724 5595
-5872 1555
3671 2468
-3736 6286
4331 6941
-1026 4407
7528 7239
6698 4116
16 6968
5579 235
2836 7548
753 3241
-2634 985
-4988 3830
-5271 4886
-6569 2527
-5787 6552
1345 3797
2544 2728
-4114 6879
-7510 2486
-6520 5199
-7843 2812
1694 7898
1054 7899
7587 5444
-6514 7736
4422 1035
2426 7256
807 130
-5748 7266
5484 5760
-4501 6368
44 1908
-3119 5249
2149 5458
6063 3411
7593 3400
4731 2446
3678 2689
-7380 5505
7286 980
-6981 4640
-770 157
2760 5498
3857 5506
2017 1906
-6972 3913
-4622 93
-178 7840
3081 3083
2095 7247
4264 5410
4764 3896
-5533 6766
1369 7986
3268 3022
6324 2301
-1736 5168
1588 3445
6918 5122
-6496 3270
3472 878
-6152 4678
-1624 5743
5756 4388
-7311 6223
6458 1421
4896 4402
4540 6315
-7639 5992
-1095 5724
-5054 7293
-7050 3106
4006 6844
7800 6734
5915 2961
3650 882
-6630 2410
303 1807
-3929 470
7300 3482
-1808 3978
933 4764
-2267 6745
3132 1577
-7103 4662
7092 6272
-2212 933
-4037 5623
-7820 1432
97 3715
-6949 6185
-7021 1648
-2680 1443
3352 3520
-2981 1886
-6403 2228
2409 917
7279 7033
6288 4584
-381 3684
-5836 3581
6198 4175
5710 5250
-1040 5940
-4082 5724
7032 6892
-5705 3090
4261 2188
5768 95
-3840 1502
730 5344
946 1393
-5876 2995
4554 2489
5755 4083
1581 4377
4798 5612
1856 794
-5442 2738
-514 225
-6636 2714
-1933 2311
-301 3861
-4397 5458
5866 917
7212 7084
6949 6797
904 4265
5751 812
-1573 5522
-7584 6547
-2707 7367
-1566 459
5535 4614
7119 5278
1653 5539
-1734 1918
-7282 4105
-7898 3861
-7389 1877
3928 2377
4951 756
-2267 5342
3988 6724
-6235 2800
-1419 2081
3576 1817
-2276 4479
-3476 3690
6109 3706
-3207 3468
-2064 2597
-2090 671
-5250 7306
7119 2362
-6240 2623
7335 6402
3378 4212
1324 3107
3467 5405
-5790 2763
5844 2054
1032 2804
-4755 2366
5075 905
-7100 7822
1930 236
7426 6773
1143 3966
-6799 3157
5690 7257
5003 5218
656 3093
2307 5332
7686 5049
6068 7642
-6486 6408
2202 3796
-2353 901
839 7854
-7529 1869
-7408 7089
2956 7255
4947 4335
-4774 1314
-7845 1201
-4241 7793
-5661 4113
-1455 6324
-2121 3291
-3420 4109
-1628 3390
-5341 6010
1034 57
2565 3080
-4707 7148
1846 2103
857 1492
-5277 2171
-6984 5689
1218 6851
2617 294
6697 7937
-6155 6635
-5020 491
-7895 3953
512 339
-1252 2469
7398 5173
-7619 2706
1098 5132
-4862 1810
-2389 6400
-5646 5448
1871 2732
2699 6254
-3944 4388
7644 4904
-462 4581
5214 4196
187 3758
-4096 5915
1922 2064
-2435 5056
5481 440
7202 5764
2338 4025
369 6185
7265 309
1779 5380
7897 4330
-6949 2155
-7332 1323
-1500 6526
-4716 310
-4905 2920
-3416 1342
-913 6003
-6994 3007
-7086 6198
-4156 3965
2091 6760
-4983 7811
5264 5820
-5244 1130
-7371 1715
-5451 6120
6660 7603
7411 1489
943 5345
-725 4879
-7665 2543
722 1944
-7222 7658
-4518 3262
4692 3171
-1229 3139
-7199 6742
-6754 6170
959 6526
-5169 7164
2499 5702
375 3804
-5521 7694
6866 4226
3630 4860
7476 6380
3219 6974
-2477 3470
-937 4368
-2830 1721
-1334 4343
-1118 902
-1753 1024
-682 2379
2826 5775
1958 2956
5503 6767
5118 512
-1201 6059
-171 3197
2645 539
6847 340
-2309 7723
4307 6460
3448 467
2626 60
-5069 1092
-3875 3422
5993 4268
-6142 5819
-1617 7190
-4934 6291
4512 6004
1838 4144
-6791 129
-2155 3775
589 5847
-7910 129
-1310 5929
-7843 502
-5903 3759
-7127 6406
3935 1052
4630 3459
6236 3795
3907 932
5449 2515
7995 3316
-1328 4776
3098 2948
2638 5261
5590 6337
-2418 7888
2322 3870
2773 3603
3828 6808
-5210 3723
-510 7258
-2471 6815
-4819 7353
3037 2558
7492 5987
3113 5499
-6509 5615
-2435 3255
4699 4635
-7350 4338
7142 1722
857 1401
-3209 5536
-814 7410
2793 6136
1725 6606
709 5920
-3735 3781
-3728 3877
128 1621
-5823 3235
-5313 6205
5788 7490
-6605 1194
-1376 2385
-3996 4533
6538 2963
-6543 7128
-1503 1711
-3658 1432
-1379 6198
-3169 330
2930 1136
2274 5502
7407 7787
2444 4690
77 2640
3835 7340
-5563 3646
2316 7490
-4477 7284
4095 2062
-7150 4270
-1854 1137
-3265 7614
6315 7753
-7647 2931
-4924 7045
-3578 2946
-1003 7220
4032 6354
-1990 5332
3510 7939
-5428 7018
-3664 3159
5640 2510
7534 3244
3241 3114
4354 1794
4075 3107
2152 2082
-810 5741
-3423 5217
-201 3802
-2138 6217
5403 3446
2725 4448
6485 4258
1842 681
-5696 3658
5473 4171
-3784 3489
-476 1492
-522 5086
-7977 5498
1074 4109
3865 1427
-59 4988
3963 4272
5061 5685
5346 6244
-6710 3997
4619 523
-6 4676
3634 6738
-3731 796
-1286 5758
-5224 6021
-7931 2971
-6687 7485
-49 7535
-5133 3828
-6349 7805
1638 6523
4171 175
1860 2847
-5814 5654
-3938 5050
6122 2649
-2967 7821
-6178 3621
-908 1839
-1623 6670
-3435 1796
514 975
3383 5366
5764 5465
-517 848
6952 6100
5317 1551
3160 4262
-3558 2277
-2570 6156
3097 5038
-807 1105
-4397 4934
6967 6569
2895 7430
3644 499
5275 7320
-879 2896
-259 3666
-57 435
1490 4867
-4652 5038
4415 1145
-203 6967
4362 7984
-1584 5192
-1720 1683
-6428 2941
-212 1304
1826 1799
909 5813
2546 7688
3968 4681
1407 974
6418 4978
6264 2370
764 895
6294 2868
7977 6103
5261 963
6151 1616
-1005 7433
-1169 3233
-1257 6382
7349 6728
4217 6005
5208 7100
-22 6372
7775 1678
2505 5566
-3243 2477
-7726 3977
-583 4906
6511 5186
-1310 3131
156 3900
5410 501
-7381 675
4220 432
5509 6053
-4032 1049
1585 1120
-571 5600
1938 5026
-7104 6619
280 1296
955 6878
-5079 6588
-5817 993
7890 5461
-7858 2324
2358 2295
-3134 7381
113 5895
-2775 2339
-7047 6685
1969 3319
1845 5977
-6610 6974
-2587 2805
-480 3995
1702 1819
-6171 319
6810 2413
-6202 7265
-5616 3707
853 3689
6570 1033
5132 6825
-7812 1569
2121 5302
4196 6789
-4941 1018
1769 2606
2959 4268
-2135 3090
2268 3394
-1167 3355
5865 2355
-1506 7643
3273 5419
637 1159
2972 453
6430 65
7449 7702
1266 1432
-5195 6607
3770 4909
-1204 3541
-2449 3860
-4316 7758
5669 101
2125 4162
-1873 3217
527 6282
1788 5688
2659 4005
-7371 5608
2436 6395
1644 6680
-3945 5809
6210 6546
-1097 5465
6786 6250
-2186 2147
588 6448
-7550 5291
-4263 1971
4342 7518
-6361 6729
-4528 3939
-5665 7362
2841 4000
4206 6532
6031 745
-1661 5245
-3485 7137
-6783 3615
7985 6261
3655 5296
-7586 5000
-4238 5479
470 3384
2403 5574
1667 5293
6442 6483
6753 7336
2874 2870
-1368 2542
3739 1010
-5665 7561
-2161 2603
-5153 2882
-5983 5299
-687 1338
4848 1780
-1837 6058
2607 1368
801 3852
-697 1877
-832 6780
-4068 1138
4717 4140
3088 4319
7038 4965
-4195 4211
1103 2245
-1086 413
-6231 493
-6097 2230
-4272 4140
-3012 3546
-4507 7533
1191 4102
-703 2291
1870 1474
-1278 710
-3909 2255
-3640 4020
-3272 7191
812 2489
4702 6389
-6504 3118
2568 5148
-1349 6866
-5565 5336
2702 6933
-2841 2575
4913 1045
-1837 1558
7961 2855
-5106 1973
-7433 4173
-2339 5225
6199 3642
3931 657
3617 1154
-7624 6753
5663 7688
-1546 5836
7729 3014
-5927 4488
4183 3734
3248 4376
2619 2577
-875 3275
-6771 4799
-2878 549
7650 5903
5548 1376
3419 2957
3417 7725
96 6477
-2774 535
3714 1349
2452 3275
-1369 1925
-7742 6366
-7703 6628
7946 1879
311 3091
3786 7510
-3162 4003
-4532 1833
-630 76
464 7006
3047 2456
-3543 6900
46 336
2466 2622
-1919 4120
-5612 3856
-2706 1129
-5348 1471
-4840 1393
-1507 7531
-5107 950
-2058 4105
5954 7762
5341 887
5155 2612
1111 7297
7150 5564
-3094 7592
7314 2616
3418 5655
-1316 971
-7849 5522
-5388 2854
-5241 6421
-6673 6886
6463 3278
-471 1651
-5037 2121
2253 1599
3980 7169
-7153 1520
-2008 4312
-4365 989
2524 6857
4853 6247
3189 6502
-7699 3421
-5449 2142
-5835 4326
638 7876
4058 5837
7668 2063
467 145
2265 389
-7615 4081
-1161 2436
-3639 2892
-7234 3753
-316 1169
-1037 6406
-3816 7188
5317 7876
-5602 2569
-1481 800
6898 5990
6237 1840
3350 2000
-7219 3102
4210 5092
7739 4793
-624 4458
570 7017
3127 215
4022 5548
-6792 461
5748 2801
3800 7667
3902 6181
-7340 3901
-183 5448
-7505 4788
6960 6980
4734 5290
3277 1094
-7630 50
7101 3292
7325 3390
-6663 7200
3069 3169
-3180 5339
-2934 1814
-7027 387
2360 1829
-4589 1762
-3372 4660
857 7759
4988 4255
7251 7908
-7389 3228
1754 7297
7078 6535
6884 4979
-3612 2525
5671 5773
-188 7944
6264 6322
-3385 5604
-7134 2221
-7377 7314
-2911 4705
3583 7287
7777 3553
7914 7978
-7620 7237
-3366 3985
7264 4090
1784 7910
-415 7609
3762 7792
2063 4035
-3012 4151
-6117 7046
-6448 7914
1733 2348
-672 553
7607 672
-1789 3118
6526 785
7587 4066
2810 4843
456 6586
5907 4531
5126 3456
1114 1479
3459 6235
1644 6141
-7688 7662
-1914 2966
-2379 3635
6305 4446
-3524 1752
295 2047
3271 5774
-5285 5373
4759 732
5601 3586
-6118 2946
-7505 2791
3939 7999
-5595 149
3441 4659
-7216 1711
-6238 2481
-3487 2129
-1284 3268
-5403 5150
-4927 6699
5864 304
6899 5743
7981 3654
3605 3612
-4838 487
-2122 1088
-5979 3966
-6224 1768
-5219 1813
5736 6318
3582 6852
-5368 729
564 259
-1613 2062
-4985 750
-5640 3549
4066 3324
-1287 4965
5193 5480
-5788 5078
-7278 1607
-2604 4158
1743 2873
4653 5952
-6468 4013
5290 219
-676 6123
-4111 4323
7521 499
-4015 4909
-3516 7517
-3290 3238
7300 669
2560 3655
-1761 5759
-4389 3598
-1944 2654
5321 3650
-6621 6654
-1868 6481
-3074 1059
-4194 374
-7579 7856
-4364 4787
-461 4223
-5485 518
-807 443
7057 4719
5979 1953
-6880 124
3939 5733
-4270 6509
4953 3171
-4463 2299
2196 7724
3527 3532
7741 6387
-6457 1419
1765 89
4576 1851
-7193 5477
-5620 3178
-4964 4959
-7675 4250
3974 4355
4203 4185
-6899 5695
3977 2463
4869 6354
6355 5639
6697 1249
-1641 201
-5345 2948
1530 7200
-7484 693
1407 6091
5516 3261
-5376 3563
-7788 6861
6463 3420
-5344 4816
-5401 3975
1150 6779
6505 5021
-6360 1783
-5469 7282
5099 6115
-7371 3012
6150 7419
-486 2572
-2860 3461
6577 848
-397 3475
-307 3974
6023 7361
1444 4791
6810 2916
4183 6890
7578 5104
-2867 2686
-1921 5103
-511 321
93 4725
6664 5401
1945 2353
1710 2020
-415 7738
-3783 2839
7443 2838
5411 5929
2445 478
5856 482
-5585 7083
4538 2963
747 7478
3791 4213
609 3974
7014 892
-3505 295
2749 2645
5846 630
63 3611
5131 3180
3607 348
-3996 1726
-4389 2609
-1679 5844
-648 6544
-5115 5354
5982 2331
543 4687
3376 754
-7932 1672
-2924 194
-5889 4155
4572 3133
7668 2229
-5456 7997
5392 4314
-1947 1507
-4872 3870
-837 7619
7103 1401
6313 5347
1858 4454
95 7493
1732 6164
7854 1268
4418 7833
294 2380
4388 1926
7718 7930
-2373 770
7819 2556
-5711 4950
2580 4435
7520 3738
883 7560
6263 5274
-2195 6010
-3659 5455
3926 77
1379 5015
-3470 1455
6329 4950
6106 5586
-2705 6331
-97 4278
5249 7543
2443 6530
-1436 4307
-4457 1144
5796 5857
-5131 4535
-2676 1742
-2224 565
1784 1517
1445 2528
-4052 6431
-894 4828
-5571 6071
5786 4886
-1854 2532
-4488 2457
-4135 2178
-5929 7532
-3433 3453
-1483 4218
4300 1519
-6072 7635
7016 1248
5442 3200
-2954 2358
-3086 7987
4691 3091
3644 7960
-5523 6419
2905 3275
2708 843
5750 6972
-92 3396
3660 5582
4354 2960
-4958 1464
-2521 3013
4644 7633
-2564 5698
-3758 5123
-813 6275
-4864 872
5699 6866
-5410 4719
-563 2047
-6407 1230
2434 3973
-5610 1135
7088 6698
-5628 4856
-5385 917
-3716 648
-1422 129
-2496 1228
1810 7218
-6306 7143
-6498 1696
6917 114
-3743 5782
-7913 4705
-784 313
1818 6519
-2131 4609
6782 3128
5745 2512
7960 2047
859 3511
-5908 6374
6811 6494
7211 175
5981 1559
3905 5119
2480 7833
-2949 2163
3247 2235
-3795 1585
3560 3170
6330 6003
-7619 6292
-7862 6602
2469 624
5077 1400
-208 1064
7122 1312
2763 7842
2548 7394
1720 5474
7117 6400
1501 5654
-4504 6083
7350 2298
-4979 7374
3438 301
7385 2032
-3218 4119
2281 515
340 4233
-1012 1659
-6183 7695
5944 1458
-5562 7348
6533 3508
5252 4876
2709 5746
-4674 993
-1634 1159
-4202 7104
7415 7958
-7738 3185
5860 3973
582 2105
-3816 5700
3911 3013
-6480 817
2238 2723
-5429 4212
-7710 1506
-2189 7923
-1212 1625
-4031 1540
-5360 1334
-5083 1533
3597 2535
-458 3181
-2468 2175
1947 6311
4731 4453
-7983 1292
-3315 4485
3003 3714
4933 3722
-6345 6017
5105 5857
-318 3531
-4811 2905
-4918 368
2256 5620
622 480
-3048 2074
-6573 3482
495 7504
1685 7414
2970 2977
3965 1521
-3337 3104
-7268 1491
597 1285
2254 4478
-3 3276
-2939 1084
7231 6932
6000 2757
5402 7439
-3263 611
-5873 2698
1603 7105
-3731 3332
2872 2950
5282 643
3452 2655
-1209 3037
6693 4236
4649 1024
-300 5847
-3776 6612
3691 4740
-5666 6501
-381 93
-5086 5810
1993 5451
4667 6501
3128 1394
5060 6626
6488 680
3340 3189
876 2134
2973 996
2382 3443
-4641 4387
1912 7345
-4594 3623
7473 2266
-4474 4531
7279 4951
-6937 3554
-3461 4287
-6742 2690
7403 413
3653 3724
-4713 5955
-3794 3204
-308 959
6369 7668
335 889
-842 5146
-2669 5469
-1928 3626
358 7995
-6779 1320
-7464 7335
-4714 2209
1595 6392
-2861 657
-4611 5134
-2281 1011
6056 5977
2833 4552
-6306 1253
4794 5186
6991 5183
3376 5019
-984 633
-1607 7677
6233 5517
1936 7900
6506 4812
-98 515
4330 6174
-6466 5011
-2642 2608
3051 1700
-679 5085
4787 3773
-6377 2563
137 4841
5942 997
3451 4549
6870 1464
-4668 2373
-2317 3763
7116 3517
-812 7854
-7180 5966
4920 1359
6922 914
4441 5714
7881 3329
1010 7345
4090 7863
-3447 947
2090 2771
7433 4447
-6459 93
4412 3783
-3306 3582
6464 6117
1752 974
-7054 2921
3115 3658
5151 7336
-7955 3529
5377 7618
-4004 6213
1570 4030
-5619 4317
-6132 7224
-5618 2960
-4330 5605
-7929 5666
5838 7335
-1930 5894
-4102 5363
-963 4073
-4551 1026
-2080 441
-7270 3471
2558 6135
-5754 2591
-3065 2845
3337 2723
-1202 4587
-5945 6250
3851 1665
5088 7746
-2680 4766
6740 7734
-2968 6991
-3277 2392
6742 4422
-2101 5966
354 5111
5396 6499
850 4021
7100 639
1877 5338
4918 4567
-4693 1243
4721 4318
4398 4242
-6422 7577
-6910 5454
-5303 6353
4317 3200
5683 3930
-4839 7648
1825 3046
5814 3174
-4590 2112
-7162 7456
-6661 5386
-4835 4528
-1024 4275
7240 3629
7333 7461
-6722 3714
5340 5100
-4526 5902
2107 1386
1585 4717
-6254 6460
-5531 230
-3199 6653
812 3361
1346 473
-6911 3999
-170 3726
5326 7795
-2401 688
-1181 7652
-2360 402
-7729 1835
5337 1456
720 1066
5299 3027
2733 491
-3069 6141
3934 4051
-1809 7485
4620 2808
6275 7436
1123 6992
1998 4117
6042 469
-6001 932
245 2535
7334 7833
-1362 5998
-7422 1055
6583 1590
-6948 1540
7509 5887
6416 780
713 4159
-7932 573
-7939 6066
-2839 4350
-1479 886
6878 4691
18 1000
-200 471
5673 2279
-7121 5728
-1715 5959
-7087 4889
7995 1786
5495 7523
-6618 742
-7805 6202
716 1395
-4821 1212
-7500 4668
-5002 4361
6301 3202
1307 2909
-7299 1178
5181 1105
-1389 1692
-2713 1533
1376 3648
-174 4777
1330 3275
-6174 2208
-1403 2703
6464 238
-938 1243
7155 1033
-7871 998
-1237 6224
3116 6935
-7442 6591
3983 411
2272 5164
2300 832
-835 2738
1984 2147
-1788 271
5827 5282
602 5030
5360 4643
-3939 3480
88 7269
-3933 5594
5351 2905
3830 1086
-3927 7453
-4345 4331
-6466 4311
-5484 4315
5015 5509
-2940 748
-4198 4515
4542 3988
6512 5369
3232 5580
3019 863
2584 2239
425 2721
3071 5657
5296 5655
-1069 7488
-6601 7851
7168 2444
5961 453
4010 2557
4501 7667
4927 7010
-2665 4092
777 5705
-3738 7929
-5125 710
-192 4658
-5303 7628
7160 4248
-1821 2895
-1769 6297
1371 78
3669 7421
6280 327
-4189 5109
4408 814
1058 315
-5238 976
3467 2131
1127 6150
7448 3174
-6465 3433
-4150 7217
688 3466
546 4100
3039 2275
-7914 2036
6152 3130
4651 3956
7968 6460
-500 5224
1271 1676
1027 4192
-3310 5552
879 4424
-4857 3394
-6874 2576
-819 4781
1076 6440
-4968 7949
4549 4812
2506 6302
-4780 4859
352 5772
1240 7449
-809 4419
-107 7771
4432 7153
-7416 897
4754 6784
5626 842
-5681 1009
3610 5036
-566 5863
7657 509
-1017 7042
-7855 2535
-219 341
-5022 3417
6970 2226
6672 7095
1324 206
4160 3286
-6601 1489
3020 4560
4432 515
-7791 2986
4023 3871
5397 4881
-1806 5924
-5623 2146
2746 709
5638 2851
4369 587
117 3423
1964 5846
4131 497
-2992 1752
6707 2022
2346 3313
4043 4952
-4469 4814
286 5324
4626 406
4254 7192
7571 7675
-7845 1647
2298 7244
3537 712
6398 5057
-6694 4439
-3094 1910
17 6033
3734 1707
120 899
532 5394
2894 1811
2869 6023
-575 6188
-1518 998
7620 94
4117 1277
-6213 4363
-6415 2679
5058 7473
-6440 1157
-1706 2424
3878 5038
-2671 4554
6061 5162
-3247 7985
-4879 652
3434 3110
-268 4240
-5388 6463
-7382 7542
3284 7683
-7099 2083
-948 3692
-1105 3760
7248 563
-5781 712
1822 4240
-6231 6245
-7784 3265
3083 766
-5977 5014
-5061 7925
-7563 5931
-3910 7663
4573 5422
-4434 7168
-222 6768
-2032 4434
2604 1093
-4762 6127
-2946 4921
-4041 750
-3101 3882
3646 5447
5123 4310
531 565
6770 6663
-3797 2441
-2981 1325
-714 2765
7547 1559
1061 2314
-3891 7099
-1024 3100
6543 5698
-6654 105
-7426 2107
1560 1426
890 4097
148 5269
-4957 3207
7645 1608
-4813 6211
2183 2300
-5002 588
-3343 3418
7773 7361
-3505 5685
-3596 5794
1599 2005
-5021 7153
7524 740
5065 678
-3826 448
-7321 1959
2014 7669
-3042 7444
-256 2099
-7 4269
-1705 7682
201 4245
6452 6724
5915 3608
2550 104
-7258 5039
2162 2946
-7049 4741
-648 1442
-264 7754
-969 746
-4897 3674
1589 4176
3777 6165
1407 4282
2273 4959
5686 2634
4251 3686
-631 2218
-7539 2201
-6623 2311
-7829 884
-3193 3205
-4259 772
2470 755
-544 6770
5525 2866
6805 7414
-6406 4465
1972 553
2907 5008
-1912 6811
3570 1646
-4357 109
-1392 1013
2539 3254
-2802 5294
-6575 2077
2285 1457
1101 2889
-6496 291
6914 6196
-125 3921
731 545
-3308 7698
-7738 3700
316 7199
1251 1133
-6215 1269
-6026 6944
5419 6913
6955 3165
-7470 5268
4937 3852
6100 3321
-7031 5062
-1522 2428
-1668 722
2844 5489
4890 575
-4379 3278
1090 4262
-3078 6676
3179 7343
5589 2192
2071 3931
-2770 2164
4662 2029
-140 3035
-4942 3106
-6391 1319
-5048 4876
-531 3546
4926 5893
-7483 5550
2726 2978
-1767 6381
5700 1904
1866 7050
-724 2164
6594 7782
-5917 3617
-7429 4710
-5627 1479
1415 740
-3671 6851
-6550 6229
5247 147
-2954 6175
-1553 4487
3864 7235
6648 6041
-2178 5482
6794 460
-4964 2980
-7377 1544
-4086 4989
7143 7835
-7942 4979
-306 54
5863 6545
5309 5950
1299 1231
461 4099
-5353 1960
-3346 2619
584 4762
4491 388
7865 4134
6013 4011
-855 6444
-5498 5945
-4203 3806
-2225 6976
6221 5185
1501 5949
-1059 1285
5551 2334
-3859 6858
5116 2700
4771 1617
4216 2073
5578 574
3530 4180
-3619 6124
-4110 205
965 6363
-1786 4769
4746 7263
-7286 7550
-7021 6438
-1369 6950
7011 3607
-7100 223
214 6717
-679 363
7876 204
4537 1073
7909 616
6382 1240
-3627 422
-6172 2738
1367 6564
-5934 3281
1695 570
-3078 2423
-7048 3960
6773 3282
6225 523
-1959 1118
-3502 3996
-6525 6651
4764 2098
-2527 5587
-5508 346
-4599 1582
-3228 165
5941 1702
2805 3683
589 7412
-1229 7893
3477 5046
4507 3646
3885 3439
423 2388
-4443 5386
7963 4682
-4929 4658
3852 5251
6697 2465
-5344 7949
-6566 5069
-1035 5787
1614 5651
-1467 3456
6620 6593
-6255 3521
144 572
1959 6895
-5253 7152
-4998 1562
-3641 310
6856 6122
3640 7072
7169 1232
-907 246
-3176 479
-678 7078
1595 6049
3415 6930
2983 5843
696 6825
7820 1820
2757 7343
3069 2821
3245 3284
-1612 4936
1829 4019
5591 7812
2235 1244
7886 5238
1656 354
1371 2656
6188 2875
4959 3256
2882 6643
-6366 6112
-7982 6456
561 1792
6253 3121
3134 7979
3701 3585
6538 1780
2118 225
-7957 695
-284 7097
-5500 7127
7725 6026
-18 7639
-1459 4399
7434 5426
3065 1897
-809 7199
-167 5549
-1399 409
1503 572
-2977 966
-35 1484
1082 1700
110 3534
3260 2911
1799 4798
7781 4011
312 4549
1989 7543
-2530 4877
5082 7998
5982 5505
7732 1210
-1654 938
1746 1290
3359 6271
2611 6438
-4065 2675
3834 1351
1865 3604
-3058 4956
-986 2139
516 6923
-6090 7544
6489 4614
-1968 6171
-1966 4003
-2763 3526
3501 7295
7231 6550
1591 7626
5548 3731
-3015 3288
914 2341
6839 2297
5606 7615
-4681 7425
-4351 6872
-1205 135
4053 7740
-1268 5625
-3025 575
993 7183
-7395 4064
5652 4222
-4861 5902
4918 256
7370 525
-3663 2654
-3295 1909
5729 329
5553 5223
1321 5317
-367 5501
-425 1156
-2975 7493
-3327 836
-2483 4566
1854 5743
1101 5886
-5522 932
2599 817
5727 3037
6170 5722
-6801 7957
-2556 2621
-1660 5511
-5746 3518
-928 4566
-6989 4082
5569 4190
-2511 7171
-3411 6992
7893 4040
-2920 335
4195 7608
4095 4380
2395 7037
7784 1124
5338 4560
-444 7349
-7413 467
4254 2611
-4538 166
-3182 7181
2241 2403
-6164 2021
974 1645
1735 4882
-191 1957
-3755 5869
-3887 2848
5642 1150
262 3268
-2097 3481
3808 7053
2694 3774
627 5489
-6549 2349
1465 1782
-1245 4152
1031 1026
1962 7808
-6846 6121
-7368 79
-6237 7804
6241 6804
-6507 5791
-1689 7447
-4240 1588
-2983 2604
-5676 7983
5367 2514
3511 3783
3745 333
-1573 7009
4574 3806
2082 850
-1087 1089
6316 2733
-3014 5803
-1890 6221
2375 252
-16 5588
2667 7482
2754 239
5961 5615
-2025 1459
2748 4644
5105 1947
-34 1222
843 308
-3204 720
-7096 1773
-2502 4276
-6201 1886
-3509 4785
6930 2026
-3244 3009
986 5769
-2099 5832
7201 7755
7503 4983
-4785 7110
-6028 2541
-7216 7286
847 2296
3096 4101
-11 5293
3596 5830
1970 7267
-7684 5089
391 4407
-4019 6358
-1088 3604
-7181 954
5459 4417
7611 1386
-5192 2761
-6417 7173
-5078 7498
-5649 5574
-6954 2732
-806 5870
5614 2015
-2886 1178
-4976 4175
-7551 72
-4752 2040
-7036 5963
-824 6867
-410 6390
2247 6334
4497 1434
6463 7886
-3468 1053
634 2176
6975 1395
2662 4771
3244 741
1184 2744
4584 7524
4414 6733
3740 1974
-7530 4317
-5913 2802
7740 5321
-6347 6246
5075 7282
-7498 1710
-7354 6092
-4531 5560
3387 5731
-5557 5453
-5318 970
-4449 5072
1991 2708
1050 1969
6529 6799
3550 3275
-5187 3189
-4101 7905
-4423 6551
986 3144
-6010 6004
6657 6395
1136 6859
7485 5573
-926 909
-1591 4563
6836 639
1515 4632
-3960 569
0 3886
6009 4874
7218 6229
3760 5175
-5866 7793
-1825 5092
333 3621
7114 7395
-4259 6861
1149 5333
-3880 5243
712 6074
3144 4016
2870 1691
7662 4746
-4563 6829
-5686 2682
4719 7538
4212 6987
-6711 1271
965 4676
6872 2613
1469 272
-6247 6102
6745 2207
-461 6848
4260 1409
5957 4373
6361 4157
6264 6445
-2158 1673
-4934 6871
4766 7837
6376 2802
7367 1706
-5013 6844
7701 5799
3308 7807
-2757 1196
5785 6178
-2823 7199
-1910 2811
-7006 2799
5907 2814
-2398 7334
5887 772
-1259 4650
4224 5333
-7147 5081
937 7906
2611 3199
-1318 5544
-3627 141
212 4348
-666 2887
-1522 5936
3020 3556
3446 5940
3413 7441
-1348 2824
2357 2765
-4273 4463
5267 2457
4390 4859
-2973 7264
3591 2891
-7197 7891
-1706 3945
-900 2338
-7475 6171
5136 7160
-2724 2578
5600 4817
1823 6734
7117 3670
-449 3397
5751 1709
-5108 144
4290 3348
6479 6272
-1750 7308
-3596 5019
-490 7684
2913 6803
3062 442
3252 5200
7152 3934
-2876 1517
-3840 6260
5590 3056
5565 1750
-651 1153
-867 2657
5324 7465
-5276 4121
2784 7006
-5514 1067
-6779 7394
-5063 5130
-6361 7632
-3423 3602
-7777 4767
7080 757
-7408 3450
-2704 5601
6888 3914
-2681 3278
1254 3795
-7170 3838
-960 5015
1392 6280
5307 4153
7800 3400
4597 6650
6838 5584
-1801 2029
2709 6724
-1848 7281
-5846 5730
-4328 189
-740 2441
-3089 6466
2615 7316
763 4226
5153 993
-3820 7431
-7548 1003
-1770 4576
-6031 4299
-3011 2722
5004 1903
4503 2233
7747 3722
383 5659
-6955 4933
-6085 4222
-5932 3378
-6217 820
1125 1342
-514 607
3939 6317
-5176 5261
874 4603
2237 3043
6222 99
-3500 6105
-2002 2483
-6653 1024
-7908 6141
-1414 3822
-5008 1269
1104 4434
-3621 1604
1938 4422
2884 3158
-661 4687
7304 5400
6032 3780
-5977 3794
7713 6158
3416 2749
295 441
1036 4510
-4749 4693
-3520 3069
5908 4724
-2699 928
-2672 6695
358 5428
-2664 3673
-1156 504
-978 7133
2086 5979
4608 6993
5502 6998
-1983 804
2760 1984
1073 6227
-7033 1106
-827 7015
5720 4693
5437 7886
-35 2808
7211 5276
-2408 6023
-3344 4584
423 1283
-3895 6363
1985 5107
-4456 3458
-5613 369
-3366 7974
-5475 5429
6098 6313
-6450 6591
-4755 3275
-4825 7036
4794 7678
-1413 6083
5333 1815
4987 183
-7835 2444
7504 7161
-1972 1224
-2375 1752
-438 5045
-4957 7601
5321 3538
7895 3487
4431 2568
389 2636
5992 7464
-6712 4924
-5427 2964
3004 7675
7535 3564
-6392 2432
-1625 1028
-177 687
-3543 7748
2671 2143
4706 6622
758 5030
-6819 3498
6624 415
-7191 6255
-457 3062
-6987 6075
7103 6095
2877 5355
592 1669
7900 5024
-4488 7833
7210 2682
7327 7574
-3125 6013
-4257 547
-992 2698
1874 3181
2712 2759
3293 4705
-755 3812
-3427 6640
3585 6366
-2232 1771
887 3151
2818 2478
3352 1467
-2473 7368
215 774
1250 4282
7826 2386
-1794 4378
6916 7118
-3947 2510
1214 3169
4925 6422
6024 3920
4639 1695
3561 2359
-5523 6928
2126 4596
5374 1670
7228 6772
-201 4351
1807 6877
-7020 4484
-7580 1217
-6743 1445
-6668 6268
1658 5206
-239 2194
-4839 4797
4799 339
-4494 4328
4580 102
1067 3358
-6017 3542
6564 2305
6493 5286
5598 4533
7243 7544
3694 1227
1578 5125
-3050 798
2281 3262
1351 6734
4043 918
-1979 7459
6573 5504
1881 4793
-3019 6813
5921 5911
-7345 6642
2725 5331
7570 5303
5382 7066
-5773 3999
1777 7711
-5382 6822
452 1394
-1989 1733
7317 7984
-7168 2783
884 5238
7841 6360
5343 90
-7865 5342
5238 3748
7271 4200
6908 1252
5415 2084
-3510 5358
-1881 3854
2117 1118
7284 4000
-3944 3825
3860 215
-4576 3160
7930 1682
-7111 7194
3726 6906
-4841 4432
6297 6110
1000 6789
-79 5836
4140 283
1584 2464
7359 5864
-6648 914
7721 6685
2538 5484
625 98
5239 3522
6306 5839
-7874 3326
3590 2659
1041 5425
-3024 4013
3925 6483
-1817 6737
-317 7397
5826 6355
7226 2591
-6888 1893
-4410 2742
6404 4802
-4880 6506
6878 3406
-6636 4118
-6036 5552
-1263 7450
-2718 6105
7696 4306
-6623 7670
-6612 3703
-6208 416
6139 2466
3567 4807
7850 7217
-419 755
7392 1352
-3707 5646
22 1701
1925 1142
-7189 530
-3829 4044
4037 4152
1273 5936
1736 5615
-5183 3342
7903 3775
1256 7068
6804 795
-6074 4460
3344 7909
4220 886
3001 201
-1847 5656
5300 2027
7183 5939
4783 429
-3729 2036
-4745 672
-4944 1635
-2557 467
5028 4855
3058 3822
4241 6300
-7594 2126
1698 7085
-7556 838
6181 5966
5530 6412
-1299 4863
4987 4039
-7887 828
-4967 7491
-6905 787
2650 2689
-224 2384
1252 7341
1346 5163
-4264 1065
7060 2578
-3464 4370
2420 2552
-5182 2579
-5729 1933
-7350 5916
-1476 5462
6010 6089
3406 4079
-7249 2973
-4041 567
-6740 5977
2147 4790
-1124 5560
-6539 1267
7940 7661
-7005 7554
-3801 3037
6708 7238
-1976 1817
-2892 1937
-4989 3313
2359 3566
-3719 6409
5706 6775
-5026 3679
-1901 5990
-7780 325
-5815 119
-6392 4631
5031 3773
-5144 7859
7747 2737
-2345 620
2553 3795
6829 4069
-1888 7983
-5274 64
6787 82
-3549 860
2822 7176
5963 1240
-3750 279
7793 5605
7518 2768
-6081 3651
-6881 4247
901 3283
-772 5204
-6131 519
-2422 6644
2147 1022
-2427 1871
3742 7606
7696 3261
-7261 1272
2155 907
-4802 2221
-6101 2849
-5921 2231
-1259 1334
2510 6643
6966 2416
-540 7048
3729 6459
-4177 831
-7933 2234
-6366 7263
2145 1467
6700 5194
-2057 1928
4350 4433
-2166 6497
4868 4901
5644 5973
1943 6761
-5845 3360
1803 6295
5242 850
95 7384
3087 1800
-4409 7738
-1473 3106
-5073 361
-6582 1735
4313 3466
-107 3269
2303 4140
596 4488
3705 2056
-6672 2939
-2652 6022
-705 7701
577 3396
-2269 3114
6637 3177
-326 6066
-6058 7874
819 1315
4136 3207
-4199 4763
-19 734
6110 2215
-6590 538
-3433 3362
-291 283
-4188 1776
4913 1699
7659 3850
-2357 4403
-1121 1170
-5097 7599
-5906 7443
-1593 3573
2421 3808
307 7436
-1507 600
639 1976
-7975 1743
-7306 5824
-7077 1037
5425 5551
7182 1367
-6952 73
-4339 5825
2521 2026
1872 467
-5756 3598
-2557 7475
-6323 5485
3398 589
1460 7449
-186 7208
-894 1374
-7681 3786
3482 569
-1753 7876
-2543 5369
4149 4082
-54 6720
4602 6822
4476 5800
6158 2729
-7080 7053
1945 2786
4205 7288
6279 2481
-491 2160
-5169 6524
-836 4317
-7964 379
-7973 4419
1051 4727
-2407 4075
-1360 6662
7546 2378
-1555 3317
3192 141
-6333 3978
4713 1274
-4529 5328
6388 5411
-5268 4678
-2823 6705
290 7613
6638 2361
32 2460
1932 5930
-2921 2239
879 7198
-6451 1911
-3925 2117
6647 3291
3763 7424
-7528 625
-5274 2599
631 677
-2416 2938
532 5529
2906 2736
1765 1682
-2976 1432
-51 4799
7188 5168
-1508 2622
-4128 6612
-2702 7810
-7745 2039
-4185 7358
7144 2046
-7517 7112
-6861 5031
3923 7305
-4037 7507
-5423 6345
5434 3301
-4506 3636
-3395 1249
2811 1789
2626 1510
4802 4963
1675 4938
2063 6510
5884 6669
-2449 7511
-5109 6120
-4335 5187
7764 825
-1415 749
4320 3993
-6821 4878
1503 1599
-4491 809
-4405 4470
3640 5213
4600 6168
-214 2270
7924 6022
2540 3396
-5590 825
-5319 474
-6693 5866
452 6475
-850 4541
-6051 804
-6137 6758
-5454 836
1360 3531
-942 3158
-3542 2360
-6246 6863
3019 7909
7560 1116
-2784 1586
5254 1367
7071 3083
463 6858
-6080 4106
7249 1266
-4556 6610
878 1015
-5649 5863
-3194 6845
6693 216
-3417 354
-5672 90
-1293 2266
-1773 3781
2972 6170
-2569 802
-2916 6330
3177 5953
-2720 680
-2185 2754
-1014 3979
7665 7542
-139 4859
6550 7140
-2727 4334
-5980 1283
5485 6151
3692 6158
3339 2455
3498 6724
-6620 4394
162 2149
3897 7522
1454 5283
-4443 3875
-1620 3843
-6414 5408
-6464 3740
2817 7462
-4296 5028
-1322 433
176 2298
-6258 1362
2974 1894
4455 6191
6325 4724
-2304 6885
367 7532
7087 5432
-7330 1818
-3051 5040
-110 5257
-7982 4630
6340 1470
-4709 2534
-413 1001
-6007 1950
-6390 5533
2977 1520
-6977 7469
2034 6849
7606 1040
6482 1719
-425 6253
-1130 4216
2062 3057
3693 125
-432 5398
640 1043
-3304 6073
-459 2470
-4960 3908
666 4380
-2217 6651
-900 7845
-7503 323
1917 4057
7108 7184
7131 3408
3973 3555
-4137 4589
-4603 3498
5440 1599
2333 6396
-6000 738
-558 5397
7731 196
-1997 6349
-7113 2368
5744 3773
-2855 6536
4679 6886
-5374 3281
-103 3619
-7486 5146
-7680 5461
-7757 5392
-1046 3267
4264 3854
-3068 5651
3488 7825
-5145 6940
154 3080
-6742 1954
-4770 3832
862 604
-2874 5079
3518 6057
1941 5730
-1861 1372
-1735 1563
3094 351
5020 570
6846 7955
-2410 3788
-4547 4953
1041 3952
2818 334
-4836 3617
-339 5253
3796 549
6093 1739
6918 2506
6538 2752
7947 1441
5504 5321
47 1594
-3866 3866
-4710 3353
2583 4133
6795 4304
-5516 1250
-5277 726
-5272 3108
-2782 4746
1464 3622
2888 747
-1769 1345
-471 4752
-6802 3839
-141 1665
4411 5941
4617 1119
-4492 367
2996 7803
5181 330
6040 3126
-840 4231
5098 5288
4917 7765
-2991 6251
761 7576
-1546 3983
-3898 6067
7237 3063
-4552 6991
-494 6644
3514 5325
-7559 6113
5074 2619
-1559 4870
-267 7595
-328 1937
-5377 1095
-2786 1028
93 1501
-7373 4804
4208 1679
-3480 3524
-1651 2168
-5438 2320
4489 5428
-3486 635
-6584 3331
7940 3154
2361 5861
-1229 972
639 7480
1231 5746
6153 2312
1747 5258
3351 6449
-6363 1125
6066 2405
-1933 5003
1167 1594
-4116 5561
6897 3996
-1738 3373
7587 6073
-2063 3661
-1562 1885
-2714 5027
-2199 5297
2468 6953
5854 7818
-6875 2750
-4368 3501
-5494 4054
-7487 3381
-7259 2018
1127 3647
7171 1525
-6853 6935
-6578 850
6273 3419
-6141 1510
-1625 545
-795 3018
4567 669
993 5018
566 3583
-1850 1679
-6606 5470
-2184 674
-3318 1765
545 5977
-7267 2841
4853 5505
-3602 2053
6398 1560
-6093 1351
1911 2566
-6940 6420
-4513 2912
385 6753
4490 54
-1081 2912
2401 1728
-2211 1286
3352 918
-886 1970
2433 4975
4351 4174
5090 3577
-2619 6287
-6751 324
5760 2896
6529 7443
-2291 7167
-2714 7594
-2655 2155
4449 2298
349 1227
-7282 2380
-7218 5801
-969 3822
1426 2811
-6342 5345
4275 5040
7148 4162
2441 7174
5720 1051
5535 1594
-3957 7155
-2349 5733
1279 2537
4190 1154
-3412 1593
-5494 2383
-898 7278
-3655 1218
1892 5610
-4779 6807
-6551 435
3096 5288
-1638 45
4116 6577
1496 3421
-5230 1407
-5435 4631
4146 5789
1834 949
-6449 4696
3165 7133
5974 6387
-4155 1957
6976 2733
-637 971
5325 5502
-5581 646
-6271 5136
4379 3355
1992 6549
5579 5783
7622 1252
3927 6884
-3032 1603
-406 4418
-1494 5177
186 6043
5400 5432
7903 1000
2825 6766
6974 1872
-3411 4481
-3771 3693
-6935 2332
-1900 4303
-7340 3376
-2649 4003
-6010 1494
-3867 4276
4496 573
5539 5394
-2869 5399
-47 5414
938 6689
-3982 1846
-5907 4774
-918 1106
4748 7923
-465 6513
1276 2056
2524 322
4405 1383
-2536 1910
-5288 2508
714 3028
-3151 6355
-1119 4032
-3876 6455
4624 2712
-3922 69
-3613 6782
-4025 7788
7057 7030
5720 6123
-7955 5867
-7115 4547
2040 1986
-7066 1292
-5291 3877
-1224 5830
-7980 2625
-5527 2167
-6354 360
-2302 1854
-7036 114
-7593 5475
1069 7069
2167 6405
-5747 2264
7286 73
4378 5583
-6465 2806
6596 6298
5888 2649
-2765 2912
3938 7448
3148 5631
-1641 1976
5521 741
-4517 1230
4685 1534
-5510 1657
2050 123
725 6564
1017 4916
425 3884
-7011 2294
-6785 4294
4248 1789
-1174 4700
7768 2489
2549 4915
-584 4805
-7726 488
2201 7561
6429 1119
1845 1259
-2617 5878
-4056 7654
6007 6284
7597 2752
6050 2986
549 6128
5992 3707
2880 3619
-1169 5084
1422 7559
2320 5965
-6607 5797
-671 7986
4308 2547
3136 4547
-4842 2039
3283 6528
5085 6428
7558 2673
-6259 4943
2190 3545
-2032 3926
-1216 6653
2376 2083
4620 5242
4044 7500
7047 2198
3591 4517
7332 5650
6686 1645
-2511 4657
-2527 3304
-828 4118
-4025 5963
-3986 6957
5871 3751
-2649 5778
1281 3899
6772 2775
6482 1314
2519 7584
594 7228
-1963 3701
-1695 7972
-2640 3059
-26 3536
-6962 7894
-6824 3251
-378 6466
1528 6100
-2023 7979
-5946 2605
-2446 1557
954 3853
2380 7625
1956 5357
2226 231
-3600 6000
-5311 5737
5930 163
1594 3612
1420 3963
339 6845
7955 6803
1393 6987
-7075 7927
-4790 2549
3924 5428
7319 2211
1686 3093
-7363 7752
-4596 7449
4441 2169
-1450 4919
-3853 7293
4982 6670
-4064 6151
-5839 6466
-3267 3716
6022 2149
4845 3339
4856 3596
-7966 1963
-7256 594
-2572 934
-3455 6875
795 5901
-1348 5199
1738 1147
-4639 1962
4025 7918
-73 601
-2355 5916
-7952 6804
7961 2432
4609 3336
-4554 6251
4501 1975
-7994 7221
-4387 5680
-4706 3079
3898 2833
1347 4607
-5740 3389
1050 5818
-1303 2026
-1314 5363
6935 662
-6690 7017
3424 3284
-1504 6628
7867 2734
-7082 533
-3966 4842
-261 5029
219 1133
6070 840
1964 3210
4103 1415
-6780 3343
-5842 5460
1109 6366
71 2858
-3828 5346
5148 3085
-1263 7682
544 1053
1115 7443
-1410 1254
4439 4326
3765 7940
5606 1074
-5982 6714
4025 5285
2756 5638
2912 5631
-1249 3750
805 6066
1359 4730
-1131 1995
4161 7373
7546 4401
-2899 3046
3452 178
2166 3302
-116 7083
5876 1601
1287 5473
7828 1975
-3381 256
-5991 5792
-5804 3438
-3213 916
5194 1945
-2701 3149
6948 6455
-5992 7102
4137 2159
4707 959
-3168 7922
-830 3359
-3994 7249
6420 7772
-3370 3890
-3199 2319
-7749 6937
-4466 3022
1526 2947
5504 1175
-4237 2809
-3222 2008
5146 3996
1788 7531
6843 7055
5334 4941
-4885 5169
3382 1554
3398 4820
-4649 6614
4995 2334
-135 6324
-2126 2413
4173 2295
-183 6259
3195 7424
-6495 5289
4029 1296
7425 4821
-2618 3174
7146 5670
1489 1012
4406 4683
-4292 6181
5256 1169
-5441 7709
-7668 6506
-922 7508
-7267 5664
-159 2477
-6521 3828
-2496 7968
-4389 3792
-5029 5518
-3400 2485
-3093 483
-425 4116
-25 1791
3900 1898
6794 4683
7732 1361
3938 3799
4081 1953
7090 4558
-7906 7649
-7609 348
-3125 4336
6693 589
-2154 4075
5069 1273
5910 5747
-1730 1421
6652 1822
-5918 2360
5349 4430
-2439 6486
6072 5663
5991 4679
-716 3490
-7136 7598
-4437 110
-4186 2923
-2163 3541
-2221 1514
-7690 1053
-4709 1887
4638 7216
-1066 701
1483 3181
-7238 2548
3807 5692
-545 2786
-5671 6151
1970 1390
3673 7863
-7447 5448
6528 2536
-5174 1714
-282 6857
-3399 5027
4084 7081
-6590 4792
1640 5821
5234 4583
-3835 3751
6999 5783
-7650 1292
3174 4832
473 3209
-4547 1421
4248 5901
-7471 4028
5918 2237
-3695 5925
-6840 1807
7520 6550
-5491 2514
-4357 708
-2852 7493
-1823 3000
5039 3260
-3649 927
2024 429
-3350 7110
-3933 6791
-4949 2476
-5146 7384
-5036 1393
5612 6580
681 3380
2879 431
-2368 5815
3146 6583
-140 5368
5011 1060
862 1597
2088 5107
3996 535
754 2927
1653 4819
-3577 541
6939 4913
2636 1217
3931 7052
4904 1576
3692 7740
-1161 6715
774 1605
-1197 7126
-7639 5823
3130 4443
2886 4193
-5739 1236
-7130 1380
-6166 5460
4629 2932
7532 2540
5053 2793
-1258 2652
-5586 1733
6837 5853
-5399 7637
-3701 1548
5471 2705
7360 126
-2404 1310
706 6322
1641 3929
-3728 2922
-487 6202
-2618 7731
-626 3912
-2953 7967
-1570 666
7282 3762
4314 5329
6736 7470
7900 5159
6732 3572
7838 4879
3277 7463
4752 2926
2154 5676
4536 2836
-1069 1457
6650 2629
1142 611
4996 5026
2719 1336
-5803 306
1001 2038
3184 3595
-3016 5288
-1133 6300
-2791 7384
3953 6975
-548 1599
3808 1875
-1138 2528
3135 667
-6685 5210
2223 6257
-799 1855
585 6531
-4269 2299
-2902 7040
-4123 2763
-5229 6823
-3740 154
-59 2924
6698 6175
2521 1828
6678 4915
7067 1956
-5822 3085
-4137 3643
2830 3759
411 795
-1983 2583
3351 3689
-5381 289
2965 7367
-4650 4753
6866 1358
-4420 2200
1651 2398
-1398 7543
-851 6610
-5119 471
-3615 1900
-5274 3546
3600 7590
1218 6300
-1543 1199
4029 5688
4262 1098
-2118 853
-4362 1728
-630 5196
862 4986
-2797 1117
-3502 1940
-2800 4463
-7077 5801
-7911 7914
-7126 5390
787 6621
-4579 2834
-628 1567
-7986 1022
6445 1648
-6070 1558
5109 2437
-1519 1593
-5510 3220
-7721 4464
5573 4318
2262 7669
-4082 923
3579 449
4053 4801
4660 884
5342 978
5279 5201
5696 927
-5980 4128
-6321 5754
-7214 7059
-218 5844
4802 3463
5625 6725
988 1109
-6814 4054
-613 7736
6428 1821
630 3228
4095 1575
-2860 5734
-6674 4582
-4546 1314
-1542 6426
6633 4697
-5270 310
-1120 1360
4788 6576
-7875 1730
2174 5908
-4503 3774
-3733 5549
1925 327
4560 7134
-5060 2392
-1296 247
1392 7652
7002 3833
1694 3753
-5980 2690
2157 1797
3161 2753
-1093 6639
3821 3973
6989 5964
-2900 3872
-5266 5656
-2274 7809
5067 1132
-3273 4756
-7682 1941
-6070 4910
-7550 6241
7637 7881
546 3124
-5539 7442
3536 6549
6235 5391
-7737 2691
1899 6419
7493 3633
-3340 5374
863 1802
3450 791
-5746 5720
-6708 5698
4848 2614
-2283 3859
6075 1875
3284 975
6220 7529
4453 7922
-5566 6656
6952 5257
-4697 6048
-5515 6288
-2477 2531
-722 678
6179 6226
4303 6702
-4308 4042
-4162 7490
6895 6873
981 5625
-1702 3833
-5043 6406
618 3696
-4859 5636
-4772 5101
-356 1408
-5651 6345
3031 6676
6609 4473
-3112 5876
1491 4118
3174 483
-2611 1324
2669 677
-3561 7048
5258 3920
7433 2380
61 4060
-3370 5938
4890 4204
-56 7854
-1132 5362
3253 7093
6394 3128
6427 7206
-2117 7762
-6910 7354
-4730 7041
-2265 4169
-6850 5874
-4631 1368
3277 1637
-6844 336
-4338 1814
-549 3664
-3885 2616
611 7629
-2804 2788
-6179 4461
2698 7185
-5319 5870
-248 5943
-941 6462
3398 7026
-2866 3967
-5236 5006
-6352 634
5411 3892
-7282 6781
5669 5885
5032 5770
2908 6359
1784 5028
-3664 2782
2636 3583
-3176 5642
-115 7583
6147 653
-1824 5260
1132 4536
6877 1607
313 7326
-1939 448
4382 432
-188 6852
4791 5793
-7616 3420
6845 6957
-4095 1614
-6914 3857
-1055 7618
2818 5064
4873 4711
-2789 6288
-5599 2858
1208 6451
-6995 526
-3645 4662
-6274 2879
2720 1479
-7830 1350
1982 4215
-5948 1413
4320 754
-2842 3767
-4176 5685
6078 6209
4658 5470
7443 6976
-4887 170
7636 4548
637 1881
462 866
-6971 5771
6812 7834
3121 5727
-4227 4064
7430 2180
2594 3954
418 4773
3006 5435
-6932 3066
-5626 7891
-4855 1917
-6209 5990
-6089 6134
648 332
-1683 4620
-2697 4684
-6226 3825
1717 794
-7106 1925
3101 7619
6852 4801
4705 7126
-4302 2077
1968 5247
4959 3068
6009 5863
640 5707
-2545 3138
4902 7980
-2149 7152
-5423 5785
-2848 4577
-5149 4442
-4960 846
-4083 7402
3365 3831
-3183 7624
-2275 2780
717 3613
376 6578
2510 6462
-6293 5258
2129 3987
-5902 6127
7194 4593
-45 6878
6927 7508
-5989 7258
1946 772
-6363 4818
6559 54
-5156 7243
-4172 2071
-2028 3304
-7703 7492
-2074 6695
1692 2190
-2099 5657
4530 5070
-848 4650
-3061 6945
-2842 5994
-2034 4595
-3989 972
5058 1840
1029 2144
-416 7474
-1729 3707
-4137 3250
4843 4525
-6648 328
5013 416
933 1855
7207 713
3466 6372
-389 3596
2114 7909
961 2603
-6678 7611
71 7961
3309 7985
-6337 485
5993 1104
4081 1793
-5475 3369
3343 6966
2378 7868
2478 4098
-7019 7000
5255 432
-63 6263
-3224 7274
1071 5728
-606 4358
-290 1347
-997 5866
7975 7441
2009 4772
3679 6643
-2385 7086
-7720 7842
-5632 2450
1443 846
934 7024
-3678 4236
6706 4745
7866 6996
-1026 8000
3953 5958
2342 5213
7020 4603
1858 2501
-2747 4166
-2887 5245
-5359 388
-6480 2566
-6285 1675
4756 1126
-1037 6315
-7596 4594
-7579 696
7327 3859
3808 5351
-1975 2869
-4290 1201
1498 2029
5803 1420
-611 2966
6703 6518
-1974 4906
-984 5560
4453 1614
-3312 4385
60 2182
-1479 3574
868 2805
6602 4252
7577 1896
-6965 910
-5856 5562
4381 3264
1261 2341
-5767 1384
-2291 6137
6489 4109
6336 194
7359 3631
-1322 337
7899 2951
-6169 6123
1282 3021
1168 2531
2438 1548
6561 2662
4126 4892
709 4952
-6520 5969
-4498 563
6760 3970
2660 4959
-5152 5887
-185 5681
-6343 4353
-2084 6524
-2346 2893
6387 7387
7319 2506
1409 5654
-2766 5701
2869 7075
2915 217
4687 1830
-1552 4367
910 6103
-6288 4431
4059 7232
2144 2460
4628 5784
-2100 2672
6444 7119
6562 4076
2902 7186
7637 1701
-7214 5135
-3575 1118
2706 5158
7820 7726
7463 3914
-5863 4887
-5798 2873
6960 2902
5271 2372
-1470 3752
2195 4540
2779 1627
4830 1281
1215 4364
2763 4777
-852 6059
5783 5202
-798 5023
7569 905
5330 474
6808 4528
2875 5158
5567 5068
-2055 7291
-2845 3226
-6314 2672
-3407 5506
437 4524
6516 1148
-2770 6896
2229 3144
262 3561
-4353 1962
2868 668
-5862 2573
-447 899
-3160 2534
-4985 6600
-7682 4669
4164 5523
-172 1758
-5445 6707
-7404 1240
-5068 2553
5148 4144
7783 2212
2411 1350
3676 4941
2896 3898
4473 3227
-4014 391
2200 6929
3235 243
6045 2875
-5326 5292
746 3112
-4696 7846
-2737 823
3785 1210
6533 2178
-1061 1775
-4817 6576
-3085 5554
4353 7702
2145 3727
-501 3784
-7879 6769
3481 3436
-767 6128
-4849 7443
-4792 7944
-6386 3598
-5751 6070
1704 4314
-70 2507
-5466 3534
-4607 6716
7360 4161
4609 7785
7989 4441
-5741 6300
465 1643
5007 5894
-3323 6395
-3539 5528
1765 4425
-1974 258
7670 4026
-1778 4298
5094 6289
3431 6600
3610 1329
-4019 4030
-3230 806
-4794 2131
-6510 3673
184 6908
-6691 240
2051 6406
2323 593
887 4839
-7149 713
4502 997
7542 1970
-7323 3289
-4920 6950
7696 123
-5567 3786
-183 7337
-6219 1469
-1802 3281
7116 3852
-3437 2952
1502 2847
-5817 4080
-901 7977
6230 4835
-5476 7835
-1242 1137
4386 6260
746 4389
-3813 7856
-595 7886
-4352 6258
3750 907
-2241 3674
5198 6395
-4007 3227
-3185 6573
-3037 1976
-340 1630
-2565 5941
-6558 123
-5931 6836
-7514 7027
7669 2898
-2016 4517
-3847 5026
4254 3037
-3953 6608
5759 5335
1445 2131
7102 385
4306 7359
7249 1431
-1949 7091
-1305 2964
6386 4019
-7421 785
-3010 673
-5511 4210
2468 7391
1250 5263
1581 1700
966 429
1905 4189
2013 1190
5528 7995
-6791 612
-3515 6218
3570 4032
3744 4635
6810 5090
-2594 7349
5866 3416
-151 6593
-4337 3022
3766 7274
-1475 6733
-4197 7916
-4888 2251
2887 525
-2118 7056
-3355 7331
2195 7044
1974 4308
5314 2744
-681 6401
-4438 1414
3976 3956
6079 178
-1199 892
1214 1314
-5257 2900
-1735 2129
-267 3108
-2581 4060
-2826 5854
4913 5299
-3118 2225
-540 1863
2264 2073
5642 659
-5384 7255
5858 6236
-7204 2400
-4692 6473
-3146 4225
-6185 6349
1629 510
-2053 208
6203 7043
7752 2630
1466 4979
-4786 952
-807 3739
-3730 7355
-7213 4825
5136 397
-1949 2391
-3970 4627
-3034 86
5947 6001
6065 2549
5312 5374
-7460 3902
-1669 4037
4456 7502
-2423 7654
1310 7513
-604 7558
-5692 2847
2825 6399
-3051 3454
2593 385
1137 757
6137 5116
4277 7620
707 2581
227 5723
-6518 6949
3463 1556
2425 3351
1211 4932
-2253 442
-2482 787
7090 493
-1174 4287
5627 6942
172 4508
620 6876
-3733 1151
-6296 4603
-5529 2618
-7136 5297
-6327 5920
-3099 4067
-5653 4497
7600 4811
536 2975
-1026 3536
-6801 6373
2033 2924
-6231 4843
-1111 2989
4561 1208
5955 4177
-7564 1468
724 7938
-1437 4106
-3082 7155
309 4425
3009 2013
-1170 4100
3802 5838
6963 544
3259 1789
6598 5084
3373 1837
3885 4225
294 638
2890 1023
-1319 4232
236 5398
-6234 5020
3666 1831
-2246 3342
2776 5988
529 3719
5321 3758
-2917 1651
3565 7145
3529 2977
-5146 4891
92 7648
2438 4510
2632 2989
-4458 6448
-3453 5914
618 5595
4714 2330
4349 3681
1350 1642
3530 2487
5630 2759
7032 5611
-788 7687
-1831 5549
-3909 3089
5281 3152
-7222 1852
-6157 7384
5008 4399
-7145 1235
5936 5235
-7313 6980
-4026 285
7595 4200
4346 3115
-5927 2464
-1027 6734
5946 3408
5633 4402
1292 2780
-6824 753
5691 3241
363 6099
-3602 3909
-1657 1339
6492 3848
-7310 7200
-7115 401
130 4364
1036 2975
-5403 1607
2851 7667
-6835 6803
619 1489
6370 1041
146 2788
-5501 120
5651 6399
5121 7070
323 2892
60 1143
-637 3119
-5735 1680
-681 5911
3578 2778
2093 1872
797 7024
-3946 1979
7990 3031
-9 3435
1853 3870
5166 6974
-3698 2498
-7032 6902
4883 1488
2243 5284
4202 1900
5789 2149
147 5665
6999 4257
6705 6740
-2025 5506
993 4583
-4693 2887
5031 6952
-7960 6574
-2615 7946
7593 6357
4959 3434
3708 6269
-6193 5198
-5254 4525
-3312 5763
3365 3933
-2124 5419
7268 824
-1805 4470
-670 6216
7442 5829
933 336
1197 5096
2732 3923
-271 6473
-7328 6887
-3686 7239
-3961 735
6723 4530
4853 6636
1150 129
97 4642
-6396 3322
5655 184
5180 5134
6033 6972
-3004 7351
2479 6094
6767 5790
7805 7066
-3792 3404
-6976 3365
4643 4975
-5219 7032
-7473 1409
-4599 3306
-7207 7985
-7762 6757
-409 204
2176 653
-6777 7873
-3821 1322
3677 7240
4522 4376
-6118 7456
-4152 6036
-706 2667
3430 5807
-5864 1452
-613 3257
-3835 2354
2208 5767
4056 359
6756 3479
6715 332
-1050 6813
-2974 7691
7459 63
-3190 7785
-2878 906
-7461 162
-2502 1064
7052 5108
-2517 183
-37 4101
2322 2937
-4231 3260
1228 3314
-2841 7607
1338 7141
7140 4970
