500
-1199 1629
1443 1323
1184 1505
1648 1428
-457 1389
-298 414
1342 230
-1427 1111
1277 1613
788 408
834 598
1383 1466
-1653 1153
-579 1594
-1650 799
1595 1085
617 768
66 1189
127 753
854 1672
-309 1653
26 1395
1045 785
1659 1692
1423 847
714 946
196 362
1669 1218
415 1575
-728 973
-437 769
-1238 1258
714 346
523 661
-727 1377
-1356 83
-1243 619
-15 1620
-561 1097
-288 1230
-368 270
1383 647
-1212 862
-544 123
-446 1107
-400 405
-602 386
-1392 822
597 1640
90 336
-969 209
1230 389
-301 1456
568 966
-958 1246
-934 593
-396 154
-1106 997
-1553 233
-1626 1554
-1584 494
-845 45
1551 1678
-1450 562
71 1487
703 696
-999 127
-686 372
-141 1264
-127 1534
349 1200
762 771
147 435
-1147 1386
-321 804
-1299 428
-1435 1320
479 320
-1488 980
40 764
640 1470
-864 672
1316 1511
-1320 1246
-403 1625
-319 914
825 151
3 1241
-1000 821
-627 274
-1689 1486
-1018 537
-1187 207
971 505
-670 1165
258 164
-1442 1539
841 722
586 140
-214 1530
1410 59
-1557 831
-1266 739
-593 951
518 1145
-567 516
355 1306
943 747
-369 1341
-1189 1139
1694 1332
1068 1601
389 1034
160 624
-1529 1177
-805 358
912 1195
-1477 1443
-173 666
-1152 698
-1656 1348
1009 1075
-403 565
1227 301
-1463 643
-467 275
858 339
1195 487
-829 131
-1468 470
-275 176
1201 1695
-117 811
-1535 403
732 487
1508 1071
-879 1189
-1249 975
935 1634
-1217 1346
-915 768
1096 929
260 1021
-828 926
391 908
-1021 1538
1451 259
-924 437
1132 1362
613 576
560 1533
38 672
-13 1043
-91 969
825 1124
-1014 970
1233 833
1231 1176
1009 390
234 1118
-1054 56
-1215 353
563 422
-1524 1658
-191 316
1433 763
1677 311
-705 486
-343 994
1527 864
-1290 1522
-90 378
-386 680
263 436
-608 1441
706 84
-1203 1450
-1315 1127
-519 1448
812 855
1494 955
1650 754
310 899
-924 1455
-789 1230
-446 48
1417 1121
134 1074
-211 998
1133 169
-778 1453
1222 110
-1646 622
-575 1367
1272 936
1640 887
635 490
687 1202
1144 338
-1583 742
-1352 989
352 685
-772 757
-176 478
8 340
-1662 535
1441 175
880 1480
-1443 162
-1014 1165
193 698
1404 1584
965 64
-668 1085
-1609 1454
1247 1417
-973 356
743 269
-1096 260
970 1259
-1541 1515
-72 675
-1092 413
860 241
-433 956
336 193
1472 340
-1534 1265
-253 588
-561 747
196 1615
75 909
-817 1132
259 1546
547 220
-650 868
1047 1339
1373 969
-1374 728
157 541
468 858
-145 1069
1533 1350
845 1580
-1173 81
1160 631
431 422
-894 1007
-478 1688
510 1235
-1073 1226
170 1696
-1524 43
966 664
839 45
-1008 737
-1570 1059
-484 554
-1649 981
-284 1367
1696 1543
-590 664
1330 491
736 1322
225 1407
1013 897
-89 1166
1363 1198
1284 580
-428 1261
1238 1027
41 416
167 1225
801 1213
209 266
671 1390
282 1651
1491 1540
1285 1286
633 1072
-464 651
-533 1008
1449 1415
-6 909
-655 41
-1367 221
-321 1122
-868 1528
913 862
464 1326
1040 581
-703 1287
967 304
327 516
1291 1116
1044 694
-231 243
-201 771
901 960
-1356 1639
-1504 766
-129 588
1615 993
-936 71
-641 744
1066 1476
385 1666
-1340 1347
-1450 294
662 213
-892 1640
1147 44
-1654 61
597 286
-1000 1386
37 550
694 603
-819 269
486 107
-302 95
410 1495
1462 676
1116 1198
-89 292
370 790
-823 469
-757 1076
-455 468
1587 1182
-1028 1672
928 1400
-1643 310
890 1295
398 264
1009 210
-841 829
349 381
1540 777
-498 1301
1118 836
1515 566
226 836
-1355 518
1586 607
1454 1197
1092 402
1683 1069
724 1548
-193 1154
-592 1247
-1619 1657
1316 770
982 1558
-1139 1544
103 1603
1365 1305
780 1407
1318 856
-695 215
-1027 1074
-799 1608
-1374 371
316 1081
1031 1190
-658 598
1346 126
1697 669
-763 848
-1675 441
-144 890
1566 204
-799 597
-1268 152
65 1690
1660 42
1119 1030
-102 1676
-203 1402
434 512
-1306 906
-168 1607
436 1178
-406 864
796 969
897 108
1615 406
751 1089
-1116 536
1190 917
-272 493
239 566
-1076 181
-246 865
330 77
151 1318
472 584
-745 1536
1173 712
1338 1396
-76 1422
-51 754
-1346 1452
1224 210
-686 1686
296 286
481 977
1349 1700
602 1259
-1414 1213
1260 675
1455 435
444 682
-1217 472
681 1682
638 382
159 935
654 868
444 190
-390 1174
-754 95
-1649 170
-905 903
926 1077
-839 1325
1685 459
1173 1280
-1260 50
-70 472
-1357 619
1607 1499
1047 53
338 1398
1306 314
-673 1575
1677 222
247 1271
1377 390
1523 87
-532 346
1678 563
1413 544
-1129 895
-380 1513
-1648 1266
514 750
-1035 628
557 1354
1566 299
-72 1322
-1518 1348
490 1420
1558 1591
1172 1612
-1684 726
-501 879
1465 1659
-1225 1057
-1692 1080
330 607
1167 1118
501 1632
-524 1188
-922 1325
-688 1448
-1127 810
-703 689
-325 625
922 185
733 166
-570 1512
1117 1694
-1567 587
-32 1534
-1125 1088
-295 717
-934 1125
-1092 1472
1022 991
1582 1283
1115 518
-1471 895
757 1633
-664 127
-1111 1310
874 421
-879 531
-1322 289
-570 41
502 1062
-797 1693
-1520 124
-601 182
-307 1558
1586 488
-195 1700
-1154 1237
1680 139
-1026 1309
1286 51
-481 1520
