100
291 52
733 255
-136 670
-80 805
194 505
-417 386
362 707
305 607
836 56
-806 836
438 53
815 590
443 803
-610 143
-474 327
-451 235
606 811
517 563
180 792
-404 129
638 707
328 206
410 235
-262 553
-329 230
361 395
-622 400
-818 634
-607 587
274 266
-420 585
174 337
-726 50
424 606
-623 795
-9 300
-205 795
640 195
432 435
293 502
-297 802
-94 338
-839 441
-312 140
777 697
686 427
56 392
-169 540
-373 699
789 342
-224 283
79 562
-161 417
819 241
619 474
-262 659
531 138
-30 427
-360 469
786 456
181 674
-530 748
-808 367
-765 297
-376 850
687 83
-308 50
83 660
405 327
274 689
-754 767
36 477
555 400
-688 254
274 772
44 808
-508 504
511 276
-531 102
515 656
-827 230
734 561
614 561
105 279
-445 763
781 780
-27 722
-718 457
-671 530
-634 692
-516 624
447 519
-55 558
-777 545
-565 213
-827 722
273 394
-735 623
610 119
612 300
