100
550 715
722 189
-231 414
-316 269
-848 420
-397 791
-203 290
656 494
224 352
-306 734
-316 72
751 726
-576 209
187 478
556 408
86 447
-193 840
502 302
-82 621
-749 604
39 820
213 215
595 142
687 847
-7 706
362 517
695 382
-28 558
811 781
513 802
186 689
-288 656
471 680
-461 390
277 436
-227 575
-803 799
72 742
161 812
-393 231
339 190
-106 829
92 303
821 341
-846 600
-540 335
-273 140
-837 726
-511 590
-696 714
-406 670
-613 735
724 80
-455 137
-98 402
575 559
650 693
403 345
439 62
743 289
430 447
-207 691
632 245
744 507
-705 427
446 183
314 99
-548 815
-776 115
-462 483
282 820
-624 515
-793 336
205 595
813 129
453 559
526 51
-789 501
621 772
309 339
-125 553
-689 208
-712 328
-476 757
-708 837
802 229
-623 420
724 624
-431 572
95 568
-517 61
-361 514
-291 351
353 761
327 654
-322 825
-30 285
-787 231
822 461
801 661
