1339
-880 3240
3200 2680
-3200 440
3200 1320
-2880 840
3200 1640
-720 2600
-3200 2760
-240 760
-3200 2440
320 1800
1120 1480
2080 2360
-2640 520
1760 3240
-3120 1480
-2880 1320
1920 280
-80 3240
960 1480
960 840
-2480 3240
2240 920
1840 2840
-1680 2360
3200 2600
-1280 1560
-3200 1160
-3200 3080
-2960 1400
1360 920
1920 1960
800 3240
1920 3240
-1760 200
-3040 2120
-2320 3240
-1680 2920
-1840 1160
2720 600
-2320 920
3040 1880
-2720 1640
80 3240
-1760 600
1600 1960
320 600
-2160 1320
-960 1880
-1440 200
-80 280
2720 2440
-3040 440
-1680 1400
-1680 1240
720 1720
240 3240
2560 760
-720 2120
-1440 920
-1520 360
-2320 2920
3200 2840
2080 2520
1200 3240
-2400 760
2000 440
1760 3160
-80 2360
960 1720
3040 1560
400 2760
-3200 120
3040 3240
480 2040
-800 1960
-640 3240
320 200
2560 2040
1040 600
640 1480
-880 200
960 440
240 2360
1200 3080
-2240 1240
-320 2280
2560 1000
2000 2680
-1360 360
1680 120
-800 920
1360 680
2160 3080
0 1640
2160 1240
-3040 1960
-560 2680
0 1080
2400 1400
3040 2760
-1200 3240
3200 1480
3200 760
-1360 3000
1760 280
-2160 2040
-2960 120
-1760 760
2640 1880
2160 3240
2400 2680
3120 1400
2800 2600
-640 520
-1600 2280
-2960 2680
-880 2520
-1200 3000
-3120 40
-3200 600
-2720 1720
1200 920
-1120 440
2080 120
2400 1080
-2880 1720
-400 120
2560 2280
2400 920
2320 2760
960 2600
-1520 120
1680 2920
-2320 1800
-1680 440
-1280 280
-2800 760
-2640 120
240 1240
-400 2680
-2480 840
-2560 1240
-2800 2840
1520 2760
1520 1480
1680 600
400 2440
-1120 760
3200 1800
-1680 2520
1600 1800
1920 2440
-80 440
-1600 840
-400 2360
-960 1400
640 1240
560 1880
3200 3080
720 520
-2880 360
3200 2280
-1840 2680
1200 1480
2240 1160
-1680 360
1680 2680
3120 1240
-2240 3240
-1440 2920
2160 2920
-1600 1640
720 840
-3120 1160
480 40
1680 1960
-1840 2120
240 2520
2880 2760
-3200 3240
-160 2120
1760 760
-640 280
-2400 2600
880 1560
1680 920
480 2280
2800 280
-1600 3080
3200 920
320 760
-640 40
-2400 2040
-160 1080
-880 2120
-2400 2200
960 2920
1520 600
-2080 2120
2800 200
1040 3000
2240 1080
-480 2840
2800 3240
1360 1240
3120 2600
1760 2200
-2160 760
-800 680
-3120 840
-1280 760
1120 2600
3200 2440
320 1400
-2560 1880
2480 520
3200 120
-2560 3080
-2560 2600
-2320 3080
-240 1960
640 2120
-320 1000
1280 2120
-3120 2840
2720 2840
-2400 40
2000 2200
-240 2040
640 2680
160 280
1280 360
160 1560
1040 1320
-960 360
400 1720
-1680 2200
-1920 360
160 2360
0 2360
320 1640
-400 1640
2160 2360
160 760
2720 120
-2960 2360
2000 2840
-3120 2600
-2560 1800
2080 1000
800 2120
-80 1000
1520 1320
2880 3000
720 1560
560 2040
2400 1720
160 3160
1280 1960
2320 200
240 2680
3120 2120
880 840
-1280 600
-2320 840
-1120 120
1680 2520
2560 2440
800 2520
1600 2120
2400 3000
-560 2120
2400 2840
-3040 3240
480 1720
-2720 3000
-640 1960
560 3240
1600 440
1040 2760
-1840 2280
-1760 1640
3040 2040
1840 2520
80 920
-2720 3160
2640 440
-480 600
-320 2680
-880 2840
-640 2280
640 1320
0 2120
1200 680
-640 680
-2480 1960
800 1480
-2240 2920
2560 1400
960 2200
1280 2920
-880 1160
-3120 3080
-2880 2040
-400 2120
2080 1720
-1440 2440
-720 1800
-2560 2200
-320 1480
-3200 2120
1840 1000
-1200 2600
-960 3160
-1440 2040
1760 1080
-1440 360
-2720 2280
-1680 1480
1360 2600
-1600 200
1360 440
1840 2360
-1920 920
2480 1960
2080 1480
2640 3000
-320 1160
-320 440
-160 1560
2880 2520
-1920 2280
-2720 1000
-1040 360
2960 2440
0 2920
-3040 2920
-3200 920
2480 280
1920 680
1520 1160
1120 2680
960 120
3120 840
560 1560
1120 2280
2240 520
160 1400
2320 1640
-1680 2040
1040 3160
-1040 200
560 680
160 360
-80 2840
-1200 1160
-1280 1320
2320 360
-800 440
-2560 2920
-2480 1160
1440 1080
-80 1480
-1120 600
-3040 1560
2960 1560
-80 1960
-2320 2120
80 1800
2320 600
-2880 2600
2320 760
-2640 760
-2080 3240
2000 3160
1120 1000
2320 2040
2240 760
3040 2600
2880 2840
2640 1320
-1120 2280
-640 1400
2480 2200
-160 1240
480 1000
800 200
-1200 200
400 440
-320 2520
1840 600
-2720 1880
880 3000
-640 440
160 1000
-2400 3160
-2960 2920
-1040 120
-2880 200
3040 1000
-640 1480
-1920 760
2800 40
480 1480
1760 1240
-3040 2200
-480 440
-960 520
1360 1640
1600 2360
-1360 1080
800 40
1840 360
2720 2760
1200 2520
2640 1160
-1360 120
-1440 1720
720 760
640 360
1600 1720
-480 920
2080 3240
1840 2760
-240 2680
1840 2280
640 40
-1360 1880
1280 2280
-1280 1000
80 2200
-2160 840
-720 3240
-400 520
-1520 1000
1440 2360
-240 2840
-3120 2360
-1360 2760
1920 1320
-720 2440
2480 1800
2560 1560
-1280 440
1120 2920
2400 2360
-320 1720
-1440 1320
1360 1480
-720 760
1040 2120
800 520
720 3080
800 1320
640 2920
-1280 2760
1840 3080
1200 2760
-640 2600
-1040 2120
-1120 1480
240 920
-960 760
-2960 2520
400 1560
160 2760
-800 3160
720 360
-1440 520
-2480 3160
-1680 3160
1040 1720
-2880 1960
-2080 3080
1120 2040
640 1080
2480 2520
560 2200
-960 3240
-160 600
2560 2120
2640 200
1200 1640
1600 3240
-2560 1560
1520 2440
880 1080
-2240 120
2480 1560
640 200
2240 1640
-320 600
-1680 760
2800 2360
-1920 2120
-3040 1800
2320 1880
-1840 600
720 600
-960 1320
80 1880
-2640 2840
2720 3080
-80 2280
-2480 1640
0 2040
-960 2600
-2240 2680
-1680 120
2080 2680
-2800 360
1920 2920
-2800 3240
-400 2920
720 2280
-160 840
3200 3000
3200 1960
2000 2600
-400 2520
1680 2280
3200 520
-240 520
640 2840
3200 1080
-3120 520
400 2120
-2880 3000
-880 440
1040 2280
1200 360
-1360 2440
-2000 1800
1440 1320
2800 1480
-560 1080
-480 1640
-1600 2360
-1360 3240
-3200 1720
-2560 120
3200 1160
2960 440
2080 360
1360 2120
1360 2680
-960 1640
-800 2360
2880 600
-480 3000
-1040 2840
-1760 2520
560 2600
1200 1720
2320 1320
80 440
-2240 1880
800 1240
-480 200
-1920 1880
-2800 2200
1520 920
2560 360
1600 840
-2000 2360
-2080 2200
-880 840
1840 1880
-2640 2440
2000 680
1840 1320
-2640 1480
2800 2120
1680 3080
-3120 200
1040 280
-2160 2520
2640 40
1360 3240
-2720 200
1760 1480
2800 840
-160 3080
-320 2920
2880 3080
-2240 680
-3200 1560
2320 2360
1040 760
2160 1880
1280 1800
1520 3240
2560 2920
-1600 1000
2960 3160
-1120 1560
480 280
-640 2040
1120 1880
-720 1640
-2880 600
1920 2040
-2080 120
2640 2440
2480 3240
-480 1480
80 760
2240 1320
2880 2280
480 600
2720 1960
720 1880
800 1800
-1680 520
1520 760
-2560 2040
3040 1720
2640 360
-2880 3240
960 2360
160 2520
1520 2600
1440 3080
2160 440
480 760
-1600 1880
-2960 2120
2960 280
-720 1160
3120 680
3200 360
-1760 3080
160 600
1440 1800
-3200 2280
560 840
1840 120
2000 1240
160 2920
-1120 2680
-1120 3240
960 1800
320 2280
720 1160
-2720 1240
-720 520
-2080 520
-2960 520
-1040 1720
720 2040
400 3240
80 2840
-1760 1960
1920 2360
-1360 1400
1760 1400
560 2360
-400 1080
-2400 1800
960 2040
560 440
2080 2280
-1280 1720
-720 2840
1120 600
80 2680
2880 440
-2560 3240
2720 1240
320 3000
880 1880
-1040 3080
2880 2440
2480 2040
-2400 600
320 2600
-2880 2440
-240 3240
2000 840
2400 360
2880 520
1200 2440
1360 600
320 280
-560 1880
1600 2520
1200 760
-1520 2600
480 200
-2160 1080
-1040 1080
-1520 2440
-1920 2040
-960 680
2880 2040
-480 3240
-720 1880
-800 520
-2480 1400
-1920 1720
480 3080
160 1800
-3120 2280
2880 760
-3200 1000
400 2600
1920 120
2000 2040
-1600 3240
480 1400
-3200 2600
2720 1640
1920 1000
800 2920
880 360
-480 3160
2400 40
-2480 2760
-2080 2280
480 1320
-240 1400
-2000 1640
2240 280
2320 2440
-2000 2440
1280 200
-1440 760
80 1320
-1840 40
1680 360
2720 2040
-2960 3080
-3200 2920
-1520 1880
-1120 1240
2000 1160
-2160 2440
3120 2920
1200 520
-320 3240
-160 2200
-1280 2840
-480 1320
-960 1240
-2480 2360
2160 2200
560 1720
-2400 1160
-2080 840
-2720 2440
-2400 2840
1280 3080
-3120 3160
480 440
-2080 440
-2320 1320
2320 3240
2960 3240
800 3000
2240 2120
1760 520
-1840 1800
2080 1960
-2080 280
-3120 1880
2400 3160
-1120 1880
240 440
-1280 920
2000 760
-2240 520
-2400 2920
1120 360
-1120 1080
2320 3000
-3120 1640
-1680 920
2720 840
1200 2280
160 1640
-1760 1240
-80 680
240 2120
-1680 1960
1440 2040
2240 120
-960 920
2720 1480
-1840 840
-2560 680
1600 40
-1760 3240
80 1560
-80 1800
-240 1560
800 280
-640 1000
0 3160
-3040 280
-480 2360
-640 200
-2400 200
-2320 2280
1840 840
2240 2600
-1120 3080
-2640 920
-1520 1560
-2800 2280
-1840 2360
1520 3160
-1520 2680
2640 1400
1840 440
-2320 2760
-2640 2200
640 2440
-3200 1320
400 680
2560 3000
-320 1960
-1840 2520
-2800 1160
-880 1720
1280 760
-2160 2360
3040 40
-2800 3080
2320 1480
-320 40
1680 2120
960 3240
-880 1800
2720 1800
-560 3000
3120 120
-1680 2600
2400 2200
-2160 3080
-1040 2600
-880 40
-1440 3080
-2880 1160
-2480 520
-2000 1000
-3040 2760
-800 280
2880 1160
-3120 760
-1440 3240
-1440 1160
-2960 760
2160 280
-480 1240
-960 600
2880 1560
-1120 1800
-400 1400
-80 2680
2560 2840
-480 1960
320 1080
320 1240
2800 1720
-320 2120
3040 600
880 2600
1600 2280
-1600 2920
-2720 1400
-800 1480
1680 1560
320 2840
-1840 2920
1920 1480
2720 680
1040 2440
-2640 1640
2800 1400
-240 2440
-2160 2600
-880 360
2160 1400
-3200 1880
-2400 2520
-800 40
3200 600
1680 2360
-1520 1160
-1520 1240
2400 520
-320 840
2960 2600
1920 1720
-720 2760
1760 1800
-2720 2760
-2480 680
-1520 2760
-2480 2440
720 2680
-1200 2360
-640 3160
-1440 1880
560 280
800 1160
-1440 1560
480 2520
1920 3000
400 3080
1200 1320
-1920 520
2160 2520
1120 520
960 2760
320 360
3120 2360
-1840 520
1040 1880
2880 1800
-2160 1800
-3120 2520
3120 2440
-720 1240
-2000 3160
-2960 1000
-2240 2200
160 2040
-2560 2360
1120 3240
3040 200
1920 40
1360 3160
-2320 280
-3040 1320
1040 1560
2720 2200
-320 3080
-3040 1080
2960 1960
-2080 920
-1600 2760
1920 600
880 1400
-1360 2200
-1280 2040
480 2840
-960 2280
-1920 1320
1920 2200
1840 2600
2480 120
480 1240
-3200 2200
1680 760
2160 600
80 1080
-2800 1480
1120 120
640 3240
2480 840
1360 1080
2160 840
240 600
880 3160
-1360 680
-2320 2440
2160 1640
-80 1640
1440 280
-800 2440
1600 280
0 680
2160 680
-1360 3160
-320 2840
2560 840
1600 1000
400 1240
-2960 2760
-800 2840
-1120 360
1200 200
3120 440
2880 3160
1760 1720
2160 40
-720 2280
800 760
-2320 1080
1760 2760
-1040 1560
-2320 1640
-1920 3000
-2160 200
-1040 3000
-2320 1560
-2400 360
-2400 1400
1840 1960
-2960 1160
640 920
-240 1800
-160 3160
2320 2200
-80 840
3040 2280
-3200 1960
-1040 2760
-1760 2760
880 760
-1360 920
3200 2040
-800 1320
-2640 2680
400 920
-2800 920
-1360 200
-400 760
400 1880
-880 1960
-2080 2840
1200 40
-3200 760
-3040 1720
400 1000
880 1960
-640 1640
-560 2520
-2160 1640
-320 280
-2480 2840
-1840 1400
-2080 2600
-400 280
-2160 2760
0 2600
320 1960
-2400 1240
2240 2040
-2960 2200
80 3000
3040 280
2080 2840
160 3000
-880 2200
-1280 1800
-1200 1880
-400 1880
3040 2840
-2080 1560
-1520 2040
-160 2920
3040 1400
2480 1320
-800 1000
-1200 1400
880 2040
-1200 2120
-2320 2600
2160 1480
-560 2280
-2880 1560
-2640 3240
1840 1720
-1920 120
-1760 1560
2800 680
-1440 2280
-1680 1160
-1440 2200
-2320 440
-1600 600
2640 3160
-2800 520
80 1480
-2080 1240
-1520 2120
480 1080
-880 1560
-2080 1480
2640 3240
-880 2360
-1360 2360
-2000 1320
1200 1080
0 2440
2240 3160
-400 680
2800 3000
-2000 1960
2080 280
-720 200
-3200 1240
560 1800
-2720 2040
-160 1720
880 200
-2080 2920
-560 920
-640 1560
2720 440
1440 1560
-1280 1960
1440 2920
-2800 1800
-2800 2680
-2000 2600
-1680 2840
-880 2680
2960 1400
2720 1000
1440 2840
3120 1720
0 600
-1280 2600
-3040 680
-400 1320
2640 2600
1360 2440
2960 1240
3200 3240
-1120 2040
-2240 360
-3040 920
1520 1640
-1920 3240
560 3160
-1360 2840
-480 120
-1360 1160
1440 1960
2960 2200
2800 1880
-2000 1160
-160 440
-400 1800
880 40
1600 2840
800 2280
880 2440
-2720 440
-560 1160
2480 680
-1120 2840
-80 1320
2960 120
240 1320
-1120 920
-160 280
-2480 200
-720 3000
-2000 680
2560 1720
3200 280
-2800 1000
1200 3000
-2000 440
2400 1640
2080 2040
-2320 1960
800 1640
1200 1160
240 1880
2960 1080
-1120 1720
-1280 3160
2560 2680
-2800 1960
1040 1160
-1840 1560
-2000 1400
1520 120
800 1000
1200 2680
-2720 680
2320 2920
-1760 2680
3040 3000
-2720 2600
320 1560
3040 840
1360 1400
-1040 840
3120 1080
-1520 520
960 1240
-1120 1320
80 1960
-800 3000
-480 360
2800 1240
2080 3000
0 1240
-2880 1480
1120 2120
-2800 120
-880 2920
480 2920
1840 1560
-960 2520
-1520 3240
3200 1560
1440 520
-2560 280
1280 2760
1200 1400
-160 920
2480 1080
1360 840
880 600
1840 1080
2080 1320
-1280 40
1360 2520
-1760 1080
2880 1640
2480 3080
-640 2680
1360 1880
-1840 2760
-2240 1560
-1280 2280
-1440 2600
1840 3000
2800 2920
1920 1560
-1520 1400
-1200 2440
1040 1080
2800 1000
3200 2120
560 3000
2960 920
2240 1800
-640 1240
2000 520
2560 600
2800 1080
-2480 1000
-2400 3080
-400 3000
-640 2440
2400 1160
-1920 200
3120 3160
-960 2360
640 3080
-1840 3080
1920 920
-640 1320
1360 40
-160 2280
2720 2280
1680 1240
-560 760
80 280
-3200 360
-2480 440
2160 2760
-2720 2120
2000 1800
2000 1640
-880 3000
-480 2280
-1680 1800
2080 1080
-1920 2840
1440 360
1200 1800
1120 920
-2480 1480
720 2600
-320 1240
320 3240
960 920
-1120 2200
-1200 2920
1600 3160
880 440
1440 2200
1920 1160
-560 3080
-1120 680
80 1240
-3200 280
480 2760
-160 2600
800 2760
1440 120
-560 2840
160 680
2400 2520
2480 2600
-1520 1720
-640 840
-1920 1560
-240 200
-2960 3160
-960 1080
1600 1160
320 40
-3200 1400
-2000 2760
-1040 2040
-2000 3000
2960 760
1280 1240
-2240 1000
-2240 1480
-2160 600
-1120 2440
-560 1800
0 3080
720 2360
-2640 1400
-2480 1080
-2640 1080
-2880 1800
-1120 1000
160 2280
-1520 680
880 3080
-1760 360
-160 2520
-1360 1480
-1840 1000
-2000 200
560 520
2560 1160
-2080 1880
1760 2040
1520 3000
1520 520
240 1080
-2640 360
1680 1400
320 3080
