343
-880 1080
-960 1640
1200 1640
-160 1560
-880 920
480 1240
-800 1560
800 360
1040 1080
1040 1640
1600 200
1120 760
-560 440
-1040 1640
-80 1640
1600 520
-320 360
-560 1080
160 1160
-480 920
-1040 360
-80 1320
-1600 200
880 760
1600 120
1600 1080
-1200 1640
-400 680
-320 1320
-1280 1000
560 600
800 1000
1120 1160
-1520 1640
-800 1640
240 1240
240 1640
-720 440
640 1000
-480 200
-1280 1480
-1440 920
-560 1560
-400 1160
-1600 1560
1440 840
-1200 600
1600 840
800 760
-560 1240
1360 1640
-1120 840
-560 40
-1440 1080
0 1480
-1520 680
-880 440
960 600
640 1240
1600 1320
-1600 360
-1200 280
480 120
880 1080
-1200 1480
-1360 520
960 920
80 280
1440 1320
-1120 680
640 1480
1120 920
1280 1560
-880 600
960 280
-1040 920
720 1240
-80 760
-240 520
-640 360
-640 200
-160 1160
720 840
1440 360
-560 840
320 840
-640 600
-1360 680
160 440
-320 840
-880 1400
-1200 1080
720 1560
0 920
-80 280
640 1160
-320 1080
1440 1080
1600 1240
-240 920
-1600 920
1600 680
-720 600
1040 520
1200 680
-1200 840
1360 680
400 1640
-1120 1560
960 1400
-560 1400
880 1400
80 840
-720 1080
-1280 360
-240 600
-1360 840
1040 920
-720 1640
720 520
1520 1480
-1200 760
-1040 1080
-1280 120
880 520
-160 360
1040 760
480 760
400 1160
160 1400
-400 1560
-800 760
80 1640
-240 1240
-1600 600
-480 1640
640 520
400 1480
480 1080
-880 840
480 1320
320 1560
640 200
-1040 280
320 200
-880 40
-560 600
-880 200
-1440 520
320 680
1040 680
-1520 600
1040 1240
640 1640
-1440 1560
-400 40
-1040 520
1360 120
560 920
1200 200
1200 440
320 1400
1600 1000
-1520 1080
240 760
400 600
720 360
1600 1560
-1440 280
400 200
-400 200
-1360 200
-1280 680
1120 1480
1520 920
800 600
1440 1160
-1520 120
960 1560
1120 360
1520 1640
1200 1000
-1360 1400
-1520 1400
800 1320
-480 760
-1600 760
640 440
0 680
720 120
1440 120
1360 1560
-1360 360
160 760
1200 520
-480 1320
800 1640
1360 1320
-80 1000
1600 360
-1360 1160
1280 760
1280 520
880 1640
-1280 1640
880 200
-160 520
400 1000
80 440
-640 1000
1520 680
-80 520
-160 920
1520 280
240 520
-1040 200
480 1640
-320 200
-480 280
1280 920
-1520 440
-960 1160
-400 600
-960 1320
1040 120
-1520 1240
-1600 1000
160 1080
1040 1320
800 1160
0 1080
-800 280
-960 1560
-1360 120
-800 440
-960 120
880 120
-1040 1240
1440 760
1280 40
-1360 1640
-240 280
1360 1000
320 520
160 1560
-960 760
80 1480
1600 600
-1440 760
-1600 1160
-240 1480
-1200 440
480 360
1600 1400
-1600 40
560 280
-720 120
-1120 600
1280 1400
640 840
1040 1400
-1360 1240
960 440
-1280 1160
720 200
1520 440
-640 1480
1200 1480
1280 280
640 40
-640 1160
640 1400
-480 520
800 920
-1120 920
1280 1160
-80 360
800 1480
-560 760
1120 40
1200 1320
-240 1080
-400 1000
-880 280
-1040 1000
400 520
560 1640
0 600
-320 1480
-720 1320
320 40
-400 440
-1600 1480
-800 1240
560 1480
-1040 1400
-1120 1240
320 1160
640 680
-80 1080
160 280
-400 1400
1280 360
400 360
-160 1400
-1600 440
320 1000
160 600
-640 1640
0 1240
-320 1640
1440 1480
-1440 360
880 1240
-800 1000
0 840
1280 1240
-240 760
-960 600
-320 40
-1200 1320
480 440
400 840
80 1320
1040 280
-720 1400
320 360
-1200 1160
1440 520
-1600 1320
-80 600
1360 1160
-160 1640
240 280
160 920
-720 760
-640 40
560 440
-1200 40
-720 920
-1120 120
1360 200
320 1320
