93
80 840
320 840
800 680
720 840
640 840
800 40
-160 840
-240 440
-320 840
0 840
80 520
480 440
640 40
-800 280
-80 280
-480 360
-720 840
240 440
-560 840
-320 280
80 360
-400 680
800 520
-240 360
640 680
-560 360
-400 600
-400 200
0 600
-800 680
-800 440
720 520
-560 520
-320 120
320 760
320 40
80 280
160 360
-80 760
800 280
240 840
480 280
320 520
-800 840
-560 120
-640 40
560 600
320 200
-240 680
-560 200
-80 440
-640 280
480 680
-720 200
-320 760
160 600
480 120
-720 440
-640 680
240 600
-480 40
640 440
480 520
-560 600
-400 440
-480 440
-160 520
-320 600
-400 120
240 200
560 360
720 120
-800 600
400 600
640 200
-560 760
-80 600
-160 280
480 840
400 200
320 360
560 760
800 760
-400 840
720 360
240 680
800 200
-800 120
-720 760
80 680
-160 680
-640 520
800 440
