4993
560 6360
-3840 4520
320 120
-5040 6360
-960 5160
-2720 6360
160 280
-5520 2280
6320 3880
6320 6200
-3280 5880
-5520 5880
-1040 1160
320 1640
3920 600
3920 5960
-400 6120
-6320 1240
-4080 5080
-2720 5960
-6320 920
2960 1320
-2480 4280
240 5880
4640 5640
6080 6120
-1360 6360
-400 680
6000 1880
1680 3720
5600 1720
6320 5240
6320 6120
4880 6040
-3840 3160
-2240 5000
4400 3000
-4480 2840
-4320 6040
1520 2760
-5600 5800
-1760 1640
6240 6360
-6320 5080
-4160 1960
-3760 6040
-1520 5080
2080 1320
-2880 6360
-3600 6120
-2080 600
4560 1960
-640 440
-3680 3000
-4800 360
-4880 520
240 3880
-5680 5960
6320 3720
-3920 3720
-2640 3800
-320 5800
1760 3560
-5280 5960
4240 2840
3360 2840
-2960 4520
800 4760
-4560 1160
-2880 2200
5040 4360
-5760 3480
5120 200
880 2440
-240 5640
1920 200
1040 5960
-4480 2440
4160 5480
4640 5160
2560 3880
-4080 3800
2880 6120
2400 4120
6320 4040
1200 3240
3280 2680
3840 3320
880 3560
4400 1320
3200 3160
-4240 5160
5840 3480
-720 2920
3440 2440
6000 1720
4640 5320
2160 1560
480 3880
-4880 760
-5680 1000
-4160 1000
-5680 5240
-2000 4440
-6320 4040
-3360 6200
4480 5640
1920 1320
-960 2840
3520 3240
1280 4840
5920 1640
-480 3880
-2240 5480
-4640 1640
5120 3720
-4000 600
3120 1400
-5280 1960
-960 3800
2720 5000
4880 4200
2320 1960
2880 3320
-3760 5880
-3440 4040
3200 3400
5520 3400
480 4040
1600 280
-3280 4440
-6320 2920
320 5800
-320 2440
-4640 5480
3920 2760
1440 3960
2880 4840
-3280 1080
5280 1400
-80 5320
-5760 5720
6080 120
-3920 5480
-3760 6360
3840 2520
4800 3560
4640 440
-3520 4520
2080 6360
-1840 4520
-2880 3640
1920 40
3440 5240
6000 200
3600 1240
-5360 4600
-3280 3080
1600 3720
3200 2840
6320 5480
-3520 5160
-400 5720
1280 5800
2240 600
720 3240
-80 5560
-4800 5400
3760 6360
4880 5240
-6080 2680
-4800 1080
-5440 1560
2320 4520
400 1080
1200 3480
-3040 4360
-2240 4280
1840 5320
5120 1000
-5120 5720
-1280 4680
3040 3400
-1200 5480
1920 3400
4000 2840
-2720 2200
4720 3480
-3600 3560
3600 3720
-6320 5240
-5120 1880
1200 120
6320 5960
-3760 1000
4080 5160
2480 5640
-4560 4280
-560 5000
3840 2200
2720 6120
-6320 2680
1760 3880
-4800 2760
800 3560
560 4760
-1120 2760
-1280 5160
5520 2840
3360 6040
2960 5160
-6080 1400
6320 440
-1440 360
0 3000
-3840 2600
1360 1560
2640 5800
-5600 3560
-4240 3720
1120 5880
960 1640
-1120 4600
-4400 760
3360 1960
2880 2040
-6320 4760
3040 1240
-960 2680
-4560 4120
400 2440
-4800 3160
4320 5480
3440 1000
2960 6360
480 4920
2320 2280
-6320 2360
3360 3800
5680 2680
1120 2200
3200 1560
2960 5880
-4320 4120
3600 6360
-3760 4360
-5760 2120
-3760 6200
4800 1720
320 4040
1120 6360
-4160 2440
1040 1080
-2240 3720
-6000 1560
2960 360
-720 3080
5280 5320
5760 200
-5040 920
5600 1880
-1200 2200
3440 5880
-2720 760
2400 3640
1920 5080
-2160 440
-4320 1800
5200 4280
-1680 3560
3600 760
5600 680
3600 5880
-4640 2200
-1040 4120
6320 4600
6080 6360
-4720 4360
3600 3160
-320 1720
-4880 4520
480 200
5760 920
4720 5080
-2400 360
-1120 5320
-1040 6200
-4640 3480
-2480 3960
4960 2520
4240 3800
3520 1880
6320 3240
3760 4600
-4800 5240
4560 4200
3280 3960
-2960 5320
-3280 6360
4720 4920
-1120 1000
1360 5880
-3200 4440
-4320 5400
1840 3560
-800 4760
4800 1480
3600 2760
880 280
2720 2200
2960 2200
-1680 6360
5520 520
1280 4680
5920 2040
5120 1160
3440 3960
5200 6360
3840 2360
-4800 3320
3040 840
4800 2520
-5760 840
5440 2600
-3040 1720
-2800 2680
3920 3160
1440 2440
3920 5800
160 2200
880 120
-2000 5000
5920 2600
-5920 3080
-1040 1960
4320 2360
1920 440
-3600 4600
4480 4360
-5200 4440
3920 1400
5680 3480
-1360 5720
400 3080
2240 840
0 520
3680 600
-2720 920
6160 1960
5440 6040
-2080 1800
1200 2120
3280 6360
5200 6200
1760 4360
6320 2200
-2000 2120
240 1720
-2160 3080
3920 5640
4960 680
-5840 1480
-2000 440
-480 4600
960 3880
4240 2680
240 3560
320 5160
80 5720
-1600 3880
6320 1320
560 2360
-5760 2680
-4800 3000
3360 1000
2880 4680
-1840 5240
-3680 4200
-400 4040
2000 6040
2960 200
1280 5080
-2960 4200
-4080 280
6320 3560
1200 6280
160 4280
480 5880
-1920 1720
1120 5720
3600 1080
4400 5560
-2080 4040
6320 920
800 6360
5440 3240
-2000 1960
4800 2760
-320 4440
-320 2200
-3280 5240
3760 2680
-640 5960
1920 2760
2720 3320
5600 5720
800 4600
5440 760
6080 6280
-1120 1480
-2080 4200
-2080 1640
-1280 1640
4560 3560
-2240 5640
-3760 3640
4080 3160
-1520 5880
5920 2440
-1840 1240
1200 5960
4800 3720
-2080 5080
-640 3320
5120 6040
-800 4920
3280 3080
3360 2120
-5840 1000
1360 3480
-5520 5720
1440 5800
3200 4360
6080 4600
640 120
-2320 1720
-4160 840
-4640 680
240 520
3600 3000
3600 200
-4400 440
-3440 2680
2720 1160
2400 5800
-2800 360
1360 4040
960 1480
5680 760
-5440 4200
-4480 2280
5760 4920
-5200 4280
5120 4440
-800 3880
-4480 1640
-960 120
-480 1640
-1120 5640
-3440 4600
-560 4040
-4160 3640
-3440 2280
-3440 6360
-640 120
-5600 6360
2880 5800
-1520 3000
-5120 1080
5760 1720
80 600
-960 1640
-3840 2200
5040 5560
-160 5080
4400 1160
-1920 840
-5760 6360
2960 1800
-1520 1720
6000 2520
-4720 2360
-3520 2920
2960 5320
-6240 4680
4880 6200
6240 5000
5920 5000
0 4280
-2880 360
-3120 920
-2080 2920
-4000 2600
1120 4760
4960 4840
1440 4120
3760 1480
2880 3800
-5040 3000
4000 4280
240 680
3840 6120
-6240 2440
5840 4200
-6240 1480
6080 2360
5440 1240
240 6040
-5920 1240
-4320 840
4400 3160
-1600 2760
-5600 1960
-2720 4520
6080 2680
5520 1000
2720 120
2800 6200
-5120 200
5360 1560
-1280 1320
-1280 4520
880 6040
-1440 520
5600 3320
-320 4680
-5600 3720
-5280 1480
-6240 5800
-4400 3080
-4480 2600
4880 2920
-1040 5400
2480 5320
-3200 1320
4480 2760
6080 4840
3440 2840
-3760 5240
-5040 4200
0 2440
2160 5960
-5440 1720
240 5480
5680 1160
-2160 2440
3200 920
1600 200
-2080 4760
5680 3640
-6160 2600
-2640 5080
1680 6040
240 1880
5920 4280
-4800 5080
4080 4280
-560 2360
-4000 4280
-960 1800
-5840 5240
2480 5800
-5520 2920
1200 4920
1280 2520
720 5800
640 3960
-3040 5800
-5680 2280
-4320 5000
-800 2440
4240 5320
5840 1800
-5200 1800
4320 120
-1120 3560
4560 5000
-4000 1480
5360 2440
-1360 1880
80 440
4720 840
2640 4040
2320 1160
1120 3560
3120 4200
5200 4200
80 5560
-3040 1080
4800 440
720 5160
-5440 6360
2400 680
1120 2600
-2880 200
3840 1880
5920 5320
-1760 6200
-3840 5080
-1760 2920
5520 3480
-6240 120
6240 3080
640 2920
-4640 2520
-4560 1480
-2160 2280
5680 3320
-2400 5080
-5760 1320
2400 5960
-480 2200
3360 3160
2080 2200
-3840 600
3600 3880
3360 5320
-1360 2120
-1680 760
2800 5240
2800 4840
4080 2200
5040 6040
-400 1800
-1600 2440
4880 4120
-5760 3640
-6320 680
2800 5080
4160 1240
3520 5720
-2320 5480
-560 280
2160 840
2080 2440
-2320 3800
0 1240
-5120 120
-2800 5560
2880 1000
4960 3320
-1680 5560
4720 5160
-4640 1320
-5760 360
2080 3160
-4320 2280
1280 2360
-3760 360
-3520 5560
4240 4680
-6320 120
2000 5880
2720 4680
-800 280
5280 2360
6320 1160
960 2200
5840 4360
4720 4440
4320 2520
80 1800
560 1960
-3440 2760
4160 4200
5280 840
2880 4520
-80 1400
-4080 4120
4800 6360
4960 3240
-6320 3320
-1760 5080
-80 5960
-3360 3800
6080 5000
5840 3400
-5360 600
4640 5480
-5920 520
3760 3720
-960 3000
-6160 6120
4080 200
-320 3960
720 4040
3040 4840
-1840 4680
800 2600
2800 1640
2480 840
-3920 5800
960 5160
-160 5480
-3440 3240
5120 5400
5360 4520
6080 1400
-3840 1320
-2480 1480
-4320 3160
-6080 3640
-1760 4200
-1680 3080
-4800 1960
2960 5560
-5040 3880
-880 5400
1440 1400
4720 1400
80 6120
-6320 3240
6320 2520
2880 1880
2160 4760
-4560 3960
1360 3160
-5920 3320
160 3000
-3280 3640
560 5080
3280 3560
6320 3400
-2400 5640
6000 1560
2800 440
480 5960
3360 4120
880 1320
-6080 6360
-5040 440
-3280 4120
2240 3160
320 360
3280 360
5840 6040
480 2920
4720 1880
400 120
4080 4760
800 4040
1280 2280
0 5160
-1520 6360
-2800 4360
-5920 2040
4800 5320
-5520 1800
1760 1880
-3840 2680
-2720 5400
-1360 4280
-3040 200
240 5640
-3520 4360
4560 1880
-240 4600
-640 2200
-4320 6360
-4000 2760
800 600
5440 3640
2960 3560
2240 6360
3440 5320
5680 3240
6160 1640
4960 6360
-5120 840
240 200
1280 6120
5600 1240
-5840 4760
-6320 1080
-640 1880
-4160 2600
720 4840
880 600
-5680 520
-4960 3240
3520 4440
2080 440
-5760 4040
1760 6280
2960 4120
1040 5560
-5120 4600
1520 6200
-3280 600
4080 3800
-3920 6280
3360 3640
160 6360
-3680 2600
-80 2120
-3840 1800
-1600 840
-3360 6040
4720 2680
-720 5320
160 5960
-6240 2040
6080 3960
-2160 1640
5040 4040
-3520 5800
-3200 40
-3920 4520
-2880 3160
-5520 4600
880 920
5120 5960
-6160 4520
80 1640
-2240 5960
5200 2040
-5280 4040
-4880 2440
-4320 3560
-4960 5080
1760 840
4560 6200
2320 5240
2080 840
1520 1320
-5280 520
800 360
-3600 2280
640 1080
-5520 3080
3760 1000
-4960 4120
640 600
1040 1240
5040 1320
4800 200
-6320 6120
4640 2840
-4160 600
4720 6360
-640 840
-4720 520
6240 4680
-240 760
1920 4360
-5360 3480
3280 840
240 2280
4080 920
240 4600
4480 2920
-4400 6120
3840 1000
-4800 5960
-2960 600
2320 1000
-2880 2840
-880 2040
5600 1960
640 3720
-3200 3240
-4560 6360
1440 520
4720 1000
-4240 2760
-2880 4120
640 5880
-2560 4360
2560 2840
-5840 1800
1200 1560
-560 5640
2400 5480
3360 3480
2560 1160
4640 5880
1200 1240
-2320 1880
240 2040
-1920 3400
2240 4200
-4400 1640
560 3080
-4160 1320
-5280 920
-5360 2120
-3440 520
400 6200
2000 3880
2400 5400
1520 5960
4480 3400
960 4680
1280 920
-2880 40
-4000 840
6000 5160
2800 2600
4960 5000
-880 4280
3600 2200
-240 2520
-2160 4440
1680 4840
-4640 4120
-2960 6280
-1520 3160
1760 1640
-480 4760
-160 3160
5840 1880
2320 6360
-5760 2200
-320 200
-3440 6280
5760 360
-80 600
-6080 2040
-160 1960
-720 1720
-3760 3880
5920 840
-5200 6360
-2320 6280
-4240 4040
4480 3080
-80 4200
3120 3000
5200 4520
6320 3080
6160 2280
3200 4040
-3200 5800
-240 1400
-1840 2040
-4320 1880
-4320 1320
-800 2680
5040 4120
-240 3000
-6160 1880
1440 3880
-5440 5960
0 3720
4880 4360
960 5640
-1760 1320
1040 40
480 2520
5840 3640
400 6120
-4240 4280
2160 5880
800 3880
-3440 1560
320 1480
2880 3160
-3280 6280
4800 4920
-1920 2360
-640 5480
-5360 1880
-4160 3240
5600 3560
3360 600
-5680 6040
4320 5080
480 3720
-3920 5640
-5040 120
3520 4120
5920 5720
-3360 3960
2320 1800
-5440 1960
6240 120
-5120 2200
-2720 2520
-2320 2440
1440 5640
1120 4520
-6320 360
-1520 5400
-3120 200
-4320 4760
-880 3320
4000 2520
-3600 440
-5280 4840
5760 2520
-2160 1000
560 5720
-2800 1800
3600 5160
2320 5800
4320 1000
2560 4120
-2640 3000
-3120 3160
-960 2760
4480 1480
-4480 6200
-1520 6040
4400 3640
-160 3880
-4880 1480
-4720 2440
4320 5960
-4640 5320
3840 5080
2160 4600
-4480 6360
-480 120
2560 4520
4800 2200
-6320 5640
6160 2920
480 5160
-3440 3400
960 2040
-3520 3160
1920 1640
5280 520
-3600 2760
2000 2120
-480 3800
-6240 6360
-2240 1160
4800 3000
-2640 2840
2080 1000
-800 4200
-4560 5000
4320 6360
-320 5160
-4560 840
2240 5960
-640 2600
3200 4760
2400 4840
-880 3240
2480 3720
-1520 3480
4880 1640
-3200 5080
-6160 2200
-2640 6040
-4880 6360
2480 1400
1520 4680
1920 3960
-640 5080
-1360 2760
2800 2840
-1440 3880
-1600 1640
3040 1480
-4640 40
-4160 760
-5920 5880
2640 3720
-960 4680
1840 200
-2240 3320
2160 1640
-5360 1240
6000 1960
-1200 2040
-5200 760
2080 5480
5440 1480
1600 5160
320 1800
-960 5720
-5120 5160
-5040 6120
-6080 5880
-4480 5960
-3200 6200
-2480 40
1600 1000
-6080 1000
6080 4120
5040 5320
4320 520
5760 1560
-2080 760
-6160 3160
480 4520
6320 760
3520 6200
-1200 3320
-4960 760
-3920 3960
-400 2360
0 2840
4080 3000
-1680 2680
-4000 4680
5360 4120
1120 2920
4240 3080
-4320 3320
5440 1720
2800 920
-4400 2760
-2080 4360
1600 5800
-4080 6120
-320 3560
4960 1240
2080 4120
3440 3720
2800 5880
5280 1080
3040 1160
-3120 5160
560 920
-2880 1640
5840 440
3280 2280
-3200 2840
-1360 3480
-3360 4920
2240 2440
-1040 4760
5760 3160
-5200 2200
-3120 4920
-3440 2120
320 6360
320 4120
-4480 4520
-4720 680
-2160 6120
5360 680
4560 1240
-4560 4680
-4720 3320
2240 120
3920 2600
0 760
5680 4040
1040 2040
-6320 2520
1040 1800
5440 5880
-4080 440
-1280 680
-4720 3960
2960 3720
-2640 2600
5600 4600
4480 3960
-880 1240
2160 4040
3520 600
-4640 5160
-2480 4920
1840 2120
4560 2120
-4960 1960
-5200 1320
640 3320
-240 2680
5680 2840
6000 1240
2800 1400
3280 5160
2400 3800
4640 3000
-4560 1320
-5920 5000
6240 5640
5200 1480
5440 4120
2640 840
-4240 2360
2080 3240
4640 120
-3840 2360
-2400 2200
-2400 4840
1680 4680
-880 5000
2560 2120
-6320 5800
1760 2600
-3920 6120
6240 3960
-4560 2360
2960 1080
-2960 1880
1200 1080
1360 2280
-1120 360
-3600 6360
-3120 4200
-3440 2440
-5360 1400
1680 1640
-240 1160
-960 2200
5280 3720
-5120 4920
-5200 2760
-1120 4120
-4720 1880
3680 6280
-5040 600
-320 440
2240 1960
-5120 3800
-3120 3880
2240 3000
5520 1320
-4480 3400
-2960 4920
-3680 1880
1520 1640
-2880 1080
5120 3960
5440 680
1440 5080
-1680 360
-5280 4360
6240 2600
-4880 4280
-240 360
-320 3160
1760 4040
1920 2200
-2640 3960
5920 1480
-2880 1000
-2080 5480
-2800 4040
-4880 360
4720 3560
160 5640
-4320 4440
-1120 5800
-6240 1720
-1760 6360
-3360 4680
640 4520
4720 2040
-2960 1400
-2160 3720
5520 1400
160 2360
3120 6360
6320 2280
-1280 4120
-5120 5080
-1040 5320
720 920
-5280 6280
-3200 2680
2640 280
480 6200
3840 2920
-3760 5720
3920 5160
-320 760
-3520 680
3680 4440
3680 840
-3440 4360
1600 840
800 1080
1840 6200
2400 3000
-960 3880
5680 1400
-320 3800
-1360 4600
4640 6040
2640 680
-5040 5480
-3680 4520
-80 920
-3840 2440
4160 1720
-3760 4840
3040 4120
1600 3880
2000 2360
1520 4520
-4800 3480
-5200 6040
640 440
-5680 1800
-5520 2040
5280 1240
2400 4280
6160 3400
5120 760
400 5560
-2720 1080
3600 280
1280 520
-1200 6280
-4000 2280
-5600 3160
480 4200
-720 2680
1760 5560
2960 4440
-160 600
-5840 2440
-3280 5080
1840 1320
-560 4440
-2960 5480
0 280
-800 1160
4080 1960
480 1480
-3280 5720
6160 3640
3920 1800
2000 1480
-1200 4200
-1680 40
5600 4680
5040 6200
-2080 2440
-560 4520
-720 5160
-1280 2440
5680 6360
-3760 3720
5120 2280
-5280 5240
-6080 920
5680 5960
4880 2280
-2480 3000
5440 1880
6240 520
3280 1400
4960 280
-2160 3000
-2000 120
-6080 3000
-880 440
640 3640
-80 5000
5520 4520
-1440 5320
3120 360
-2880 1240
400 5720
-1760 920
4240 4360
-3600 2520
3520 3960
4000 5000
5600 840
3200 5640
-1280 1800
5360 3080
1040 3080
-320 40
5680 1320
-1760 2040
6080 5320
4160 2120
-6320 3720
-4240 3400
-4560 2520
3920 6200
-480 3160
-1760 2520
-2320 3160
-3520 3800
-3760 200
-1760 2280
4720 4760
3440 1400
-960 4440
1920 5800
5280 2200
3280 5080
-960 1080
-2720 1640
-1440 5160
-1760 3960
-2080 5880
-5760 6120
6080 520
4720 4520
1280 2680
-240 5320
-5440 1320
5440 2360
2480 2760
5760 4840
2640 5880
2080 1160
5120 920
5120 5080
320 4360
2880 5640
-2240 4760
1840 1160
4240 3560
2480 1960
5680 4200
-4160 2200
2560 3240
1840 4840
4160 1320
-1760 280
-6240 3720
5440 280
400 4760
5520 4760
5520 4040
-5280 6120
-3920 2440
-1280 520
1120 3720
-6240 3000
-3600 2120
2080 4280
-720 1240
-2960 3800
-5280 2120
800 4440
2640 3400
4000 4120
-2400 2920
160 5160
-3200 3720
3920 5240
6160 6040
-3840 5880
-1680 1800
6000 600
-4800 1240
2800 4120
-1920 4760
-4080 2760
-2080 3160
1840 5960
-1360 3080
3520 1160
-6080 4120
-1360 4360
-2960 2680
-5760 1800
-4880 1240
4640 3720
-480 2680
-6080 5720
880 4920
240 6200
6160 760
-4720 5560
4080 5560
3760 4120
3040 4600
-1840 2440
2080 6200
-2560 1240
-1200 4760
3600 5320
-3520 3080
-1520 5560
-2400 4760
1680 2040
-3760 2760
-2800 4680
3040 4280
4560 4840
1040 2760
-2160 4600
-1120 4920
-400 5400
-2800 3720
-2720 3240
-5280 3800
5520 2440
0 4440
-3600 3320
5840 4520
3760 2920
-1120 6360
3120 6200
-2800 2360
1280 3000
-160 2440
-320 600
80 5960
720 2280
-400 1000
-5120 1480
4480 120
-2080 1560
-2320 1160
-1600 3960
-4000 5960
1680 4440
3840 840
-2800 6120
-5920 5320
240 4200
3440 440
-2160 4760
1680 440
480 1880
240 1160
-2560 4520
-5280 1720
-1040 5560
4160 120
-5680 3800
-720 3960
6080 920
-1600 1880
-5440 2520
-6160 2520
5440 2040
-640 1080
-3600 2440
-4640 5720
-4800 2920
-880 2520
-640 3720
1280 3880
-1920 5160
80 2040
400 1560
2800 3640
5760 4680
-2320 1480
1920 6360
6080 600
-5840 680
2800 3000
-2640 3560
4400 4520
-4480 680
-5760 4280
6080 3800
-640 5400
5680 5800
-3920 920
3440 6120
-3600 3160
4480 2360
3760 600
-4320 2840
-3760 2360
800 1640
-80 2280
5600 4360
-5840 120
3600 5000
-5760 6200
-4800 2280
-640 3800
-5200 1640
-3040 5560
1200 2520
-4480 5320
-1760 4840
400 440
-5920 6200
-4320 5640
-720 4520
-5440 920
4480 4520
1920 3800
-6000 760
3840 4680
-1680 5960
-880 4680
4400 1800
-3360 2840
2320 2120
-1600 3480
-800 5560
-2880 5640
-5920 4680
-720 2120
5040 3000
4400 5800
560 3480
-5600 760
-1360 920
-2240 6200
-5200 4520
-6080 3720
-6320 1400
6320 5400
4080 1080
2080 3960
4080 3960
3040 2680
1680 2840
-1360 3320
-1920 360
6000 4680
-5760 1560
4000 1480
-3440 5800
5520 3160
-3360 5240
-4320 2600
-5040 2840
5200 2120
-720 600
-2800 6200
1200 4200
-3280 440
4320 6120
-2400 5960
-4560 3000
-5520 4520
2560 3400
160 4120
-1600 360
-4000 3240
6080 4920
-5360 3880
-3680 760
320 5480
4720 1240
-3280 2360
5600 1560
3360 200
-3600 680
-2480 4520
3840 4200
-5760 5880
-2720 120
2000 1160
4080 6280
-2400 3400
1760 4920
5840 40
-6160 2280
4960 2680
-6160 680
-2400 2680
3520 4280
-3280 2920
1440 6360
-1200 2600
1520 3400
-6320 4520
3360 4840
0 4600
2560 1560
-4000 4760
-1280 840
2480 1640
-800 840
-400 4520
1360 6120
3920 3480
3360 5480
-3440 2200
2400 120
800 5960
6080 3480
6320 4360
-2080 5320
-1520 5240
-5280 5000
-400 3400
5920 6360
-4800 4280
-5920 920
-4480 1400
-560 4280
-240 3880
-4400 5720
-5600 6120
4400 1960
-160 6360
5360 2760
-5120 6200
5920 2840
5840 3000
2400 2920
-2160 1320
3520 1720
-5280 120
3120 2360
160 3640
-5600 2120
4560 280
-3840 200
2880 1720
-1280 2760
-6240 6040
-6320 1720
3680 3080
-5040 1160
-4960 3400
-5040 2280
5280 2520
2720 4520
-1040 3320
-80 3400
1040 3240
4960 840
4880 2600
-4000 1320
160 6120
-4800 520
-1760 120
4000 3400
3680 3320
-3920 3000
-2800 200
-4080 6280
-6080 3240
-480 4120
4880 4040
3920 4600
3600 440
-5120 3320
-3040 4600
-2320 5720
-1680 1160
5840 1240
-1600 6120
6160 5160
-5520 1480
-4960 4680
6320 40
-4800 1800
2160 3720
3040 1640
-880 5480
-3600 5720
3600 3560
-1440 3640
-1520 760
-1680 3320
-160 2840
-4560 1960
4640 4680
-4240 5800
1920 840
4160 680
-2400 4440
6240 3480
-3040 3560
960 6360
-4480 5480
-3120 4040
-2000 1480
4880 120
-6160 3480
4720 2120
-1360 3960
4160 360
-6000 2920
1600 120
-2320 6120
1040 5240
-2880 1720
-3040 2040
-1200 6360
6320 4760
-3520 1000
2400 1560
480 5240
-3520 3960
-3600 2680
-5600 6280
-2400 1320
5040 440
960 5400
3520 3560
4080 1640
-560 3480
80 3880
160 5320
-4880 2200
-160 4840
5200 2440
3360 2920
2960 6040
1280 2840
-5200 1400
2160 1160
-3520 5000
2640 5320
-4640 4760
-480 4840
-2560 1080
4640 4280
6320 2040
-1040 3960
-5040 4360
4640 4040
-6080 520
-4880 4440
4800 4040
-3680 4360
5040 1640
-3760 1560
1040 520
1440 5240
-4560 3160
5440 2120
-4160 5000
5760 2920
3520 5960
-3200 4200
-1600 1240
-4880 5400
5040 4520
-4880 5800
3120 1000
-2720 1240
480 840
-1520 3720
4240 3400
4560 1400
-3120 760
4320 1400
-2160 3880
480 2040
960 5320
-5760 280
5680 5320
5760 5640
1920 2600
-2480 520
-4480 360
-1920 1640
720 2440
-3520 4840
4560 2360
4240 440
4800 6200
5200 1640
-5840 3240
-6080 6200
4800 4600
-1840 2680
-4720 600
-1440 3000
80 5400
3280 5320
720 1560
-1600 4840
4480 5000
2000 1800
-720 4920
5520 1640
4320 1880
-1920 4120
-3520 280
-720 2600
-5040 4440
-3120 2120
5440 920
6240 4920
-3280 5560
-4560 3320
6320 4840
4640 4520
-5440 6280
1520 1880
5520 5880
-5040 4520
2960 5400
560 6120
0 2280
-5840 1720
-80 3080
720 1240
3440 3080
-5200 3480
6160 2760
-5680 4360
-4000 200
-2640 5640
3680 5080
4080 4840
-4800 4440
-3760 4920
-1040 1480
-400 6360
-4320 4040
-1280 5800
3360 3320
-1360 5800
2320 2840
4480 5880
6320 2680
1040 6280
1840 600
3680 6120
-160 4120
3280 3800
-2480 1400
4400 6200
-3200 760
5520 2200
4160 3400
4960 3720
1760 520
-2320 1560
240 3720
3360 4600
-2480 5560
2080 2760
-2000 680
-2960 2280
-80 3560
3200 3720
3440 5480
-4400 920
5920 1400
-2880 5880
-1600 120
-1040 5080
3760 5400
2080 1800
3760 6040
-6000 3720
3280 520
960 3400
4000 1720
-4240 1080
-5600 3960
-5600 200
1120 5320
-4960 2360
-1280 1480
-800 4600
-560 3320
3760 4920
1360 6040
80 3560
80 4520
-3120 2440
-880 3960
2240 1480
0 3800
2560 200
2800 5400
-1280 1960
5200 5960
960 4840
-4560 2920
4480 6360
-5760 600
-2080 840
-480 2520
3920 4920
-2000 1320
-3280 4520
4400 3320
1920 2040
-4960 6280
-2160 120
-4400 1240
-3680 1560
4560 3720
2080 120
-3520 600
3760 5640
560 760
2400 1720
5760 2360
2720 1560
-5040 3400
4720 3320
6320 4200
-1760 1960
-5600 1160
-5440 5640
3440 3400
1520 1160
-3600 5160
480 3320
-5920 5640
-160 3720
-3280 1560
6000 3400
880 5960
2240 4440
-880 4520
-3440 3640
-5200 360
-4160 120
1360 1080
-1120 3960
5200 3880
-4880 3960
5520 5080
-2560 6120
-800 1080
4960 1000
-5840 3560
-5040 4760
6000 4440
-2240 40
-1200 5640
4640 1080
-960 4840
3600 520
-2480 6040
-4240 6280
6160 840
1920 1400
640 200
-320 4920
1680 1080
-4560 6040
-5120 3560
-3440 5960
4320 600
-80 5640
3200 200
4560 5720
-3360 200
-1600 5960
-800 6120
4640 4440
960 1160
-3520 840
-3200 4920
-960 520
2240 4600
-1680 5720
-4800 4840
1280 1960
4560 3400
5600 5240
0 1560
640 360
-1440 4440
-4000 1960
880 2920
2560 4040
2160 2040
-240 4760
400 4280
5840 1080
-5200 4680
-4240 5880
1200 5640
4080 6120
320 3720
-480 360
4480 280
-1840 2840
-3360 2600
3200 2200
0 3160
-5600 1400
6080 5720
-5920 1400
-320 360
-6320 280
4000 2200
6160 5880
240 4760
2800 3960
2000 3320
-5840 2920
2000 360
4240 2040
1040 4200
3760 1720
4880 5800
4640 920
880 5720
-3280 3240
1360 5560
4240 1000
-5360 1080
-2800 1480
2880 120
-880 1000
2080 4840
1440 3720
-5120 1240
4720 6120
3920 1640
-1440 2040
-4880 200
4960 3640
640 4200
-5600 1560
-240 5560
1200 4600
4160 4600
960 2600
-2320 2600
1120 2440
2480 3080
5760 5800
6240 3640
-4160 5480
6160 1720
800 3000
4800 1080
-3280 5400
320 2920
-4800 2200
400 4680
-400 2920
400 3800
-5120 5960
720 1960
-5520 3320
-3920 1560
-6080 4440
-3840 4040
2960 600
4080 2440
2000 3800
3200 5480
5680 600
5760 520
-3840 1160
-1440 6280
-5040 4680
-3680 520
5600 6360
1120 1000
-160 4600
-1680 5240
880 6200
5280 2840
4640 6120
2240 5400
3920 440
4400 1560
160 4760
880 3240
2640 1960
1760 5800
-4720 1000
1520 680
960 4440
1600 5640
5200 840
640 2840
-2960 6200
1760 5160
2240 3480
2320 3160
240 4520
-6240 4040
-2400 5240
4000 6040
-2400 200
4080 4920
-320 2680
-1120 520
3680 5880
-5680 4520
-1120 4360
5440 5640
-6240 4280
6080 1000
-5920 360
2160 6280
-2560 5400
1040 6040
-1920 3720
-5680 1960
-5200 440
2880 1240
-2960 2440
240 1320
-1360 5080
5680 3960
-4640 6120
-6320 3480
-2400 4040
-3600 1960
4720 3240
-3280 4280
-1520 2520
4080 5880
2160 360
5520 3960
6080 1800
-1280 1160
3600 40
5360 6200
2720 2040
-1760 5400
-2480 1880
1040 3000
3760 2760
2400 6120
-1840 3560
4960 1800
3440 1880
-960 6360
-3840 5240
2480 4360
-2240 280
3200 4520
-2560 4840
-800 2840
-2880 840
3120 5160
-6160 3240
-4800 4600
-4240 4520
960 2520
2320 3560
5120 4040
-1120 3080
160 1880
1680 4600
-4160 5240
720 760
5920 680
5200 4600
-1520 680
-4160 1800
-3760 4680
-2160 2600
-2480 5480
3760 3880
-1680 4600
-2080 5720
640 1720
1280 280
3840 3960
2720 4280
4720 4200
-6320 4360
-3600 1240
-5440 4920
4160 2360
-1920 4920
1520 3000
4880 1400
5680 1560
-3680 5080
1840 2680
4240 4920
5280 5560
560 360
640 5240
-3760 840
-1600 3240
-2560 5880
560 1640
240 2760
1520 4840
-3120 6040
2800 600
4320 760
1360 760
-240 6200
1680 4280
6000 1080
-4800 3240
-3760 3240
3920 760
6000 5400
-1360 680
1360 3640
4160 5640
-4960 1080
-1440 6200
5760 1400
-4880 5160
4000 3720
-6320 1880
-4480 1720
3280 760
-5120 1320
-1440 3160
1440 4600
-1280 40
-6320 1960
-80 4680
-3840 4680
1360 4200
80 4920
720 4280
-560 3880
-3680 1080
-1440 5480
2400 3240
3360 2680
4720 1640
-1200 3880
-4640 1240
-1120 4440
560 5160
1120 4840
5200 5640
720 1400
3760 760
4080 440
-4400 6280
4000 3880
5600 3720
-5040 3160
-6320 760
1520 360
-2640 440
3120 1640
-2960 680
800 6200
160 1560
-1280 360
3200 600
800 5320
2320 2040
-480 2920
-1920 5960
-3280 2280
5520 6200
-5680 3080
-800 440
5360 2920
5200 520
4640 1880
5600 2520
5680 5880
-4880 1640
5920 4600
1920 4840
3680 1640
-4160 5320
2160 2600
3760 3080
-1040 5000
-3760 5400
1760 1800
-1440 4920
-1360 1240
-5680 4760
720 6040
-1280 200
2080 4440
-6160 920
-1600 200
-6240 5640
-560 1400
-960 5880
-320 1320
6000 3880
-5520 4760
-3600 4120
3840 5720
-3760 40
1440 3240
4640 2680
2160 5080
5040 2280
3840 3000
-2400 920
-2640 1160
5120 1560
-6320 6280
1680 5240
-2960 3480
6000 3640
5040 3080
-1440 3800
4960 5160
-6080 3880
5360 4760
-5680 200
-1680 2200
-5440 120
-880 5640
-3440 4200
480 3160
3040 1960
320 3320
-2960 3000
4400 760
-4480 1000
-4240 2680
-5680 6200
4000 2360
-3840 3480
4400 2680
-2640 2280
-6080 4600
-6160 840
800 1000
2240 3640
-4960 360
-640 1720
-5200 2360
6080 760
-1200 1240
1920 1800
-2000 4600
4960 5880
-320 1560
-240 1880
2320 1640
4160 2520
-3280 1240
4240 2920
5360 1000
5360 6360
3520 4680
-2720 2920
4160 6200
0 4120
-3200 5960
-1840 5000
-2000 5560
-2720 1400
-6160 1160
4960 2440
5040 2120
-5680 2440
-5040 3560
400 2600
4880 3080
4080 4600
-4000 5640
-3200 5400
-2000 6360
560 2600
-3600 5320
-5600 1720
-2400 3640
-5520 1240
3920 1160
4720 3800
6160 2040
4720 2360
6320 1720
-4720 3800
-2640 1640
5680 5080
-3120 1160
-4080 2440
1680 6360
1360 4360
5840 600
2720 1800
1280 4280
4880 3880
-5360 3320
2400 200
-400 1880
4400 2360
1840 2840
5920 5960
4160 600
4160 4440
240 2920
3040 3880
2000 5960
6320 5880
-4400 3560
2560 3000
-160 4040
-2000 2600
4080 6360
-720 4760
2080 5240
-2640 1960
2080 3480
-6240 5000
1600 1480
2400 3960
-6240 840
3200 3880
-1840 6280
-2800 680
-4160 4840
2320 2680
-4080 3400
3840 3400
-160 4440
-2320 440
-2160 3640
6240 280
6240 4360
-5520 3800
-4160 3560
4080 3240
960 5080
4160 5240
-480 5560
-1040 40
-4800 40
-2240 1400
5280 5160
-4960 5560
-3600 4840
-3280 3960
-5920 1640
320 2760
-4560 4840
5760 2200
-5040 5320
2720 5480
-5120 2760
5760 5240
5200 1880
5360 1880
2160 5720
4960 1560
2400 5160
-4640 4680
-1040 2920
5440 4920
4560 5480
-5440 2280
-4080 1560
5600 5000
2960 1560
-2000 3400
3040 3240
-2720 6200
-6240 520
-4960 1800
2080 5000
3600 2600
-5040 2600
2240 1560
5040 4760
-2400 1640
6080 2840
5040 2760
-3920 6360
2560 6360
1280 5560
-2320 5000
-1840 3480
2000 600
-4560 5640
3520 2920
1920 4120
0 2120
4560 760
5440 4360
-4640 4520
4720 3880
-2160 1400
-6320 2040
-5040 1240
960 3720
-2720 2760
-80 1960
3520 1960
-1840 5480
-1840 4280
-1840 3080
-3360 3400
-640 680
-5520 1000
4560 6360
-4640 3640
2720 1320
-3360 3480
2000 6200
-4320 200
2640 1000
4320 4200
2400 4440
6240 1560
5920 2680
1920 2440
960 360
2480 2440
-4560 2680
6160 4760
3200 4680
-6160 1560
1680 2440
-3120 3560
4640 2920
5520 2680
-3280 5000
320 1000
-3440 6120
-3520 40
2240 3320
6240 4120
2480 5000
-720 1960
-5920 1720
-1040 440
3200 5080
-1280 5560
160 3720
-4000 3160
320 760
6320 5080
-4880 3800
1920 5000
1840 4440
2480 6200
-2560 2680
1280 1320
6000 6120
-5360 4440
2000 5560
-2160 2760
4880 4680
-4000 4040
800 4360
2240 280
6240 600
240 5320
80 2760
-1520 5000
-2480 3160
1040 3960
6080 4280
4400 2920
-6080 2840
1600 2280
2480 4680
-1520 2280
-5120 2040
-1040 4520
4240 3240
4480 440
1440 5960
1600 3160
-3520 1720
-6160 6280
-3680 3320
-3600 6280
-2720 3960
1040 3640
4560 680
6320 2760
-2880 4200
4560 4040
-4640 3880
3120 5000
5280 4360
-4400 4680
-5840 5480
880 1240
3920 2040
-1760 4440
-5760 2840
2400 5640
-2320 5320
-4800 5800
3920 280
-4400 4920
-1920 1880
2800 2200
-5280 3000
6320 280
-1040 2520
800 3720
3600 4520
-2640 360
-4320 1240
-6080 280
-2720 5880
4640 2520
-3920 3400
4000 1800
800 3480
-4480 3240
640 2360
1440 920
5600 4840
3920 6360
-3680 6360
-5440 2760
3760 3160
-5840 5640
-2720 2040
-3120 1880
2480 3480
-800 4360
-3680 5640
5680 3000
-2560 2120
-4640 3160
-3200 2280
-3440 3560
3360 1720
5120 4680
4960 6280
2560 760
1840 3160
-1280 6200
-6080 360
-3680 840
-2000 1240
4000 1240
2160 200
0 840
1760 280
400 920
-3680 3880
-6240 4440
2400 2120
2720 520
-1360 5000
-480 5480
-2160 1880
-880 5960
3600 4840
2080 2040
1360 280
-2880 4360
-5280 2280
1840 3320
-4720 4920
4400 5240
-1440 5640
-5920 4280
5280 360
160 2840
1040 360
640 1320
-5840 6280
-3920 1640
4480 3800
400 4600
-5520 4840
-160 5000
-4960 2840
6160 3240
2000 280
1280 1720
2640 1720
4800 3080
-4080 2280
-3120 5480
-2480 1640
-400 2600
-5600 4920
4720 200
-3040 4120
-1680 4280
-5040 5720
3360 4760
-640 3480
6160 280
5120 1800
5040 280
4160 3640
-560 5880
-1600 2920
4240 5640
-1520 4680
3280 2040
1520 120
-4720 6200
2960 2040
-3680 5480
400 2360
4400 440
1680 5080
-6240 5720
4800 760
4800 2280
-4000 5080
-3920 5720
-5920 2600
-5360 5560
1680 600
-4560 3560
-2720 3560
4080 1320
-1920 6200
4880 680
-4080 6040
4080 600
5200 4920
-720 4200
-3120 4680
3840 4360
2560 1000
-4640 4280
320 3160
400 5000
-1760 4040
4080 3640
-5360 3160
2560 3160
3520 3800
1920 3160
4160 5080
5600 2120
-4400 360
-5520 2680
5760 5480
-3360 2760
-5680 1320
1440 3080
1360 5240
-5280 3320
-6240 3080
1280 5400
-2640 1480
-1920 3240
-2080 2760
3200 1960
-80 5240
3520 3400
5840 2760
-160 6120
-1040 1240
-3360 5480
-80 1080
5280 5400
4720 3160
2720 3160
-1680 3880
3760 4440
1680 680
-240 920
880 2840
-1200 5240
-2080 1000
-5760 5080
2960 760
-960 3160
1200 3080
-3920 760
-3840 4440
-3360 120
-3680 280
4480 4600
-2240 3240
3440 4040
-4560 1720
1440 1000
-3120 3000
-2800 4600
-6000 3160
2240 3960
-720 6360
-3120 440
-4400 3880
-2400 3720
960 680
-1440 4760
5040 1960
4960 2120
3120 2600
-2240 6360
80 6360
4080 840
-1440 840
800 4200
4000 360
-880 3640
-3200 1960
2080 3000
-3760 2040
3520 2680
960 6120
-1760 1480
3520 2120
-5120 2520
-3840 6200
-5920 5240
-1440 1400
-4560 4440
-3920 680
1440 360
-4160 1480
-3680 5000
5040 3800
-3920 4840
2640 2840
-1360 2840
-4560 520
-4080 2040
-4240 280
-800 1560
-2720 4200
-3040 5880
3520 1320
3120 4280
1760 5400
-2480 6360
3760 3480
5440 4040
6000 3720
640 840
240 4280
-1440 1240
4320 4920
-1920 1480
2960 5000
3440 1720
1040 840
1920 5560
2880 1480
-4560 1800
6320 1080
-4640 1000
-3600 3800
1600 5880
1280 5720
-5760 5960
160 2040
960 5800
-5360 2760
3120 6040
2000 3640
-1280 3160
3040 2520
-6080 5160
-6240 280
-1120 920
1760 5960
-4800 6120
-3680 2520
-640 5800
3760 120
-3040 3320
-80 3000
-3680 1320
3360 1160
4560 5880
2480 2280
-6160 5960
2000 1960
-160 4360
-400 280
-3120 3960
1840 6360
2080 680
3040 2840
3120 5240
5280 680
-5600 920
720 2760
-4880 5480
-6080 120
-5280 1160
4880 5000
-4720 1720
-5840 760
3680 4680
3120 760
5120 600
-4960 3080
3280 5800
-560 5320
-3920 5320
960 4120
4240 840
-5600 5160
-6320 5480
-560 3640
2640 6040
-5600 40
5680 920
5280 5800
-480 3480
-6080 1160
4880 3320
1600 5480
-2640 4440
1840 920
-5600 2920
-5360 3720
2240 5560
1120 6120
-2240 920
-5440 5160
-1040 6120
1360 5480
-5760 5160
4000 680
-5360 5720
-640 3240
5200 3560
1840 1960
-3920 360
5840 5160
-5920 4200
-1600 4440
5840 2120
-2720 5320
640 6040
2400 2200
320 1400
-1600 1000
3840 5480
5440 5720
-5840 3880
2480 600
-1840 3880
-1280 2280
-3760 6280
-3200 1480
4720 600
3200 2920
-3680 4040
-480 2440
-5760 3320
-2880 5400
1680 3480
-1760 6040
-2800 4120
-1680 2360
-3280 1720
2480 4600
-2080 5160
5920 2280
-6000 5960
6240 1320
640 3160
160 4680
-4160 5960
3440 360
4080 3480
160 6200
4400 2120
640 5640
5360 5000
2320 4680
2640 5080
2640 3880
3680 2360
3040 5960
4160 5320
-3840 5000
-4880 680
400 2760
-240 4200
5760 2040
-4000 3720
3840 6040
-800 2280
800 1480
560 520
4800 5960
3440 200
-4320 5880
-2080 5560
4880 1880
-1840 1000
0 4920
-1360 1560
-5200 4040
2720 200
-2240 4920
-2640 4680
1520 3640
80 1000
-4000 4920
5120 6360
3360 920
-5200 3640
3840 1960
-6000 3880
-5200 2600
-1600 4760
-4720 6360
1920 3000
1280 600
3200 4920
-4000 4440
-240 4040
4160 1480
-5920 6360
1200 360
-320 6360
240 840
2560 4760
-1280 5320
1840 1800
-800 3480
-3040 3800
-6000 5400
-2960 760
3760 440
5120 3400
-5840 4120
1280 6360
-2560 360
-1120 760
3200 5960
-4480 5800
1600 2680
3680 3400
-5440 1160
0 4760
-5760 2520
5760 6200
-80 1720
6000 3320
-160 5800
2640 5160
1120 4440
3040 680
0 1880
-160 5240
-560 1240
-2240 4600
-6160 5160
960 1000
1200 1800
-1520 6200
-2320 4280
3120 3480
6080 4440
1600 2120
240 5560
4720 360
-4240 1880
4320 3720
2720 2760
5280 3320
80 3400
1120 440
-1360 6120
3600 2360
-480 3080
-5840 5080
-3600 1400
-4880 920
-3440 1080
0 3480
2240 2520
-1120 2600
-4720 840
-5680 3000
4160 2680
6320 2840
-3040 600
-6080 4840
5360 3560
-400 2120
-4960 2120
-5520 6040
-4080 3960
-5600 4200
-640 1480
2400 360
0 2520
-1840 4360
3520 5000
4480 360
3200 2440
2800 280
-1840 5720
-1040 2280
-2000 1000
-4240 2040
1120 5480
-3600 3960
-560 4680
-4080 680
-5680 3400
3440 5080
-1200 1880
-5760 3880
2880 2520
400 600
1600 4920
-1520 4280
-3840 1960
-3280 2120
-1920 200
-2080 1240
2400 3400
6000 6360
800 5160
-5760 4120
-2960 1000
-5200 3160
3600 1960
-320 5560
2000 4520
-1520 1080
5440 520
3440 760
-5600 3400
-1920 2920
1440 4440
720 5480
-1840 1160
880 5640
-1840 3720
-1760 440
-1120 5160
-5440 5080
4000 2120
5360 5960
-5600 3880
2480 6360
-1600 4520
4960 5480
-880 6120
-3440 4760
5120 440
-6080 1800
2080 3560
-3360 1880
-2480 5160
-2720 1800
-3040 920
-1920 600
-1840 1800
-320 2840
1600 4600
-2480 5800
3680 2120
-3360 1720
1360 120
480 1080
-3120 3640
4880 4520
-3440 5640
3520 5640
4000 5400
-1520 2200
-4800 1320
3760 3640
-5600 5000
3440 2280
1520 6360
-3040 3080
4480 1640
1520 2360
-800 6360
-4080 1720
5280 6040
5680 2200
4240 3960
-400 4840
160 1240
3840 6280
-1440 1080
1600 1800
5680 1880
-3680 3160
5280 4920
720 4440
80 1400
960 4600
-720 3560
-3440 120
4800 4840
-4240 3880
-560 2040
720 2120
1440 4920
5920 3560
-3840 4280
5920 280
-4080 40
3200 6280
4240 6360
1440 3480
4560 3160
4720 1800
2880 2680
1840 6120
-1920 6120
400 5960
2080 520
-4800 2600
-4880 2600
-2320 1000
-2640 5560
-2400 1000
-3840 6040
560 1720
3200 3240
-3840 3000
-1520 5720
-5040 5560
1680 6200
-1920 440
5120 2600
-3760 2920
-3440 2920
-4560 5880
-3520 1320
2560 1880
880 760
-6080 5320
-2080 200
4960 4600
-6240 3560
1600 2920
-4960 1720
3440 2600
-1200 1080
-4240 3000
-4000 2200
400 3880
4480 4280
-800 1640
-5680 760
-400 3320
2320 2520
-1600 520
5120 5560
-6080 2360
-800 5960
5200 1800
-320 5000
-5040 1640
-4880 4840
2160 3400
5360 3880
2640 600
-3120 2760
3040 3960
-5600 2600
-80 2760
-320 6120
2720 1080
-3440 5480
-4080 4920
1040 1560
2080 5720
-480 1160
1120 1400
-3520 5400
-4320 120
2960 920
-3920 3320
2240 680
1760 2440
4800 40
-4960 5640
-1920 4360
-1360 440
-3040 5640
1680 3160
1520 2280
3680 4840
-5440 3240
-3360 1320
0 1320
-880 4120
-4880 5240
5120 5000
3360 3240
-4160 360
-800 1480
5120 6280
-5520 3960
1120 2760
-800 1800
3680 4280
-1760 3160
1440 4760
-2160 600
2480 5160
-5120 3880
-720 4360
960 2280
1840 5640
-6240 3880
-4400 4120
-5360 4840
1920 4200
-1680 600
4160 1880
-1520 2680
-3360 360
-1520 2600
-6160 5560
5760 5080
5680 120
-960 2360
160 4360
-4080 5400
1520 1560
2800 3240
3360 6200
880 2040
6320 5800
320 2200
1760 1480
1120 1960
-5600 5320
-6000 3400
2640 4360
720 3800
-2080 5960
6240 3160
2560 5240
-240 2120
-320 3720
-2000 2280
-3200 4760
-5040 1480
4160 1080
2080 5080
4800 5480
3360 2440
2240 440
4400 5320
2400 920
2160 1000
2240 1000
-2480 3400
-400 1480
-4880 3880
960 4040
-1840 6040
4240 2200
5920 1000
400 5800
-3840 4200
6320 600
2240 5720
-960 1320
-2720 3640
-880 600
2480 2600
720 2680
3200 1080
1520 520
-960 920
-1680 5800
-6000 4600
4400 4200
1120 1640
-2000 3080
-6320 3080
2960 3080
-3520 360
2800 5960
-1920 3480
-5600 4120
-800 680
5040 3480
-5040 1960
-4720 2040
2960 2280
-3280 680
-2320 1320
4160 4760
-1200 5960
1360 4840
5040 4200
6240 6040
2800 3800
-1920 6360
-3360 1480
-1680 840
5120 4840
-2080 1160
-6000 6040
2480 440
-1360 6040
-400 4200
6240 5480
3760 5880
5360 3720
-6320 1560
-4560 5240
-2320 5880
-2560 5080
-4240 3960
-1280 4840
-2560 5240
1520 5080
2560 40
880 3640
5760 4040
6080 2200
4320 5720
-4880 1720
-5760 1960
-2640 4040
-1920 4280
2960 3000
5920 6200
3200 5880
-2880 5080
5520 760
5360 40
6080 1160
4560 1720
-3600 5880
3680 1320
-2720 3800
3600 920
5040 3640
2800 5560
-240 3080
-4800 1480
-1680 3640
-560 600
4800 5720
-2080 2360
-2080 4520
4320 2760
6000 2200
5040 2920
320 5000
-1360 2600
-6320 4920
3920 4520
-2320 3560
-3120 1320
-480 5880
4400 3480
-3520 3640
-560 3000
5600 2760
-1440 200
-2960 5560
-4320 4600
-4240 520
1040 3480
-6320 4600
-2720 5720
-2880 2360
1440 2600
-2480 3480
-5200 2040
880 1880
-2400 6360
-5200 5560
-4320 5240
-1040 1880
3760 2440
5280 3000
4560 120
560 6280
-160 760
3440 4600
4480 4760
2560 5480
-1200 280
-4960 4920
4720 4120
-2080 4920
-4160 5640
-2880 3880
-3040 6200
4960 1960
2160 2920
4160 4040
3840 3800
-3040 3720
-560 6360
-4160 1640
-5360 5320
1760 5080
-3760 5560
-960 3480
4560 2680
-4320 2440
3680 5400
-4480 200
-5840 2840
3280 5960
-1440 4040
-6000 4280
5440 5080
-5360 2920
-6000 2200
-1600 3640
-4160 4200
-6000 1640
-5360 5000
4000 760
-6320 4200
5600 120
-4240 1640
-4960 40
3200 1240
2880 2920
-1360 120
2480 6280
3760 5240
1040 1320
-1520 4600
-6160 5400
-2160 6360
-1200 920
3760 2120
-4880 5640
-3200 3000
5520 5320
-5280 760
3200 2520
5520 6280
-2320 3960
-2480 5720
-4320 2120
-2160 4200
-4480 3800
-560 200
2160 5320
6160 5800
1680 3400
-3920 4920
640 6360
560 2760
2640 2520
1280 4520
2720 4440
-6160 1800
-4000 1160
-6240 1080
3040 6280
-1680 3800
-320 1400
-4400 2200
4880 520
-160 520
5520 3800
-3520 4760
6160 5640
-4720 1640
1360 680
2640 3960
-720 4600
-1600 2120
6240 6200
-2640 680
1440 1240
-3280 3800
2320 6280
-4000 5240
6160 1480
-5760 5400
720 4680
560 4360
-2000 3800
-1200 6120
1360 1720
5920 4520
1520 5320
-3680 2200
-4240 2920
-720 1640
2000 3560
-5440 680
1280 760
-2560 3240
3840 1560
-3360 760
-3920 2120
-4000 2920
-2640 5240
-6160 200
-4800 4920
3840 1160
1040 760
640 3880
-5200 3080
-4400 3000
-4400 5800
-6160 3960
5600 3880
-5840 2680
-4480 5000
-5920 840
2160 2680
2160 2280
-2640 200
-1280 3560
3840 5320
-1200 3400
-2000 2760
1120 3800
1200 1320
4480 1720
160 2520
-5200 1000
-3600 6200
2880 5000
3040 4680
3520 4840
-1600 1400
-240 5960
1280 5000
2640 2360
-1360 1080
-3520 1160
5440 4280
2240 4280
240 6360
2640 4840
6160 4280
2800 4760
80 760
-640 2760
1120 2280
-4800 4680
-2080 3240
6160 2440
-2000 3320
5200 4760
-4880 6200
2640 5400
-5360 40
-5600 5720
2000 2920
-2080 2200
-3680 4760
-6000 6360
3760 4840
5120 40
400 3560
-2880 2920
-160 1560
-160 1800
6000 4760
-4080 5880
3440 1080
5920 4840
4880 5400
-6160 1320
3280 1800
5120 3320
1680 1400
-800 2120
5760 6280
-2080 3880
1120 1880
5280 4680
2080 3880
4320 1320
6160 1160
6000 360
-5920 1080
-2240 5160
-4240 4840
-2160 1560
3440 4760
5200 280
-1440 120
4400 4680
-2880 4600
-2000 5240
4560 1000
-5600 280
-5040 5240
2880 4280
-5360 1640
4640 1240
5600 4440
-4080 1080
640 6200
880 6280
-5920 6040
1360 1240
-2480 4680
5840 5400
6320 1880
1680 2200
4480 2520
-6000 120
-5280 5720
-1040 280
-4960 1480
4640 1560
2880 5240
1440 2040
560 5560
2640 4600
-5200 3960
4000 3320
4160 5800
-2400 600
-5360 6120
3840 4280
-2240 1800
3840 3160
5840 2840
-5840 3400
-5360 4120
2880 2360
-1120 3720
-800 2040
0 2680
1200 3000
-5360 2600
3920 120
-3360 2520
-880 5800
-2880 2040
-640 6200
-1840 3240
1840 3080
-2640 2040
3680 5720
-5680 5000
-4480 600
2960 40
-5600 600
3360 440
-5600 360
-2320 3000
3040 520
640 4280
4960 5720
1760 1240
3360 5800
-5040 1800
5680 2360
3760 1080
-400 5000
2160 6120
6000 5560
5280 6120
2800 3480
3760 2200
-3360 2040
-1680 5080
-1040 4280
800 520
2640 1400
4560 3080
-5280 3640
4880 1000
-5520 2120
1840 5720
-6080 5560
-4880 3560
2160 1400
2560 4200
-4880 1000
560 2120
-5280 4680
1600 5320
-3200 3480
80 2200
2560 2280
-4480 2040
-4240 6120
1040 2360
-1120 3800
-4880 4200
-3120 2600
-2080 3480
3520 1560
1360 2760
400 2200
-6240 1880
5040 5480
-5840 440
2160 4360
2160 5240
4720 5800
5120 5800
-4640 1480
4320 6280
1360 2920
640 2520
-5920 2440
6320 2440
4640 2440
800 5880
640 1880
-5520 360
1600 3320
-1120 1400
-2480 3800
2000 4680
-1680 4120
5920 2200
1520 280
-4960 1320
-800 3320
-4160 6360
-3040 3480
-2560 2200
2320 5720
-2960 3960
-5040 1000
-2480 1160
3440 4440
-3120 4360
-1680 5480
1760 4680
-240 3480
-5600 5400
5920 4040
-4880 3720
-2480 2840
-5840 4600
-5520 5480
6240 840
-2960 6040
2320 4920
-6000 680
-5120 2440
-3920 5400
4320 2040
240 4840
-1120 1640
-80 2600
-3440 5080
-1120 2920
-5680 1720
1440 1720
5440 4760
2720 3000
-720 6040
2240 1320
6240 3800
-5680 4600
4320 200
-4640 1080
-2240 4120
-4640 200
1520 840
1120 1480
-2240 3480
-2160 5400
4720 1160
4160 2920
-5040 280
6080 3160
2000 2600
880 5480
4720 2840
-2080 6040
-5440 4040
-4080 4360
-4400 3480
6240 6280
1840 1560
-2800 3320
-1120 2120
2160 5480
-1200 4840
-2480 280
-1680 2440
-3120 5640
-4720 6040
6080 3080
6080 5960
4480 600
5040 1480
4080 5720
1440 1800
-400 4360
-5120 3480
4320 2200
3120 4840
4240 5880
1600 2520
720 5720
-3040 1240
2320 6040
-3440 2520
-1200 5000
-1760 4920
-3920 3560
-5360 5800
1600 3560
-2080 5800
2320 1320
400 5320
4400 920
-240 2280
-1760 1160
-4480 4360
-5200 2680
-5200 5480
2880 360
-4720 5000
-3200 3320
4400 4040
-5520 2440
-6080 4760
3760 1240
2000 4760
-1200 3160
-2880 3320
3760 5800
-5920 200
5120 5720
-2400 2040
-3200 1720
5680 6040
-4560 5480
-3600 3720
2160 1800
-4400 1480
-240 4360
-1760 1000
-1600 2520
-3760 680
-3280 920
4480 920
480 120
5600 440
2240 6200
-4080 3880
2480 40
1440 1960
-2160 2040
6320 1560
1200 760
4080 5080
5600 280
-2240 760
-2320 2840
-1520 1960
3120 1880
4000 1960
4800 4360
-5440 5320
4000 5320
1280 40
-4160 3080
1920 680
-2880 5960
1200 840
5440 1160
5760 3800
5440 6280
-2560 3640
2960 2760
-5360 440
6000 4200
-5520 3640
800 5000
-1440 1800
5760 1320
3040 2360
2960 6200
3360 4440
-3200 6360
3360 4920
-4960 3000
-3120 360
-2960 5160
6240 1800
-1280 3000
2560 3640
240 2440
-2560 680
320 200
5360 2040
-4480 4040
-240 5080
-4720 200
-2800 3480
-2320 2120
-5840 2280
5360 3400
-6240 1240
-5040 680
-3680 2840
-640 4840
5360 1640
5920 440
-4400 40
5920 5640
-5680 3240
2400 5000
6320 5640
1440 4360
-4400 5560
-6160 2920
-3360 680
2400 1080
320 3400
4320 1800
-6000 5480
4320 4760
-1040 3480
5840 5880
-560 3160
-3840 2760
-800 3160
-480 920
1760 3480
6000 3560
1600 6120
720 5400
1920 5720
1760 2280
-640 4040
2640 440
5120 1400
-3520 4200
-3200 4680
6320 6360
-4640 5560
3120 40
880 3080
-4960 5960
5280 3960
4000 4440
-400 1160
1120 280
-4080 4520
4480 1080
2080 40
3440 1560
-5360 2360
1840 3720
-1840 5880
5440 1400
5040 1080
-4960 5880
-5680 4200
5920 4120
2720 6280
0 5320
-3120 5320
-2400 760
160 5800
-5920 4840
1120 4040
-5120 680
-4160 4440
-4320 520
-640 1000
400 1720
-960 3080
-320 3000
4880 360
4480 5160
880 4280
1040 200
-1520 4520
3200 2040
-4720 3720
5440 2200
1360 360
-1600 1560
-4080 5320
320 3800
-1920 3640
-6240 2120
2480 1800
-4080 5560
4640 760
-3200 2040
-3840 440
320 520
-560 5720
800 2840
1600 4120
6160 1400
5440 440
3760 5480
5200 1240
2720 5720
-4640 760
3680 2520
880 440
80 1080
1200 1000
1840 4520
3360 1320
-5440 3480
-6000 1960
-6000 440
5280 120
-2400 1160
1520 5480
3920 3000
-320 5880
6240 2120
-560 1560
3840 1320
5680 5560
3120 600
5200 2680
-3840 3240
-560 1800
-1120 120
-240 3640
-2560 6200
-4480 4760
800 840
5600 6200
2560 6120
800 200
-5280 5080
6160 440
6320 1400
-3120 1560
-1280 5960
-2400 4120
-5440 6200
-2240 5800
4800 5080
-2000 3960
480 3400
3440 40
3360 5640
240 3240
-6320 5400
5040 3880
-2240 2680
4240 4520
2240 1160
-3600 1640
160 1000
5040 2440
4640 600
5360 5720
-2480 2360
3680 40
4880 3160
-480 1960
1200 4360
1680 3960
2800 1880
-720 3720
1760 1000
-4080 2680
2000 5000
-5360 5400
2720 2120
5120 5240
-4000 3080
-2800 4840
2080 5560
-880 1400
-5840 4920
-5120 6120
1040 2840
5440 5240
160 840
2720 4120
-2560 3320
-4160 2920
-5280 2440
-960 2440
-400 2760
-4400 5160
6320 4440
-2800 1960
4480 6040
-3760 1240
-2640 4920
-2480 2280
400 2120
5440 5400
-4960 2680
-4800 2040
640 1800
4880 2360
-2080 6280
1840 2360
-5840 3720
-6320 3640
-1280 3400
3680 1800
4000 5480
-1680 4760
-4960 3720
2640 6200
-4480 4840
-5600 4600
-3840 1080
160 2680
-3440 840
-3200 1000
1200 3800
-6000 2520
3600 5400
5280 200
-6000 3960
-3760 3320
480 360
1120 5160
-1120 6120
400 1960
880 2680
1520 4200
640 4920
80 5000
-560 6120
-320 5240
4480 2200
-1520 1480
-2880 520
4880 840
-5680 4840
4160 6040
-5200 2920
4000 120
-400 840
5840 760
3440 6360
4080 2680
1040 5000
-5920 1880
-3360 1240
-4560 280
-4800 5720
-1520 4120
-5760 40
-480 5240
-4160 4680
5120 2200
3440 5560
-240 3320
-2960 3240
0 5400
4640 2280
5600 2280
5520 200
2000 1640
5840 2680
5280 3160
1760 760
1280 1480
6160 1240
-3520 1480
-720 920
-960 1560
-2240 5240
2560 1320
-2720 2440
-5200 5320
5280 2760
160 3080
5520 4200
880 3800
-5520 5560
-4800 4120
-2000 4680
6000 3000
1680 3320
-3760 3480
-4080 1240
-5360 4760
-3040 40
1120 3960
2800 680
-4560 40
-2240 600
-1760 520
-2400 1720
3280 4520
-480 6040
4880 1160
1360 3320
-4560 1080
-2880 5720
3040 5480
160 3960
5920 5560
4560 3320
-6000 5720
5680 4280
-1600 1960
3120 5400
4960 2840
1280 5240
-2960 3160
1920 5400
-5600 2760
3600 4200
480 3560
880 5800
2560 2520
2240 2760
-2080 3320
3440 2120
3760 200
2240 5160
1680 2520
-5920 3800
0 6280
3760 280
2320 760
-4480 2920
-3840 1720
-6320 5960
-2720 520
-560 2840
-720 5880
-800 6200
5440 3000
960 1720
-720 3160
800 1880
1520 2920
-3040 1800
6080 2600
-4800 200
-1200 4360
3680 4040
-80 1560
560 1160
-4400 4280
720 3080
-5440 4360
240 3080
-2640 3400
-1120 1800
0 5800
2880 3480
-4000 6360
2240 3800
-640 5240
640 2200
-1840 1640
3200 1320
-480 1320
4240 5400
-6240 3400
-1920 5640
6240 2680
-960 760
4240 680
-5040 4040
3520 6360
-5280 5800
-3200 600
880 2200
-3760 2280
-2880 1320
-2000 3640
5520 2920
5280 1720
-4000 1800
-5440 840
1760 2760
1600 3080
2160 3240
-560 760
720 3400
-2800 5160
-3760 1400
400 4520
-3040 360
3200 120
3600 6040
-1040 3240
-1440 4120
-2480 6200
-1440 2440
5440 4600
5200 3240
-1920 120
-5520 2360
2880 520
-5760 4520
1760 4200
-1600 5800
4800 3880
4400 1640
640 5400
400 1240
2240 4680
-4160 3320
-1840 2200
3200 440
5200 3000
1280 3640
5360 2680
1600 1960
4080 2840
3120 2120
800 1720
-800 5000
3120 3320
-3040 2840
4880 1320
5520 1960
-480 5080
-560 2120
640 3480
1440 2200
240 1000
6240 1000
-5360 3080
-2160 280
-1920 4040
-5920 2200
1280 3720
-2080 6200
4000 4040
-3040 2280
2720 2440
5200 3400
-6080 3400
-3520 1880
2000 1000
3680 360
-5520 1320
5040 600
-1760 2760
6320 4920
4000 4520
5440 6360
5360 3480
-2960 2600
-2560 1960
2560 5960
-2880 1400
-1360 2280
-4480 1880
560 4600
2080 3720
4320 3480
-4240 4600
240 440
-4640 2760
-4400 2040
4320 5160
-1040 1720
-5040 3240
-3920 3800
-4960 2440
2880 4040
2000 5320
-1520 2120
4720 5560
2960 3960
-800 3720
4560 4920
-1840 680
-5760 1160
-5360 6360
-5520 520
-1920 5800
-5920 4040
-1600 4360
-6080 1720
1280 1080
-3600 5480
-3680 2040
4640 3480
1360 2200
240 2600
-3120 1640
-880 5240
3840 2040
-720 5640
-4480 5080
-1920 1080
2640 5640
-6240 2760
-2800 1720
-4320 1480
5840 3960
-5520 4360
1680 5880
-6320 2200
-2080 360
-2640 4280
2880 6360
6000 6040
-6080 600
5520 1080
-880 5080
3920 40
-6000 3560
-400 40
2320 1400
-4320 920
1120 3320
-560 4200
-5360 2840
-3920 4120
-2560 3720
-3920 440
5840 6360
-6240 4760
-3760 440
4240 280
-800 3000
-2560 120
-320 5480
-720 1400
-3040 520
-4800 920
-640 2440
4320 4040
4400 5480
-6320 520
-4160 2120
3120 1800
5360 5480
-4000 3560
5360 440
-5920 5800
5920 120
4400 4920
-80 1160
-5920 4440
-2560 520
-800 5400
-3440 1960
4000 1000
-4560 3400
-160 1240
3040 200
2640 2680
-4880 6120
-4400 1320
2000 4280
-5520 6120
4880 5640
2800 760
-6320 2760
-2720 3400
-6160 4280
3440 840
5840 4920
720 5000
-3120 4840
3920 3640
-2640 6360
560 200
3520 2280
3040 3160
3360 120
-2320 4920
3840 4040
3040 2200
-1440 1640
1040 4920
-2960 4840
-1280 760
5920 4760
6240 4520
5760 3880
-5280 5560
480 5480
3280 1640
-3280 6040
-160 280
5920 3160
-1040 3640
-720 200
-5360 3640
2960 4520
-2880 440
-1520 3320
2160 2200
5680 2440
-2320 4200
4480 5320
4880 3480
-160 6280
-2640 5720
-1680 5320
-3600 5960
5600 3080
480 5400
160 5000
3280 5400
-3600 920
-3040 4680
560 4840
3920 840
-1360 5480
3600 1400
-1360 5960
-5840 4440
1360 2040
1040 4360
3680 3560
3360 1560
-3040 1480
-4720 5880
-4160 1160
-6240 5320
-6000 5080
5840 3240
-2560 2440
-1200 2520
4400 4280
-6080 2440
2240 5000
-3760 4040
-4320 5480
-3200 1880
4080 4200
4800 4680
-2320 4440
-3280 4760
4320 3880
-6160 4120
1600 4040
5680 4440
-6240 1400
6320 3000
-1920 5400
5200 5080
400 4360
-3920 40
1520 920
2800 2360
5520 5560
-960 280
-2880 2440
3360 4280
1280 4040
2240 4840
-1040 2120
2880 1320
640 1400
-1200 2840
6160 5400
-4240 5560
-320 6280
2560 360
-3680 3560
4560 5400
-1120 2360
-1840 1400
-2320 120
1920 6200
-2880 5240
-4560 5080
480 1160
1680 1240
2240 2840
-5280 4200
-2480 2600
2720 3560
2800 2280
480 680
-80 6360
-4560 3720
3600 5240
-1520 1000
4400 4440
80 3240
-800 120
5120 2840
2320 4040
3040 4440
-640 360
480 3000
-2320 2280
-1840 840
4160 3080
-320 3400
-5040 3640
-3040 6360
-80 6120
-4720 2920
-5680 5560
-1760 1560
-1840 520
4240 1640
1200 3400
6080 5160
240 5080
-2400 5400
-240 2840
3120 4600
-1680 5000
-2160 3960
3040 3720
6160 5240
4560 3880
5680 1080
-3920 2920
6320 200
-2240 2040
-2960 2120
480 1320
560 1560
-2640 6280
-6000 1240
-5680 5480
-3040 6120
-2800 3080
-480 1480
-2720 4760
-4720 3080
5040 120
-4640 360
-2800 5000
-4320 680
-6080 5000
2720 6360
-3040 2520
-5280 3400
-5280 280
1600 4360
3200 6120
2400 520
1760 120
-5760 1080
-6000 2280
-4560 2120
3680 1960
2160 1960
-5760 1400
-880 1960
-1840 5560
-2960 4760
1840 1080
2560 5560
400 6360
6080 2920
560 2200
-1360 2520
4320 280
-320 1960
4400 2600
-5200 4760
-6320 3880
-4400 3720
-1040 3000
-720 2360
-6160 4920
-2400 4600
5120 1960
5360 4280
-4800 3640
1040 4680
4560 6040
3040 5720
800 5560
-800 5720
2320 4200
880 2360
1920 4680
5840 3800
1440 600
2720 4200
1040 1880
3120 2760
-80 3320
-5920 2760
-480 3640
2400 2440
1520 2600
5520 2600
-2400 2440
-3600 3400
-4640 2680
4240 1160
240 1400
3520 3480
4240 1560
3120 5800
720 40
3680 2840
560 4120
2000 1400
-4000 1000
-5200 600
-4240 440
-1120 600
-2960 5080
-6000 1080
-400 5960
-5040 4840
1280 1800
4480 1400
-2640 1320
-2800 5800
160 3400
-5120 5800
-560 1000
-5440 280
-2560 4200
-3760 1640
-5120 5880
-2640 840
-3120 5080
-1360 3640
-3440 4440
-2400 3240
1920 5240
-2240 2120
5200 920
-2560 1800
-3120 4520
-640 3880
-5840 3080
5760 4360
-1280 4040
-3600 120
-480 520
-2000 1880
-5440 5400
5200 3640
2480 1240
-2240 2840
5120 3160
0 3960
3600 1560
2880 4360
-3680 1720
480 3640
4400 6040
-6240 440
-4880 2680
6320 5160
-4080 5720
4640 6280
-2960 1560
1360 3000
5920 3960
2480 3560
-3360 3080
5760 4600
-1600 6200
5600 5400
-160 5880
-1920 2520
1760 3000
-160 1000
-160 1640
-480 6280
880 3320
-4640 6280
3600 2440
-2240 680
4800 2040
6080 2120
3120 5560
6080 5480
5440 120
5520 6040
-2640 3080
6000 5800
-1280 3800
-3200 280
3280 4200
720 4520
3120 3640
-1120 5880
-1040 5960
-2480 4120
0 360
3360 2520
5600 5480
1120 5080
3920 4760
1840 360
2480 2200
2640 1640
-4240 3480
-160 440
-3280 200
-3200 2520
1520 6120
4800 5880
960 4200
1120 600
-880 6280
2800 1160
2560 4920
1360 6280
5760 1800
-2480 840
-5120 4120
-2960 5960
80 4360
5280 4040
-2880 2600
1440 5400
-3200 2200
320 4920
-4640 3000
-1200 3640
-800 4040
-1760 1880
4160 3240
-4400 1080
-5040 5160
-3360 920
3600 5560
-2880 4440
-1040 680
-6160 2760
-3440 440
-3440 5320
-320 1080
-1440 2840
-3840 1400
2640 3560
1680 5640
880 1800
-1760 3400
-2560 920
