2037
240 4040
-3680 4040
-2640 1640
-400 3080
-3040 1000
4000 1960
560 680
1760 4040
-2000 3320
2960 2120
-4000 4040
-2880 4040
-800 920
4000 760
-3440 2200
-4000 760
3600 3400
4000 360
-640 2040
2880 3880
-160 4040
2240 2040
-2800 4040
3520 2280
2000 1480
-4000 40
1760 680
-1440 2040
3120 3000
1600 4040
-3200 680
1440 1800
4000 3480
-4000 600
1040 2360
-2960 520
1440 1960
-3360 360
1120 1720
-400 1400
3200 1480
640 4040
-1360 3160
1760 1640
4000 1240
-4000 1400
3440 4040
-4000 1320
-2800 3560
1520 1400
-3680 440
2240 3480
-1120 120
-240 520
-640 1160
-2480 1560
-3120 2920
-4000 2520
1200 4040
3600 120
-2640 840
-2240 1880
3680 2920
-2720 2440
-4000 2360
-1280 2600
-3600 1320
1680 280
4000 600
-2240 4040
-1920 2680
4000 3640
-480 2120
-2240 920
2000 2440
1600 1080
560 1000
-400 520
1600 920
1600 1640
3760 2920
1360 1320
1680 3880
-1760 760
2800 360
-1520 760
2800 1480
-80 2440
-2320 440
-640 840
-1040 680
2960 3080
320 3160
480 120
-2560 3960
800 440
-1680 4040
-1840 200
4000 2840
320 2920
-3120 3320
-3120 280
0 4040
-2720 3480
-400 3320
-3600 3160
-1280 4040
-3840 3240
720 3880
-4000 1800
720 680
-3440 3400
-3040 2280
2800 2600
-2880 2280
-1520 3560
3600 1240
1760 3560
1040 1000
-3360 4040
-640 3400
-3040 4040
-2080 4040
-3360 1240
-880 3400
-240 2680
-240 3320
-160 1560
-1920 2040
-160 3000
80 520
2320 3000
1600 680
0 840
2800 3400
-3920 4040
80 1160
3360 1640
-2800 2600
3840 2760
-4000 2840
-3840 1880
-3120 520
-4000 1000
-4000 2200
-560 4040
160 1320
-1920 4040
960 3240
-4000 3480
-3520 4040
3200 1640
-240 2440
-3200 3080
-1200 1320
-2800 2280
-1040 1000
2080 920
80 2840
2080 4040
-560 920
-800 1960
-1360 2520
-2960 3400
3760 1640
0 1400
2320 1080
2000 1960
3600 1960
2240 1080
-3840 1480
160 1880
-1120 2840
3520 2680
-3760 2440
2160 4040
-560 1080
640 3560
-3680 2440
0 3560
-3680 2600
-880 2680
1200 2680
1520 3720
1040 3320
3440 1000
2880 3640
-3920 1160
-2080 280
-4000 1160
3520 2600
-1600 520
-1360 1000
-800 280
-3200 440
3200 2280
-2160 1080
960 360
400 280
-3200 3560
880 2680
2400 200
1760 440
1600 1880
-480 2760
-2560 3480
1360 600
3920 4040
1120 3400
-3840 2200
-2480 3080
-1760 600
1200 3560
2160 200
-640 1880
-2800 2840
560 360
-1040 2360
-3360 1800
2320 3320
-2080 3240
2800 1880
1920 3160
3520 2440
1200 3240
-3600 3960
-3680 2280
-3840 2040
-3840 600
3840 1320
-3440 2760
-560 1320
-560 2600
-1280 200
2720 1720
-720 3480
-3040 2520
2400 3640
3520 3800
-880 2520
-1040 3640
-1520 3000
2560 1560
-3600 120
-320 3240
-2960 2680
720 520
-2640 4040
-3840 3560
-800 360
-3360 3240
3360 2200
-2000 1560
4000 3880
-80 3880
80 4040
640 2600
2320 360
320 280
-4000 3000
2400 920
-80 920
3360 3400
480 3480
-2080 2360
240 1480
2960 2920
3280 520
-960 1000
3120 1080
-1680 2840
-2800 680
480 3880
-1200 1160
1520 120
3360 2520
1280 3720
2560 3560
-3840 2520
-1920 2360
1200 840
-1360 2840
560 3160
-480 2040
2800 2120
1600 2440
-3840 3960
-160 1160
2320 200
2480 360
-2080 3560
-3360 3640
-4000 2600
2080 2040
-1360 1240
3040 1160
-3280 2680
-720 1000
2960 4040
3360 3000
400 600
1360 4040
1920 2280
3360 1480
320 3000
-160 280
3120 440
-3760 1720
-2720 1480
-3520 1400
-800 1080
3840 1000
-880 3960
800 200
-1360 3640
4000 1320
640 120
4000 1480
2720 2200
-320 2920
1200 1000
-2800 3960
-2480 120
-4000 3880
-3040 3880
-1520 3480
1920 1080
1440 1240
2240 920
-1200 2440
-2800 1560
-2960 2920
-3120 2360
-3440 3160
-2240 2440
-1120 2520
-160 680
-480 2920
-1440 4040
3040 120
-3920 600
480 2040
2640 680
-560 3880
480 2520
-1520 440
3120 4040
3680 520
320 2440
-3680 3320
-1680 2120
-2480 760
1840 2440
2400 1400
480 760
3120 3640
-1600 4040
-320 3880
1200 200
3200 1080
720 760
-3520 2520
-2560 2360
880 1800
400 3640
3200 120
-240 3480
-2160 920
-2720 1320
-800 3160
-1680 360
-1600 3720
3520 3640
-3520 3800
-2320 2680
-3680 1480
800 4040
-240 2040
-2880 840
3840 1480
1520 200
-3440 1080
-2000 520
-1360 440
1600 280
2640 3480
80 1480
-800 520
-3680 1000
-2960 1320
-3280 2840
-880 2040
-3680 2120
-1600 680
320 1720
1120 1880
1840 920
-1920 2520
400 3480
3040 1320
2240 2760
3760 1960
160 280
3360 2840
3040 2280
-960 3480
-3040 840
-1360 600
-3360 3080
-3520 3560
2560 3000
880 3000
80 1560
3760 120
2640 1080
800 3240
-2240 2520
-2080 3720
2800 1640
3520 3880
3920 3800
-2320 2920
-3520 1160
3280 4040
640 3320
-480 1240
3920 1800
-2720 2680
-1200 3320
-2480 520
1200 2920
-2320 3080
3600 4040
-3600 2760
3360 3240
-80 1320
-3680 1560
-640 3240
2480 1000
-1920 1640
-3760 2680
-2000 2040
1760 2520
3840 2120
-560 1880
-2160 3960
-2080 2120
-3600 840
2080 3960
-240 360
-3840 2600
-2320 120
-3520 3240
2560 2440
240 3800
-2560 1960
-3600 2920
-3280 1720
1760 2120
1920 1880
-1200 840
-3760 2840
1760 1800
-2320 4040
-960 1160
1760 1160
720 120
-240 3800
1920 2040
1120 1960
2160 3080
-3600 2040
3200 1800
-320 1480
-480 3800
-2000 680
-1600 2040
2880 1080
1200 1400
2080 3080
-2720 1800
1280 680
-2720 2920
0 2440
1040 4040
-1840 600
0 1720
-240 3560
1840 2600
320 680
720 2920
2800 520
-640 440
-1680 3000
2480 4040
3840 3240
3040 840
-1120 3880
-2400 280
2160 3400
1200 2840
-400 920
-1440 280
1280 3320
960 1080
-3680 3160
-960 1800
-1680 3960
-2880 1080
-2880 920
1840 3080
1760 3000
-1200 2120
-2800 1240
3360 3960
-3040 3480
-2400 2600
-2160 2600
-2560 280
-3600 1720
2320 3160
-880 1240
-400 840
560 3640
2240 1800
4000 2680
160 2120
3680 600
720 2040
3520 1720
1920 760
3760 4040
3920 840
-2320 1000
1360 3160
-880 4040
3600 1400
-1280 2360
-240 3720
-2080 3080
2320 1560
-400 1960
2960 1000
1520 1160
4000 1640
-3440 3720
1840 440
-1440 3880
2960 40
-2480 920
2800 920
-1040 2200
-3200 1160
-3520 440
4000 200
1440 2360
2560 2280
-3280 2600
3840 600
4000 2200
-1120 1160
-560 3000
3040 680
-2480 1720
-4000 1560
-2560 2840
560 1160
320 3560
-2880 3720
-3040 40
-2400 1960
-960 840
2720 3080
3680 3000
2080 2680
2000 2600
3600 360
1280 1640
1440 360
-3280 3880
-1280 40
-80 3480
2880 120
-2800 1080
3520 1880
-1600 1880
-2080 3800
2400 2680
-1200 2760
560 3000
-2080 1240
2800 4040
-800 600
2640 3720
2640 1800
-3600 3320
-2640 2040
-1760 920
-3200 2840
-640 2200
3680 2760
1600 1720
-1760 3080
2480 520
-2160 1560
-80 2120
-3920 2360
1600 1240
880 1720
-3760 1960
-1840 1880
2320 2440
880 2840
800 2440
-2000 2280
-2880 2600
-880 2440
4000 3080
2080 2280
2560 1160
-2560 2200
-2320 1320
-960 2840
640 2440
2320 1640
-3040 3640
-2720 120
2080 3240
800 1880
-2000 3960
-1440 2520
3280 1960
1040 280
-960 1560
-800 3560
3440 3080
-2880 2920
0 2200
-1680 1320
2400 680
2960 3480
-160 2600
3680 3160
2960 520
3520 2120
-1680 3800
-640 120
1520 1560
-800 120
2640 4040
-160 1720
-400 280
80 2520
1040 1480
720 3080
3360 3640
3280 3640
-3520 680
-3920 2040
1200 1560
3520 440
-320 1080
2080 600
-2080 2760
160 1720
1520 440
3040 2600
320 1160
3040 1000
1680 840
2640 3400
0 3400
-2320 1640
1360 2040
1360 760
3440 1880
1760 2840
-2480 2920
1280 3480
3280 1240
640 3960
-3280 280
1840 2120
-160 3960
-1760 2200
-480 2280
-3760 1240
880 1480
-1760 40
1840 520
-1760 2360
800 2600
-2480 1800
-3200 3400
1680 2360
1600 2040
960 2120
1760 840
3760 1240
-1920 40
560 1960
-3840 1640
320 3320
320 1880
-2080 600
800 1640
-1440 680
560 1720
3040 440
-1120 3000
2480 1160
-3600 3480
960 3480
2640 840
1360 2840
880 3960
-800 3000
1200 2360
880 2600
-2720 1000
-1440 2200
1920 2760
-2480 1160
-240 200
320 2520
-1280 2280
1600 360
3280 280
-560 760
800 3320
-1120 1640
-960 1320
880 3880
3840 1560
1120 520
-1760 1640
1680 520
-400 4040
240 760
2240 2360
1040 3480
-2640 3320
2640 2920
-3920 3800
80 680
-240 920
-1360 3400
-560 1480
-3600 1880
-720 2920
-1120 2120
-1280 1560
-1200 3720
960 2920
-3120 1320
-720 2280
-880 40
-320 600
-2160 3400
2560 200
-2480 3720
-720 2600
-800 2360
2560 3160
2720 3320
160 3320
2000 440
-1280 3480
-320 1880
2880 1320
-80 2840
-2720 3800
400 4040
-1920 2200
4000 2040
3680 3240
1120 920
400 1880
3520 3320
1200 2040
-2640 360
-2560 1480
-3920 1560
-4000 200
3040 1880
3040 2520
-1120 1800
-3440 1640
-1280 2920
3760 1160
-880 680
960 2200
880 2200
-880 2920
3760 3160
1120 600
-1040 3720
-3840 760
3200 2120
1200 280
1520 600
1680 3160
-4000 3640
-2240 520
2080 200
1600 520
-2240 1720
720 1480
3680 3640
-320 1720
-960 3800
-2560 2520
3600 3080
3440 3480
400 1240
-480 1800
-880 1320
-2800 920
-2800 3400
-2320 2040
-2400 3000
2400 1480
3840 1160
1840 3960
3840 760
-480 3640
-880 1000
960 3560
-1120 280
-3920 2440
2480 1800
720 1800
-1840 2920
80 3160
-2960 3960
2640 440
1920 3720
-1840 1240
2720 1080
3120 2120
-80 1640
2640 280
80 360
960 2520
2000 280
480 440
-2720 280
-80 3240
800 3400
3680 2520
1840 3800
-1920 1800
160 3480
640 3000
-2880 1240
-2240 3960
1280 360
-2400 3240
640 280
-1040 40
800 760
-2320 2200
480 1480
2320 2520
3760 2120
640 920
-3120 3800
-1760 440
1120 2520
0 1240
-3920 1400
3360 1160
-1200 1480
1920 3640
-640 2360
2320 1720
3840 280
2800 1160
800 600
-1680 2680
-720 1560
3840 3080
-2720 2120
-1600 1240
2400 3400
560 2920
-3520 1880
1440 1000
-1600 3880
1360 2760
3360 2040
-2880 600
-2320 1480
2080 440
-1760 2440
2080 2760
-880 2120
480 3240
2880 2600
3680 1480
-3760 3800
-2560 1240
560 1560
1920 4040
2240 2840
1200 680
2880 3480
400 40
960 120
-640 2840
3520 2840
-2160 1880
-1520 40
-2000 440
-2720 760
-2880 3800
-1920 1320
400 1080
-960 3160
-1360 2120
2240 3800
-3600 3800
-2640 1000
-2640 440
2240 1480
2560 40
-2480 3400
2480 2520
2320 2920
880 1000
-400 680
1360 2600
-800 3320
-480 3880
-880 3000
2320 4040
-1520 920
3920 2920
1680 1880
0 3800
1600 1480
2480 3960
2640 1320
-2240 3800
4000 280
1440 3400
3840 1880
-1120 1240
-1520 1400
1360 3800
-1840 1480
2960 360
1440 3800
-1840 760
1680 200
-1840 2840
-2640 3560
2480 2120
2160 2920
1920 920
-400 2840
-3440 2520
3280 3720
3600 3320
3440 1160
-2800 2120
3920 1480
-1440 520
-2640 2520
-4000 1720
320 120
2240 440
-3120 2760
-320 3640
2640 600
160 2920
1520 2840
-3680 680
-720 760
1280 1800
-3120 3080
1520 760
240 2040
-2880 200
-3760 1400
1360 1880
1120 2440
2400 3800
-3520 1960
-3440 120
-1040 3320
-3600 3000
-2960 1880
2160 2200
-3920 1800
3120 600
2800 200
2960 2040
3760 520
1600 1960
3520 200
3360 360
-2240 3640
3760 3640
960 1960
3040 600
-240 760
3360 520
-2080 2920
-2240 760
-560 1720
2160 3640
-560 120
1360 3560
3280 2440
800 3640
-1840 3240
3680 2360
960 1640
1280 120
-3680 200
-1760 3240
-960 3880
-1120 4040
80 1800
2720 360
-1600 3080
-3280 1560
3840 3720
-1840 1400
2720 3560
-1280 1800
1840 760
2000 2200
-2160 2200
-3840 3160
640 1400
720 1240
-2000 3480
2080 3400
2480 3320
-4000 3320
-1600 1560
2480 1960
80 1000
-480 3400
-1120 3240
-2960 200
-640 1400
-560 360
1680 1240
-1840 1080
80 2040
560 2280
240 2520
-1600 840
800 920
-1840 440
-3280 3400
-480 3560
-3040 2040
800 2760
-2000 920
-3840 1000
-2640 3880
2080 520
2880 1960
2160 1400
-2400 2760
-3120 3960
-3680 520
560 280
-4000 360
-2160 360
-1600 1080
2160 2280
-3760 1800
1280 2440
-2720 520
3760 1000
-3360 680
-800 2760
880 2360
-720 3960
-720 2760
3920 2600
2320 1240
1200 3800
-3120 1560
3040 1560
2320 3720
3920 3320
-400 1640
-3120 920
2080 3720
-3840 1320
-1920 360
-3200 2760
640 3400
-80 1960
1600 3480
-1280 280
-1360 3240
-80 600
-640 2760
560 4040
400 2360
240 520
-2320 600
1040 2120
-3360 2360
2240 1400
3680 2680
3200 920
-800 1400
1360 3000
0 680
-1760 3480
3200 760
1280 3400
-80 1880
1760 1000
400 2840
-80 2680
-2400 3800
3680 280
800 2040
2720 3720
-2640 3160
560 3800
-720 2120
160 1160
-2880 3080
-3680 3640
3040 1400
-960 2520
-4000 2120
1680 2920
-3120 200
3760 3880
-3120 1960
-1360 280
2640 2120
-1200 3080
-160 3480
240 360
400 920
-2080 440
160 3880
-1520 2600
-1280 1080
-3760 280
-3920 920
2080 3560
-3760 120
1040 3960
-3360 3560
-400 2600
2960 1640
-2800 2360
1360 840
-3280 2120
960 3320
-2080 1720
-480 360
1200 3960
1760 2680
1360 440
3200 2920
1840 120
-800 1480
4000 3240
1200 520
-480 4040
2320 840
-2480 3800
-960 1960
-880 3560
4000 920
-3440 3960
0 2920
3760 2040
80 2680
2480 3880
-400 40
-2160 2840
-3760 3880
-1440 2280
-1040 1320
2640 3240
-4000 840
3920 1080
1920 3000
2000 1400
2880 1800
1600 2120
1120 1160
-2960 2120
2800 680
-1840 3080
4000 520
-1520 3320
-800 2680
-3440 760
2880 760
-240 1240
-3520 1720
-1440 3720
-1920 1160
-1360 840
-3520 200
-80 1080
80 3960
160 3240
0 1960
-1440 2680
-3040 1240
1760 3720
-3040 3720
-2080 1640
3600 3560
3360 1880
-400 2360
-3200 1480
-880 1800
1360 1080
-3200 3720
-400 3240
-480 2680
1120 3720
-80 2600
-2400 1880
-3680 1160
-3520 2760
800 2280
320 1000
2320 1880
-1920 2760
-2480 4040
1760 1320
1920 1800
-3920 3400
-1520 3400
80 3800
2160 1640
720 2520
-2480 3560
0 2680
-1440 1400
-2080 1800
-2400 2440
-1680 40
-3440 2040
-3360 200
-2240 1240
2480 1640
1920 600
-3120 1720
-2160 1400
-2880 1400
-480 2520
-3840 280
-640 3960
720 1160
2000 3160
3200 3480
1440 2680
-240 1640
-1040 2920
1200 2600
3760 3480
-2080 2520
-2720 3240
-3680 3000
3600 1640
3600 2120
3200 280
-2240 3480
2880 2760
-880 2280
2400 2760
3600 1080
240 1320
-2080 760
4000 120
-1760 1960
-160 440
-720 3800
2000 2920
2000 3320
2880 3000
960 600
400 3800
-2720 2360
-3440 440
-240 1320
1760 3880
2240 3240
560 840
880 3720
-3760 840
960 4040
3120 3720
400 2920
-2160 3800
-3680 2840
1920 1320
3120 1960
2960 3240
-2720 1640
1120 120
320 2040
1520 3880
2000 680
-640 3720
2400 3880
1520 4040
-1600 2760
1520 920
-2880 2760
2720 2520
3200 1240
-2320 3320
2640 920
1280 3080
3760 3400
-960 520
-1840 3320
-2400 2280
-1600 2360
2160 2440
1760 2280
4000 1800
2800 3720
-3920 2120
400 1560
-3920 120
880 3160
-2400 600
2640 1960
3840 3400
3280 360
-3840 1240
2640 2440
-640 3080
-3840 440
1040 1880
-2240 2760
-1440 2360
3520 600
-1120 2040
1040 1800
3280 3160
3600 920
4000 4040
-3360 3880
-720 1320
-1920 3080
3360 3560
2240 3960
-3360 2600
3680 2280
-560 3240
-640 600
800 1240
-2560 2680
2080 1880
1520 2600
1120 3880
-1280 2760
2480 2920
-2480 1480
2480 1240
560 2120
1040 3880
-1920 840
-320 120
1200 1960
-80 520
-3200 200
3280 1720
-1280 3720
3760 2680
1920 2680
-640 40
-3360 2920
-800 1640
-2960 1640
1440 2120
1360 3320
-3680 1080
-1040 2680
-2400 3960
1280 2200
1600 3960
-160 2280
-1920 1000
-3200 840
400 3080
480 2840
3360 3800
1120 1240
-3280 840
2560 2760
-1200 3960
-3440 3080
-1360 760
-1120 2360
-2400 1160
2640 3080
240 1000
-1840 3960
-2400 2840
2240 40
-1360 3000
-3440 920
3680 1720
3840 200
2880 280
160 2280
3920 1240
-1760 3800
-3440 520
-3200 2440
1840 1880
1760 1960
2400 2360
-3040 360
3360 1800
-4000 2760
3040 3320
-2720 920
-2320 760
3680 1320
3360 1080
-2160 200
2960 2440
2240 600
3600 2040
-2880 2440
-1520 2840
-2800 3720
-3200 2040
-800 3800
2720 120
1280 1160
1360 1480
-1760 1800
3280 600
-480 3160
-1760 1240
-1280 1720
2560 1480
-2160 3240
3840 3960
-2320 3560
-2560 1400
1360 3880
2320 2040
-2560 1080
1200 1240
-3440 3640
1120 3160
2800 3160
3840 2520
-320 2280
3040 1720
-3200 4040
2720 2760
3280 2760
-880 280
-1920 3560
800 280
2000 1160
160 600
-160 1880
-3840 3400
-2560 680
-1200 1000
-800 2200
1520 3080
3200 4040
-2800 3080
2400 1880
-1680 1480
480 2440
3920 1640
-3120 680
-3280 3800
640 1640
-3040 1800
1760 1560
1680 40
3520 2920
-3280 1960
3120 2840
-240 3000
2720 3960
2960 840
3600 1800
2720 760
3120 3160
2400 2200
560 520
1920 3480
240 3880
-3600 280
4000 3000
1120 2200
240 2280
-3120 2200
2640 1560
-560 3160
-2880 3320
-3360 1160
-1200 680
2480 440
2560 600
560 3400
-3440 2280
1040 2840
2400 120
-2880 2200
-1920 3800
3360 3880
160 1560
2800 2840
-2880 40
-2000 2600
-3600 1800
-1040 1400
-3440 1320
2080 1480
-3760 3080
960 680
3360 760
2400 3000
-2640 1080
-480 600
960 840
-3600 600
400 840
-3840 3720
320 2200
1120 2760
1040 760
-3360 1000
-2320 1400
-1360 1640
560 2680
2960 1480
-1280 1480
-3920 2680
3120 1320
-1840 3640
-320 2520
240 3640
-1520 1800
-1360 1320
1440 2520
-1840 3400
1600 2840
1040 3720
3040 280
1760 2760
-2480 2280
-2320 3720
800 1080
1680 3720
-2960 3240
-2000 1080
2080 1720
-2880 1880
-3920 3000
-3440 1480
-3280 2920
-720 4040
2560 2600
3520 1080
-2640 2760
0 3000
3440 280
2400 40
-2640 680
640 3160
2800 2440
-2960 3160
-160 2840
560 1800
3760 360
2800 2360
-2160 2360
2640 2680
640 440
480 1320
-1440 1160
2640 3880
-1040 840
-3600 2120
-3760 520
2000 120
1360 280
-2640 40
-1680 3560
2480 3480
2160 840
-160 760
-1360 3480
960 1240
-2640 2200
-1120 3400
-640 1640
1280 2280
3520 1960
1440 1640
1360 2440
-1600 2520
-2160 40
2960 3640
-4000 3800
1440 2200
2800 1320
1040 680
800 3560
-2560 200
1760 200
-2800 360
3440 120
240 2600
-1120 1880
1680 1480
-3120 3160
3040 3560
-3200 3640
-1120 1720
320 3720
-3840 2280
-2480 1080
-560 2440
2000 3880
-2640 1800
2320 3560
-2640 3000
1920 40
-1920 3480
640 3800
-3760 4040
1840 3320
3200 3080
3680 760
-2960 3080
-480 1480
-3040 1480
400 1640
2080 1240
880 600
2320 2200
-320 1000
320 1400
1600 3560
-3600 1560
-1120 3560
3920 1960
4000 2360
2000 3480
3120 680
-2960 360
2480 760
-3200 1880
-160 1400
-400 1800
-720 680
-2880 1720
400 2120
-1520 3160
1760 1400
-2960 3640
3120 2200
-1360 4040
3040 3960
-1200 360
3760 840
-2480 1320
1360 2200
-2240 1080
-1440 1000
-2000 1880
1280 1320
-1840 680
-3840 3000
-4000 440
-1600 2200
3360 120
-3520 280
2080 1080
480 2280
4000 1000
3280 920
-160 1000
3120 280
-800 1800
-80 1480
-1760 3720
-3280 2280
2880 600
-960 280
-2240 360
-3040 2760
720 2280
3280 840
-2320 1800
-3920 200
960 440
-3360 2120
-3360 3480
-320 2120
800 1400
3840 360
-1440 1080
-1520 120
3120 120
-3040 1160
-3920 840
-3920 3560
1600 2680
2160 1160
4000 3720
880 200
1600 2280
-1920 200
1280 1400
3200 2520
3280 3480
2080 2520
2880 3320
3440 2760
-1440 1320
-3600 2280
-2480 440
1920 1640
-640 3560
3440 1560
560 2760
-1840 2520
-1680 1160
-400 3720
-560 440
3120 1560
3360 1320
-560 2360
-2240 680
-2000 3240
640 1560
-2160 2040
-3280 920
720 1640
-3840 1080
-240 3160
-2400 920
-1200 440
3360 2120
-1040 360
3120 2760
-3760 3640
-960 2040
2240 760
1440 3000
3920 2440
-960 440
-1840 2120
-2720 1240
-2640 1960
-3280 1640
2960 2760
-1120 920
2560 2200
-1280 3080
2160 40
-2000 120
880 120
-2000 2840
240 840
4000 1080
1120 360
-640 280
-2880 1960
-3440 2920
-1120 2280
-80 3320
1520 3560
2480 1320
2720 2360
-3120 2600
2480 3720
-3120 1080
-2800 3160
-1120 1560
-2960 2440
-1840 280
-3200 3240
1600 1400
640 1080
-480 1640
-2720 3640
-2560 3720
-1680 2360
-2880 520
-960 1480
560 40
160 920
-640 3320
-2960 680
1520 3160
3920 120
-4000 1960
3840 2280
-400 3480
160 2360
-2160 3160
1520 3400
1440 120
3920 520
-80 3080
2320 520
240 1640
3680 3960
2960 3800
-1280 3880
-960 3240
2240 1960
3600 3880
2720 3880
-4000 280
-1200 3560
2560 1720
720 3720
3600 840
2080 3800
400 2680
1040 2680
1360 920
-1600 280
2720 2920
3440 680
3520 4040
80 1880
-1920 3640
3280 3240
1680 3320
720 1880
0 360
-3520 1560
-2320 280
-960 1720
1840 3480
960 1320
2160 360
-2160 1240
-3360 120
3280 1320
-2800 1960
3200 2680
-2400 3320
-320 2760
3600 2280
2880 2280
-1680 1000
3120 3400
80 2360
-1680 3240
-720 3080
-3200 40
2400 2120
1840 280
-880 3720
-3360 2440
2880 2840
-4000 3160
-720 2520
-3600 1000
80 3640
-3360 1880
1600 2520
80 760
1760 3400
-3040 600
720 2200
-80 3640
-1360 3880
3120 2440
480 2680
480 3320
3440 2600
3760 2600
960 3080
2880 920
-3120 2120
-1360 1960
-1680 3400
1120 3000
3280 2680
-1200 1960
-400 360
320 3960
4000 3400
3440 440
-1680 2520
-80 3720
-3680 3480
-1440 1560
-3840 360
-1760 2680
-2000 2920
3520 1320
-720 1240
-240 4040
3920 3160
-320 1240
-1920 3880
-3520 2360
-240 2200
-1600 3240
2000 1640
-2880 3480
2320 2760
720 2120
2480 3160
3440 3000
-3440 2840
560 1320
-2880 280
-1360 120
-2160 3480
-1120 3800
-3200 1000
0 280
-1840 1560
-1040 4040
-1200 600
1920 1720
-1360 1800
3360 2360
-3600 3720
240 3400
2240 2600
-2320 2280
1440 3960
0 2280
720 3560
-1520 1960
3840 2360
-3920 2840
-2160 3000
3440 2360
-880 760
-720 3640
-1120 600
-3520 2600
-3360 1400
-2480 2360
1120 1480
-2480 3240
3600 680
3760 1800
2080 1560
-2720 2040
-2560 1880
-2480 2120
-3280 520
-2240 200
-2640 600
1600 3000
880 1240
-1120 2600
-960 200
0 3240
2880 1240
-1600 1720
1840 2920
2960 3880
2480 840
1600 3320
-3920 3160
2560 4040
240 2760
2720 1400
-1760 2760
1920 1240
-2000 1400
3200 3880
2720 2040
3520 3160
3840 3560
-400 2200
320 2680
-2800 1640
3440 840
2080 760
-1680 200
-3200 1320
3120 3880
-480 1080
480 1800
1120 3560
-2320 3160
3680 3800
1760 3240
-1440 1720
-2960 1560
1040 1640
-2400 3480
-2320 1160
2240 1240
4000 2520
-1040 520
-1600 1640
3200 3320
1840 1480
-1840 4040
-2160 1480
-1200 3240
3920 2200
320 440
-1040 3080
1360 3640
3200 2040
2880 4040
640 2760
3520 1480
1440 3320
2960 1720
160 3080
-480 200
2640 1160
-3520 840
-720 1720
1040 1400
