3952
5600 3800
5600 440
-4640 5240
5600 680
2640 1560
240 5640
-3680 5320
-640 2920
5600 2520
3360 5640
-5600 1800
-3920 280
320 4920
5600 1480
5600 3080
480 4040
240 3400
-2640 1720
4000 4280
-400 3880
-2880 3560
5200 4200
2640 4040
-160 1960
-1360 5400
-800 5160
3840 2840
-5600 440
5600 1160
-960 2280
2560 1800
5600 5400
2720 5640
-2800 5640
-1280 2040
-1440 2120
2320 1720
1200 2920
880 5640
4960 3480
-1840 2760
-1040 280
-1200 5400
80 1160
1360 3080
-480 2280
-400 2360
-4160 3960
5600 5320
-800 2040
-1440 3560
3680 2680
4560 280
1600 5560
-2240 3560
3920 4760
-480 1560
-5600 4360
1680 5240
-3440 1560
-4240 120
2320 600
5600 1640
-1840 520
4880 2360
3040 2120
-4560 4680
-1200 4680
-1600 4200
800 2040
560 1000
1200 2760
5520 360
-480 5640
-240 5640
-560 3960
2000 4440
1600 2840
-720 4760
-720 520
960 4840
-4400 440
2720 3800
4800 3720
-3440 4360
1600 280
-2320 1560
-1840 3080
4960 2680
2640 5640
2960 1640
1760 4520
2880 4360
5600 3160
2400 3960
1440 2120
400 3400
-3840 4840
-4080 4600
-560 5480
1840 3640
2400 3320
5440 4760
-1760 5000
-4880 5080
-3680 2600
1600 2040
-3920 3880
1280 760
-3760 5320
-4400 1400
-4080 1080
3600 2840
1600 3080
-1280 2360
5600 1000
-3600 3880
2160 1160
-3920 1640
-4720 4680
1920 2680
-2960 5160
-1600 3480
4320 3480
-3760 280
-240 3720
-2320 200
1600 4760
-2720 1640
880 3720
-400 1480
800 4760
-4640 2280
-3440 5640
4960 3400
-3680 840
5280 2920
-2000 120
-5120 2680
720 4920
2560 1160
1840 4360
3360 5320
-3280 1480
2080 4760
-4000 2600
2000 2600
3600 1720
-1680 4280
-3520 3400
-640 3880
-1760 4680
1360 2920
4320 3560
-3120 3800
2880 3880
4000 520
3520 4840
-5600 5480
3440 520
-3200 200
1120 2280
3760 4280
3200 4920
5360 2520
5600 2040
3840 5160
5280 3880
5520 3160
-3520 520
240 1240
4080 5640
2240 1800
-3120 4520
-4560 5400
-4400 2280
2480 1080
1280 3880
-1280 2520
4880 5160
-4480 1960
-2880 1800
1600 3320
-4640 2120
-3680 4120
4560 4520
-1600 360
-320 4120
-4320 2440
-1600 5000
1680 5480
-2480 1320
2640 5560
2720 3400
560 2840
-4080 2440
2320 3160
-4160 2120
3200 760
-320 1880
-2880 3880
-1680 2520
1200 5640
-5040 2360
5600 3560
4560 360
-160 2680
2960 3320
-3600 1880
4560 520
5600 520
400 2200
4160 4360
480 1080
-4160 4920
5600 4120
-5600 4760
4560 2040
-2400 1880
1440 3240
-3120 2120
-560 2680
-5600 5240
-2640 5640
-3280 1000
-880 3320
1920 4280
-1280 3800
3280 1880
3360 2600
4400 920
-880 1320
-2240 5080
3680 1560
-1600 3800
3120 1640
2320 3400
2560 3480
-3600 5640
-2960 2520
-5600 4920
2720 3560
-960 3080
-3280 3720
-3360 4520
3520 2760
-480 3160
4160 1720
2640 1400
-3200 760
-2400 1160
3920 1880
2160 2680
-1840 5480
-1280 360
4960 2920
-3760 1720
1440 280
5600 2920
160 920
2400 1400
2240 2200
-4400 1640
3840 360
-3600 200
1760 5240
-960 4200
2320 1480
-4320 2520
240 840
-3440 920
1440 4680
-320 1240
3280 4680
3200 1400
1440 2520
-640 3160
2480 520
80 2200
-5120 2120
3680 4360
1440 120
4240 3240
4480 4600
5040 3480
-3200 1560
2880 1160
-4400 4680
3520 4520
-1680 2680
4720 840
4240 2200
3040 1800
800 840
2000 2920
-3440 1880
1360 5640
-4880 3080
-5600 4200
-2480 520
-2320 2120
3040 5000
720 4760
5040 2120
-1760 2120
1920 5000
320 920
5600 2840
-5600 840
2880 120
2240 3240
960 2200
3120 5000
960 3560
-3680 5080
4080 200
5360 4920
-3680 5640
-2880 4200
2320 4840
-4160 4440
2960 4040
4160 3160
-3760 4680
-2480 5640
-240 5480
-2960 5640
-4000 2200
-2160 5160
-2640 1000
4480 5400
-4080 1720
-640 5160
4960 3240
-5120 5640
4480 4280
-4160 2280
2400 4280
-2400 3720
-240 2840
5440 3240
-4000 3800
2000 3400
4160 120
960 2040
-5280 1960
2560 280
1040 2440
-1600 3720
-240 1480
80 3080
-160 1800
-2240 5560
-720 360
320 40
-1600 5320
-4400 3400
-2320 4040
-2800 1800
4720 5400
4720 2280
-4640 760
5520 4920
4560 4360
-1440 2840
-2560 680
1600 2200
-2960 1320
3520 5640
-3040 2040
-1360 1080
2800 4520
1280 1240
240 4680
-3600 1320
-4000 2760
-2240 5320
-4400 3880
640 1480
1120 1000
4320 2200
4400 3000
5280 1080
3760 5400
-2080 3080
4160 520
-640 4440
320 5240
-4960 5640
-4320 760
4240 2840
-2160 2920
-3920 4040
-4320 2680
5600 3960
3040 4760
3520 2440
2320 2120
-1520 5560
3440 3720
2000 3160
5600 4200
-4080 4040
960 5480
4640 4680
-720 1400
-3200 40
2720 1160
4480 3560
-5200 1960
-3520 680
1680 3960
2800 1720
3600 5560
320 2440
5200 2120
-480 440
-240 1560
-1840 1400
3200 3400
3280 5080
-80 1560
-4640 3480
-2320 2360
-560 440
-2880 200
3920 5560
5520 3960
-5120 2920
1600 2360
-4160 1240
-880 3080
-3360 3720
-4240 5480
-4480 2120
-5200 4600
2080 2040
-800 3880
2000 3080
3200 4760
-2240 1400
-4240 4760
2640 1880
2160 3800
400 760
-2720 2520
4880 3080
-960 440
-5200 440
-2080 280
240 4040
4800 40
2160 3400
-2320 4600
2800 600
-5600 1160
-1680 120
1760 920
-3680 3320
560 5320
-3200 920
2160 5080
-1520 3880
5200 3400
-2720 2280
-4800 5320
-2080 1720
-320 1320
-5520 360
560 2120
5280 3800
4240 3000
-2960 840
-4320 5400
1200 2360
640 4680
880 1240
-2400 3880
560 3320
-4960 2600
-5520 3720
-3520 4760
2480 3240
-2800 3720
4160 2520
-2800 1880
800 4280
0 2760
-5040 4440
-1120 4840
-80 3720
1280 120
4000 680
4240 440
5280 2360
-2480 1480
-2560 1800
0 4360
-2480 5320
640 1080
-3760 2840
2000 760
-5200 3560
-1760 3720
2000 3640
-1840 4120
1840 1960
-3760 3880
-4960 2760
-2880 3160
4560 2200
1280 3320
-320 2760
-1920 1480
5600 5160
-5040 5640
2880 760
-5360 4200
-4400 4520
-1600 2360
5280 40
-1760 3960
4800 3480
-3120 280
-1040 3160
480 2280
-3040 5080
-2480 2600
-5200 4520
1040 4520
2240 1400
4000 4200
-3280 3960
0 4040
4240 5640
240 1640
1760 680
2080 4280
-5040 3080
-2080 5560
-1440 3160
-80 280
-5360 5480
3440 680
4320 3160
-1200 1080
-2720 4760
1840 360
-1920 4120
-3920 1560
-3680 1560
-3920 4360
3760 3400
-2960 1000
-3440 40
4720 200
3040 2680
-3600 4040
-1040 3480
-2400 760
-1760 600
4400 760
-1360 5000
-1840 2440
-5120 3800
-3680 4280
3040 760
-2400 3080
3040 1480
3840 5320
-640 120
-3200 1320
1280 5160
-320 5560
-5120 3240
-1680 5480
1920 2440
5040 360
0 2120
2960 600
320 2280
-2640 5400
160 1480
4720 5240
-2240 1160
-3040 4760
160 5560
-640 840
4400 4360
4800 4120
1280 360
-3280 2440
-3520 1640
2480 120
-3600 5080
-320 2600
-3280 4360
-4640 3000
-2400 2920
-2560 1400
-1760 3800
0 4840
-2080 4040
-4880 5480
-1120 4040
160 5000
2640 5080
-2960 5480
-4480 600
-2240 4760
5440 5400
720 3160
-2880 2200
1600 4200
-960 5160
-3040 3320
2800 3320
0 1560
160 3240
4240 1480
4960 920
5600 3400
1760 3480
-1920 2520
-3200 4120
320 3960
-2240 2840
-5440 3240
2480 2120
5520 3720
-5040 4920
-1520 1800
5440 5640
-2880 2040
-720 5480
-2240 520
-720 5000
2320 3080
-640 2520
5120 200
960 3880
4480 760
80 4200
-1040 2120
-5600 4040
480 3480
5280 4040
-2800 2680
640 840
4960 1240
800 4520
-80 2840
560 760
-880 1880
640 5560
4800 1880
-4720 3880
-3200 4920
480 1960
2800 360
4640 5320
-2800 4840
-3840 1560
2400 3000
3840 600
1680 3160
3200 1720
-1760 1160
-1520 4040
-1920 3640
4480 600
-4240 760
800 2280
-1200 2120
-5600 3640
-3520 3800
-3920 5400
-3120 3160
2880 3800
2160 4440
2400 840
-560 4120
2880 1800
-1680 2280
3040 3960
1120 1880
1360 2360
2320 1880
4960 4680
1120 840
3200 1480
5600 5560
-1760 760
3120 3160
-5280 1240
-3120 2600
560 3880
3920 2120
-4560 440
1840 3800
4480 1400
480 120
2480 4840
-2800 1320
4080 680
4960 120
5040 2840
-1360 2840
1040 3000
4720 4920
4800 5000
5360 2040
3600 1480
-2960 2440
5600 5000
2480 1560
5440 2200
-4320 4040
2080 2440
160 760
-3440 600
4320 1320
960 2920
2560 3240
1920 920
-2800 4520
1760 440
-2480 360
2160 1880
2800 5240
5120 5480
2480 1960
2400 1640
400 840
3760 5000
4880 4280
-960 2920
-5280 760
3840 4680
2560 4760
-4240 3320
-1600 1640
3040 1320
3280 440
3200 3800
1760 5000
-5040 840
3280 680
-880 4680
2560 440
4480 1880
2480 200
320 5400
-3040 4920
800 2440
-2560 1560
-320 1080
-4080 5480
-4720 4120
-2640 600
2800 2120
4640 1880
2160 360
-4400 1880
5120 3960
5120 1400
-1600 3640
-4800 5640
1200 680
-2800 1000
3600 1000
5280 1640
-5280 1080
-4240 2040
-560 3320
4560 1240
3600 2040
240 2200
1760 2200
-3360 3480
-2720 360
480 2600
80 3880
-2320 4360
640 2600
1200 200
-3280 3160
-5360 4600
-2320 1000
-4080 3720
-1680 4040
4640 5640
-480 2440
2640 3000
2880 440
880 1080
1840 5400
-4880 1480
5120 2280
4080 4840
3440 3480
4800 5480
-4800 4440
2000 1720
2880 5640
-2480 3400
3120 120
5120 2680
3040 5080
2560 4440
-1600 2920
-1120 840
-960 3720
-400 3400
3280 840
-5520 1400
-3520 3640
-480 1480
-240 360
-4240 2200
4160 2680
3760 1800
-4800 3720
4560 5240
2000 3560
-4320 4360
-4480 2200
-480 1800
4080 40
-4960 1880
720 2600
2400 3480
4880 2840
-2320 1240
-320 1720
-3440 3880
-4720 5160
-240 2360
-4560 680
160 4920
-3680 1880
-2160 4600
-3040 2840
1520 5640
320 3800
-1680 5640
400 360
4000 4440
4000 440
3520 1080
-160 2040
-4560 1720
5120 5000
-880 3880
4720 4040
4000 5160
3120 2440
-80 3160
-1680 840
-1680 4440
1520 4520
240 2760
-3280 4440
-5040 1880
2880 3480
1520 680
1280 4600
4960 360
-240 520
3520 1160
3200 3640
3520 2280
2480 680
2960 4200
-5360 4040
2720 600
4800 4840
1760 1160
-3920 2280
-3360 2200
2000 120
160 2040
-4320 1640
-3680 200
-3360 3880
-4160 5640
2160 1560
-5280 520
-3680 520
-5520 2840
3040 520
-2800 5400
-800 1800
-2640 1160
1760 2360
-3840 3160
4400 2840
-1920 4200
-880 280
-80 5240
-2160 2360
-2960 4920
-3280 3320
3440 1560
-1680 1000
80 1480
960 5160
-4400 3960
-1360 2760
4480 5240
1680 840
-3360 4680
3200 360
-640 3400
1200 1720
-5200 4280
1040 3400
-3040 1560
-5280 4840
-5600 5640
480 1480
3600 2120
1360 1320
4080 2920
-800 840
4320 1240
-2000 5640
5040 5560
-960 3560
4800 1400
-4560 3960
-3840 4120
4640 5560
-1200 2520
5440 3640
-5600 4680
-5440 1240
5200 440
1120 4280
-4240 1560
-3120 2200
3760 440
3040 280
480 2440
-3120 440
-4800 2040
-1760 4440
1760 5640
480 1240
-2000 2360
-480 3080
4160 680
-5600 40
1360 280
-2400 5400
4560 5480
3280 2440
-5280 2120
-3200 1960
880 4200
4800 520
2240 4840
-4560 3640
5600 4920
-5200 2280
880 5480
-2880 2280
1520 2680
3840 760
3360 2840
880 1880
-2080 5000
-1280 280
-3280 3000
3920 4920
2160 5560
-1120 5640
-1120 1320
2160 2360
4800 4760
-880 4920
5040 5240
-2400 4120
4960 520
1760 3240
-4320 5320
1920 2840
-4320 3480
-5040 1000
-1600 4840
-1920 1720
5280 2600
4960 5480
1840 3000
2960 2040
-1200 2840
3360 600
-2080 2200
4160 3400
-640 2760
-3840 1960
2400 4600
-5440 1400
880 3160
-4720 920
-4400 3720
-3440 2040
-5360 2440
-480 360
-240 3160
3040 2840
-960 3240
5120 1720
-4000 3880
-1920 4600
160 3400
4720 3560
320 3640
-720 3320
-4240 40
-5040 3720
4640 2680
480 1640
-4000 1160
-5440 680
-800 2920
1840 4840
4720 2040
800 5080
-1280 4840
-4960 2920
2000 2040
3520 4120
2800 5560
4640 920
-1040 5240
-400 4280
-4800 3000
1120 1640
5120 2920
-3280 40
640 1960
4880 5640
5200 1240
5440 4200
4560 1080
-5360 3880
4080 3320
-3680 2200
4480 3240
-4800 920
3680 4760
-4640 1800
4800 1240
5280 4200
-1840 2280
-1840 4760
3200 2680
800 4120
5200 680
-2400 600
400 5640
560 520
-4000 1800
-4400 3080
-1600 4120
4240 5240
1360 1000
-4640 4040
320 3560
-2080 1240
-3440 2200
4720 3960
-3440 1320
-2320 5160
-4720 1640
-4960 600
-5520 3480
-4960 1560
-2800 3960
-5200 2520
-3360 1240
-2000 5240
1280 3160
160 600
-4080 5160
-4640 4600
480 4360
-80 4520
5440 2360
4720 5080
2800 1320
-1200 1160
-3440 3240
-1200 3960
2240 600
4080 840
-4000 5640
400 2840
-5360 3720
1280 1560
1120 2520
480 280
2880 280
-1040 2600
2320 4120
5040 5640
4320 1560
-2880 1240
-1280 1400
1840 1320
320 2600
5440 840
5600 1960
-640 1160
640 920
-80 360
2160 5400
-3600 2440
3360 3560
1440 3880
4320 5320
1520 4360
5120 520
4880 1400
-5520 1880
1520 3480
-4320 3880
-1360 5320
-5520 2360
2800 4280
4240 4600
-1760 1880
-1760 5560
720 3800
-160 3480
560 1320
3040 680
-1520 4680
5120 5400
3760 2200
4880 3960
-3200 3480
-4800 2840
-480 1080
-1920 1080
4560 1400
-1360 1160
-4960 2440
1520 3960
-3440 2920
1760 4680
-560 280
-3680 40
-4800 1720
640 3160
-1920 1640
5360 1800
-80 5000
-2560 5480
1520 4040
4480 1080
-5360 3480
-2160 4040
480 3640
-4080 3160
-320 40
1040 5400
4640 4200
-4160 4200
-4560 280
960 120
-800 5560
-3920 2920
2560 5160
-1200 520
-2320 5640
-4720 5000
2000 1400
1600 4520
-5280 3240
-3440 200
5120 3720
-1440 4680
5600 1320
-2000 1400
-1760 1960
-1120 440
2800 1880
3440 360
2240 3560
2400 2280
-4080 3080
-5280 2840
5040 2600
3680 4520
-4320 5000
5360 3080
-2960 1960
3520 3400
720 5320
-1440 2520
4560 3960
-2080 680
1680 520
-5280 1480
5280 4520
-1600 1080
-3680 4760
-3120 3320
-2960 40
-5600 2840
5200 5640
-5360 1880
-4560 2520
-3120 1240
3280 3560
2720 4920
1920 520
2560 3400
-4320 5560
80 2760
-2720 2760
-2640 1960
5040 1800
3520 5400
-3280 2920
2320 680
640 4040
-3120 1400
1360 2120
-320 3240
-4160 4120
-4480 2440
-1200 3000
2160 3160
1840 3160
-3360 4040
4960 5080
-4720 1880
1120 3240
-2720 1480
400 2040
-4960 1400
-4800 2760
5360 4680
-5360 5320
5520 4280
5040 1400
-2320 1960
-240 1720
-1360 5160
2480 2520
3360 1480
-1920 2120
2240 200
-80 1240
2080 1000
3440 1000
3920 3640
-2080 440
-2960 1080
-4240 1880
3360 4840
4000 1640
1360 5160
-4640 3320
-5600 3320
80 5240
1600 2440
-1280 1560
640 3480
-3600 1160
-480 2840
-4000 5560
-1840 200
-5440 5080
-4480 5560
1680 2520
5520 680
2720 4440
4560 2520
-880 760
-4160 2520
-5600 3000
5040 4120
5120 1000
4480 4120
4320 5000
-3680 1000
3440 2680
-400 3000
4400 200
2080 4040
3280 5320
560 4840
3920 3320
-2000 4360
1360 3400
-4400 2520
-4720 2600
-1120 1560
-2560 4440
-800 2680
2080 600
3760 4440
320 4200
-5280 5160
-2800 4120
-2080 3640
1920 1800
5280 5480
5520 1400
-4320 4600
1040 1400
4800 440
5360 1720
-3920 1320
5440 1960
3760 4760
400 1400
2880 2600
5040 4200
-3280 840
-640 1560
2480 5080
2960 5560
4400 1240
2400 5560
-2960 5000
2160 1720
-1120 2280
5120 5160
-1520 2200
-160 3080
1520 2360
2720 120
-320 3480
-2160 4840
-2880 2600
-4880 4040
3280 1640
1520 1080
560 840
-560 4840
-3440 1480
1680 3320
-2880 3080
1200 1400
-4160 5320
-2400 3560
-2800 680
3440 280
-1280 4520
4000 3960
-640 1720
1600 5080
2560 760
400 4120
-3040 2680
-480 3560
3520 1640
-4880 5000
-4960 2200
2640 2680
2000 680
-2640 2840
4800 3240
2240 1560
-2560 4680
-5040 120
4800 4600
-5440 760
5360 1960
-4880 1240
3600 3640
-3520 2120
2800 280
-1760 1720
1680 4360
-5200 3320
5600 2200
-2160 1320
480 3800
1440 5480
-4560 3000
-2880 4680
-2480 3560
-3600 2280
-960 680
3600 4280
-3920 840
-3520 3560
3200 5320
-5440 2040
960 5000
-320 2440
2560 2600
-4000 4200
320 4760
-3680 4920
1840 1720
-2640 5160
2640 2840
-2000 4680
-4720 3240
-3280 4760
-480 4440
-1680 1880
4800 5640
-5120 200
800 600
1360 3480
-4240 4280
1200 4120
2960 1880
1840 120
-2480 1960
-3680 1640
1520 3400
3920 1400
3200 3960
-1680 3960
2720 2360
-1840 3880
1600 1480
4480 3720
1440 4840
800 3000
1520 5240
-2960 3960
880 440
5600 4760
400 920
-3920 4520
720 5080
-3920 1000
3360 5240
-2160 440
-3040 3000
-5520 2200
-480 1240
-3200 2840
-1840 840
-2000 1320
-1760 3240
-4560 2360
-2640 440
-2960 3240
-1840 2840
4640 1160
3360 2680
-3920 3560
-4160 360
2800 2440
-3760 1080
4080 4120
-5600 2680
-2000 2280
-1680 3160
-5280 1800
-2160 1400
-1440 4280
-5600 2440
1120 1560
-3600 2920
3760 4920
-400 360
-720 280
80 1640
1360 2600
4320 40
-4960 3880
-1520 1080
-4240 1000
3040 3320
1600 2600
-3280 5160
-5600 2600
-4320 1080
4240 4120
5600 2680
0 520
800 1000
-1280 2600
-2000 1800
-160 3640
2240 3960
2000 3320
1520 5160
1600 1080
5360 2760
5120 3800
4800 2760
3520 840
-80 2520
0 1960
-3760 3960
2080 840
3520 1320
-720 2600
720 3400
-4080 5320
320 3160
5360 4120
-1040 520
1600 3480
-400 280
4400 5640
-4560 1320
4240 2440
-4640 2840
-4160 3880
-4320 1240
-2000 5400
4240 280
-1600 840
2640 280
4320 2600
-4240 1080
-5520 4840
2400 120
-1120 5080
-5120 1160
-3600 4520
240 1080
3200 1240
-960 1400
4480 4760
3440 4040
5280 3160
4160 1400
-5200 2680
-5600 200
1520 4200
240 3720
-2080 4200
-3120 1640
-2720 3000
-1600 4680
-320 1960
4640 2520
1440 1880
-3600 1480
160 5400
-1440 2200
-2560 3880
-2160 200
5120 1560
-4400 1160
5120 4520
-2720 1880
-4560 3800
1280 4200
5440 2920
80 3320
-3680 3960
0 920
3120 920
-2800 5080
-5200 4920
-3520 3080
-5600 5080
-4320 4920
-4240 5080
5040 600
3680 3880
4160 4280
-3360 520
-5200 3400
-4720 1320
800 1720
-1840 1240
640 1640
3600 760
960 1880
-1360 1240
-800 4440
-1760 2920
1360 2760
240 2120
3520 5160
480 3720
0 2280
0 2920
4800 1000
1680 3640
-3280 1800
1200 1480
1920 2280
-880 2280
1600 120
880 2120
1920 5160
-4000 840
160 4040
3680 2120
-400 2680
1600 1560
-1920 760
-5440 3080
2480 280
-5440 1640
-2640 5320
-4960 4040
3200 2840
2960 1080
-4800 520
4960 5000
-1120 360
1920 200
3120 1560
-1600 3400
-3280 2040
-3920 5080
-800 5320
-2000 2840
1280 520
-2320 3240
-3840 4280
3360 3160
-960 5320
1040 4040
5280 3480
-2880 520
3040 200
-160 1080
1120 920
-880 4760
640 2280
960 1640
-2000 3960
-4320 520
3680 5640
-5600 600
-2320 4920
1200 2600
160 3800
-3840 1240
5280 2280
4560 1640
-4160 2440
-1440 3720
3680 3000
4960 2200
1440 1640
-5520 600
3280 1000
0 4680
5440 4600
-1280 5080
3120 4040
-1440 1880
3680 3720
1840 600
-4800 1400
720 5240
3200 2280
-1600 1480
-160 920
-3040 840
-80 2360
4720 1720
5120 4040
2640 5240
1520 1960
-3200 5320
2560 5400
1360 4120
5200 4680
2640 1960
-3040 2120
960 520
-5360 4280
2000 2520
4480 4920
-4800 2120
-400 4760
-2960 4760
320 5080
-5040 2040
4880 280
-2320 2280
-3360 360
-3520 5240
-2080 2440
-80 1880
-4000 5400
-4480 3480
-4880 3800
-720 680
2560 2200
2160 2920
5360 2840
-480 600
-3040 5640
3760 2440
-4080 3560
-560 1880
5600 4360
-4160 4600
3520 3560
-1920 1960
-720 2360
-4160 1960
-2160 120
5440 920
80 1000
1040 4840
-2880 2760
1520 4920
-5600 3160
-4480 5240
-1120 3080
800 5640
1280 1880
-3840 3000
-320 600
-1200 3560
-4800 4280
-4880 2280
-1280 4120
-1440 360
640 4440
-1040 1480
4240 4440
-1280 1720
-800 4520
2560 2120
-880 3720
-3760 1240
5200 3080
-3760 440
1120 4440
-2800 2920
-3280 5640
-1840 2600
5360 5640
-5200 280
2480 1720
1760 2440
-4080 2040
-4640 3160
-5440 4680
-4880 5240
3200 2600
1040 1800
-4560 1160
960 1480
4640 1320
2560 2760
-5440 2680
4240 4760
4080 5320
-160 4120
-2720 2360
1920 1560
-4720 2440
-3440 1080
-4480 2680
-4560 40
-4960 3080
3600 2440
160 2520
-4640 5000
5280 3240
-3120 4360
4720 600
-3120 4680
5440 2280
-3840 5640
320 3000
-3360 2600
-2560 3720
-2560 2520
-2480 2040
-800 2120
1280 1720
1760 2920
1280 2520
2640 760
1520 520
3920 5000
-5440 2520
-1200 1480
3200 3320
-3120 4200
-5040 4760
-2560 2920
5280 200
-1280 4200
2640 3160
-1040 1640
-2000 3480
-3040 600
-3360 3000
3840 3880
-480 3400
-5200 5320
1680 1240
-2160 2600
-2720 3640
3200 5160
-1200 2680
4080 3560
1440 2280
-80 2920
3680 5160
5120 1160
2080 2360
1760 5080
2240 1320
5440 520
-2320 3720
-3440 1240
-3920 5240
-5280 4440
-960 2360
-3440 3480
-480 2600
960 2360
-2560 4280
-3600 4360
-5520 3640
800 3880
2320 5400
-80 520
-4880 4760
1120 4600
-4960 2120
3840 920
1520 4600
4400 3080
1440 5320
-1280 4600
-320 3560
-80 680
-3840 3640
560 5640
4720 1080
2800 2680
4320 4600
-2160 2040
5440 2600
3600 5000
-4800 1560
-5520 200
-5120 120
4800 3320
-3440 5080
-1200 120
-1120 4120
1040 3720
-5600 2120
-2000 2680
4560 120
-3520 1800
2640 1640
400 5480
-3680 680
-3600 360
3840 4120
3360 4200
4400 360
2960 440
-3360 5400
-320 5080
3520 360
-4080 4280
2720 2600
2560 4280
5440 360
-4800 4600
-4800 1080
-1840 1080
-480 2760
-5600 1080
3280 3720
1200 5320
4160 5160
-1040 2520
-80 5640
720 3640
240 3640
-5600 4520
-4240 440
4000 3560
5280 3560
-4880 3400
4240 3720
400 2760
3600 5320
1600 2680
1920 4120
4000 280
3840 3480
4880 1560
-1520 5000
480 2680
1680 4040
2560 4120
-5040 4600
-3680 3640
-2560 5240
4880 5320
-560 1160
2000 1480
-1760 1560
-4880 4840
-2400 2360
400 4040
-2160 1880
2720 1640
1760 4200
-4080 1320
3120 1240
-4160 3000
2240 5560
3760 2040
5200 1960
3840 5640
2320 3800
-1840 1480
-1440 1560
160 4200
-1840 4360
-3680 4600
-160 1400
3120 5560
0 2600
4400 2760
880 5320
4800 3880
-5600 280
-2480 2680
2240 2760
4560 3400
3200 3080
2560 600
4640 3320
3440 120
-1440 5320
-1760 4920
-2160 1560
-4000 3400
-3680 2120
3280 120
80 5640
-240 5160
-2160 3320
-5120 2360
3520 3800
4560 2920
-4400 4840
-2000 3320
-4400 3160
-320 1560
-2080 1080
1840 1080
-1280 1800
-880 440
1840 760
2080 1080
-4000 2920
2800 3160
-160 3880
2560 1320
-640 600
-4080 920
-5520 2920
-400 3720
-800 3560
-3840 1080
-2480 2200
5600 1720
2640 1000
4320 520
1120 120
-4960 280
2640 120
640 4920
-400 4520
1280 4920
4320 4840
-5120 1320
-5440 2280
-4880 840
160 360
-5600 3880
3280 5560
-2400 440
1040 760
1760 3000
-4560 4360
4080 2200
3840 200
4160 5000
4080 1720
3440 2200
-3680 5400
-5440 1480
-1120 3800
-480 5560
5520 2120
3680 4600
3680 3960
-2720 3480
3360 4280
3120 3560
4320 1640
-3440 840
-2960 360
-2480 3240
-320 520
1760 1640
1120 5080
-1680 5240
3040 120
-960 1800
0 1160
4240 1560
5600 3320
1120 3400
-4080 1560
-4240 2280
5200 5240
2800 4040
-5040 5400
-2960 680
4400 3720
2160 840
400 4520
-3600 3400
2080 5640
-4800 3320
-1920 1240
-4720 1560
-3440 4280
-5040 5160
-3520 840
5360 4440
-720 3080
1920 1080
-2400 4520
3600 600
-560 920
160 5160
-1520 5400
-1440 5560
-240 5000
-80 4200
-3280 2680
3120 2680
3040 1960
-2800 1480
4720 2920
1920 5480
5120 3320
1440 1480
4640 4280
-5280 3960
2960 5400
4480 1560
2480 1400
-160 3960
-1680 2200
-1440 4840
4640 120
1120 520
1360 5320
4720 4760
-4560 5560
2240 4200
-1600 5160
240 2920
-5600 3080
4720 3160
1920 1960
-880 840
2640 3720
1120 5560
-960 1960
-2400 1640
3600 3160
2480 4040
-3440 360
-3760 5480
-480 680
1120 5240
-80 2280
2480 2360
-2800 5480
-2480 4840
3040 1160
4960 4600
1200 2120
80 3640
-720 760
-1440 4120
1600 1000
-880 4040
4240 4360
4080 4760
0 3080
4160 4840
3360 1800
720 1800
4560 3800
-4160 5240
-5520 1720
-4000 3080
3200 600
1360 5480
2160 4600
-960 5480
3280 4520
1440 1240
-1120 3640
2960 4600
-2400 4600
-4640 2680
1600 680
-5360 2600
640 2440
-1280 4280
-240 200
2160 120
-4400 4200
-4240 5640
240 280
-1360 1400
-1280 2280
5120 4760
4640 2120
2320 760
4880 3800
-5280 200
-2320 680
-3040 1720
4640 840
-1200 1960
640 4120
-2800 120
-1760 3480
2880 4760
-80 3960
2160 4360
-80 2600
880 2600
4240 760
4400 680
-4560 2760
1120 3880
-2880 5240
-2480 3800
5120 920
880 1320
4720 360
3440 4440
3360 3800
-480 2040
-3840 120
-480 4680
5440 4040
2080 760
720 4600
-1760 4520
-1840 3320
-2560 840
4560 4840
3040 3720
1120 1160
4080 1400
5600 4520
3840 4280
-4400 2200
3760 2920
-4080 2840
-320 2120
-3520 5000
-400 3640
-3760 2440
-1440 1240
-3840 4440
2720 2200
-5600 1480
1200 3320
-2160 3720
-4320 4840
4880 3160
-1360 4360
-1360 3880
-4480 5160
-1280 3240
560 440
5200 1800
-4880 2440
4240 5400
-2160 4920
-960 2680
1840 280
-3600 3800
5600 280
-3840 40
320 1080
5360 3320
-2560 3080
480 4440
-3040 440
2080 1240
1680 280
-880 2440
-2960 4520
4960 5320
960 1080
-1120 2920
5040 1960
-5120 5480
-2880 1560
3200 2920
880 1560
4160 1960
5440 3000
-2560 2040
-240 4040
4000 1400
3280 2040
5520 5000
4800 4440
4320 1080
-3040 1000
-1200 5320
-1120 2440
-1600 120
3360 1320
-5440 440
2080 5480
-4000 4760
2880 920
2800 2200
-400 920
2480 920
-4240 5160
4800 2680
-4400 5160
640 520
-1120 5400
3600 2600
-800 4280
400 1160
-5280 1640
-4240 1400
-1120 1800
2000 5080
800 360
-1360 920
-1040 1240
-2640 120
2880 2760
2640 4680
1280 4440
-5040 3560
80 4440
3360 4040
-4640 2040
4960 5560
1840 1400
4160 1160
4480 3000
2320 2840
-2880 2840
5280 2120
3600 1800
-1200 920
-2640 4920
-2720 920
-2640 3480
800 2680
-2080 1560
-5600 680
-1760 200
960 360
-240 4600
-2560 3160
3920 5640
3920 3880
-2960 4120
-960 4840
-5440 200
4320 200
880 2520
-4400 2760
-2960 3480
-480 1320
-4000 280
-640 4600
5440 5560
-4640 5080
-560 5080
-2800 4680
-560 1320
-1520 2440
-3840 4040
-2720 4280
-640 5640
480 4760
-1440 120
-4480 920
-2000 520
-80 5160
480 600
5040 3640
-4400 2920
1440 5000
-2560 3560
-3840 3240
0 360
560 3800
80 520
-5360 1800
5280 5000
3200 4200
2880 1400
-5120 2760
1440 4280
-640 2600
1360 4360
-1840 40
560 1880
3680 4120
3200 4120
-3200 5480
-2320 2520
3520 4680
3680 1000
1040 120
240 2440
-3680 2520
-3040 760
1200 1160
160 5320
640 3000
-480 5400
5520 5560
3440 1960
3440 2760
-3520 2840
4560 5000
-2160 4440
5040 1080
-4640 440
-4640 2520
320 1320
-480 4600
-5280 920
1360 1480
-1040 3800
5200 5560
-4160 3480
-2880 1720
4320 2040
720 360
2880 3080
-1280 3480
2960 3800
1280 3560
5280 600
-5520 5560
3840 1160
-3840 5560
5040 760
5360 3720
1120 2840
-4080 1400
4080 3720
2320 4440
-1040 5000
-5120 2520
-2560 4040
-1120 3240
2400 440
-3280 2520
3440 2120
-2480 1640
-5040 2840
1360 1560
5280 5160
1120 360
-4480 760
-2640 2600
-560 2120
5600 120
-1680 4920
240 1720
-3360 3640
4080 2840
-1360 200
5200 2760
-3760 760
2400 2600
-4560 1640
240 3080
-4640 1400
4560 5640
-4960 1960
-880 1480
1680 4680
-560 1000
5200 840
1920 1000
-1520 1000
4800 680
-3040 3800
880 2760
-4880 3560
880 3960
-5440 5400
5600 1880
4480 5160
3920 1080
-4080 520
3360 4520
-2800 2040
2720 3240
-1920 3240
-3520 4200
3600 200
3200 1880
2400 5640
3440 4760
-3840 1480
4880 2200
-4960 3640
5280 1400
-960 3960
2000 4840
-1440 3640
4960 2040
-1360 520
2960 920
-800 1640
3920 2680
1120 4680
-320 4680
-3280 600
-3280 1720
-3200 4280
-3840 1320
5280 5400
5280 840
-3040 1880
800 5400
80 2440
2640 4600
-1520 1240
-1360 4760
-5600 1960
1040 280
400 3080
-3200 5640
-3440 280
-2800 5000
5200 600
5040 280
-2000 4840
-240 840
-5200 3000
480 3240
-1680 3080
5440 1480
-5520 3320
-2560 4840
-880 1160
3680 360
3600 3320
-3680 4440
-320 4840
-1040 4200
3040 5320
-4000 40
-4880 1000
-1920 1880
1040 3160
3440 1880
1040 4360
-1200 200
1360 680
3440 760
3040 5640
-5040 3240
4560 3560
4480 3960
3520 3880
-4560 4040
-240 1320
-4640 4280
-1440 3320
-3360 680
5440 5080
-4960 4200
-3520 2040
-3040 120
4720 1480
-3200 2360
4160 3800
800 3240
-4560 520
-1520 760
-5120 1400
-1920 4520
-3520 4040
2640 2440
-4640 280
-4640 120
3600 4120
5120 3000
2960 3480
400 4440
640 3880
-2880 2440
880 3400
1840 2120
-4960 1160
320 1560
960 2840
5280 1480
1360 3160
-160 4840
480 5400
-3600 680
4000 1960
3120 4600
-1280 5240
5280 3640
3760 5080
-2560 5000
4800 1640
-880 120
-3520 5480
-3040 3560
-4000 680
1520 3640
3280 5480
-4880 4200
-3920 4920
2880 1560
1520 360
-3200 520
-640 3720
-720 4520
-3840 5160
-4320 600
-4640 4760
-1200 1320
4080 2120
3200 200
-3760 3160
2800 3560
5440 3880
3040 1000
0 1800
-720 4200
1680 4920
4560 2360
4400 1880
3760 3240
2720 1400
3520 2520
5520 2840
960 1720
-4240 1720
2800 120
-1520 3080
720 280
640 3320
-2800 1640
-4080 5000
3440 840
4080 3400
-720 1000
-2560 280
160 2600
-3200 1080
-880 5000
-3200 280
-3200 5160
-4960 4520
4960 1720
-2080 2520
960 4680
640 680
-720 3720
-1200 760
-4080 120
-1600 1960
-2800 1160
3200 3160
-2560 1720
-4560 1480
2480 5640
5440 2440
480 5080
80 2680
3440 5640
2160 4920
4800 4200
-4080 4440
2800 4680
2000 360
2960 2440
-1920 3560
-2240 4200
-5200 5080
3040 3560
5360 1000
-2240 3480
4240 1080
5200 2440
-3360 5560
4240 840
-2320 5000
5200 4440
-2720 5000
-3360 2760
160 1800
4960 4120
-4720 4360
-960 3320
3600 520
480 4920
1280 1080
-3440 2520
2320 1160
-880 5640
2800 2040
3120 4200
-5200 2440
2880 680
2160 4040
1760 2760
-1040 4440
2720 920
-5440 1080
2640 1240
-2720 520
-3920 4760
1520 1400
640 2840
-4960 120
-3760 2040
-2880 680
3920 1560
560 5000
-1280 3640
2080 3560
-2720 3720
-2240 3080
1280 2040
4080 1080
4640 3720
1680 3800
-80 4360
1360 1960
-1760 2440
-1840 5320
5520 5240
-1520 2680
-480 120
-800 1720
-2480 4680
2240 920
5600 3720
-3440 3080
-4160 5000
160 3560
2800 3640
3840 1320
-720 40
1520 40
2080 520
2320 2680
-4080 3320
4800 5320
880 4680
-640 1400
-3280 1640
5520 2440
4080 2360
-2160 1080
-3760 5240
4640 3080
880 4360
-1520 1400
3360 3000
-2240 3960
2000 3880
2800 5400
-3040 2280
4640 3480
160 2120
480 2920
1120 2120
-720 1240
1680 1800
2560 40
2640 4360
-4720 4840
4800 1960
1840 5560
320 2040
-5120 4200
4080 3960
560 5240
480 3080
-4880 2600
-1760 3640
1680 1400
2320 5080
4480 1720
4240 3480
4240 1880
-5120 4280
720 520
-1520 1560
1920 5320
3680 5240
-800 440
-5440 4440
-5440 5640
720 3000
-4560 3160
-2800 3880
-2480 4360
-2400 4760
-960 5640
4560 4040
5520 1240
5040 4920
1440 2760
-2560 2280
2800 4920
-2560 760
-1040 4360
-5200 4760
3520 1960
2320 2440
3120 3000
1840 4040
4400 440
4560 2680
-3600 3240
-2480 4120
-4480 1800
-5120 3880
1360 3800
-4320 1400
-5360 2120
4480 40
3840 3720
1920 1240
-1920 4920
5520 4600
3200 2040
640 5640
4800 2520
-2000 4440
-160 4520
960 840
5120 40
4240 3960
-5600 1320
3440 5480
-3360 4200
-640 4760
-4080 200
-1840 3400
-160 4360
-4880 1080
-2080 4680
3600 120
-400 5240
-2480 120
-5600 2280
4080 1880
-1360 3240
3360 1160
-1920 3480
3440 4280
1920 5640
4960 4840
3040 2360
-3520 1080
400 4680
480 4280
240 4600
-1520 200
880 1640
3520 3240
4000 5480
-4400 40
-1920 280
-880 2520
-2640 3240
-4640 1080
-3360 200
-3760 2280
2160 1480
3440 2920
-2720 3160
-4960 1320
2640 2280
-2800 840
3760 3560
-2240 5400
-2480 2440
-2240 680
5520 3560
-240 2920
-4160 3640
-80 3560
-1760 1400
480 4600
4720 3320
2480 3800
4160 4600
-160 2200
5280 360
-3520 2600
-3120 2760
-2080 1000
4320 4680
-80 1000
800 4360
-800 120
4320 5160
3280 360
-240 4440
-3120 2440
-1360 4120
-1040 1000
-3120 600
560 5480
0 3480
-4320 3240
400 3880
3840 3160
3920 4600
720 680
3120 2200
-2080 600
-1600 2120
3120 440
3760 3960
-2080 5320
4560 3640
720 1640
-5440 40
2320 2920
2720 840
-320 2200
-2480 3960
-5520 3880
1840 3960
-1680 2760
4080 5080
-4880 680
-2160 840
-160 4760
1680 5320
4080 4040
3600 3880
1920 2600
1680 1000
5360 120
1680 4120
-1120 1720
-2160 1640
3280 4440
5200 4920
-1040 5560
3840 4600
1120 1240
-3760 3480
-2400 5560
-3440 1720
5360 5320
4720 2360
-5280 5400
-5120 3320
1040 2200
1760 3880
240 4440
5360 4360
160 3880
5280 4760
400 5160
3520 3080
-3760 4520
2400 5000
1520 1720
-3840 2200
4560 2440
-2880 3320
-3440 4920
-5120 600
4720 4360
-2800 520
-800 4120
3760 3080
-720 4680
-880 200
80 1320
1040 5640
-1120 4280
1440 3640
4240 3800
-1840 5640
0 760
-1840 920
-4400 1560
3680 680
4480 2200
1120 3560
2720 5400
-1680 1400
4480 2360
4080 1560
-1440 3800
-4960 5320
4960 3800
-800 2840
-2800 3480
-320 2920
-1440 2680
-4480 4360
-5520 4120
-3520 3160
-3120 5560
2000 4680
-1600 1240
880 3560
-1440 840
-3120 3560
4400 1400
240 680
-4560 4200
1840 2760
-3920 1400
2960 1320
2560 3640
-2640 3320
-5360 40
960 1000
2240 4680
-1680 1240
3600 840
5040 3960
4000 4120
-1040 840
-480 5160
1360 4200
-2080 3240
-5200 760
1200 4840
960 3080
5120 2520
-3920 3720
720 1320
2240 5320
960 4120
-5360 2920
-3200 4680
3280 4840
-2720 760
-5200 40
320 200
-3360 5240
-1600 2840
4000 2520
-1040 1160
4640 3800
4000 3160
1840 3480
880 4920
-5520 5160
-5440 3560
4880 2520
-4800 2600
3120 5400
-5600 5400
-4320 2840
-480 3320
5520 840
-4720 5240
-960 4360
-3600 4840
3120 4440
2960 2280
-4160 2840
4880 680
-3440 5560
960 3240
3840 1960
-4640 3720
-4000 440
320 5560
2000 4520
2880 2360
-5360 2760
4160 2920
-320 1640
-3440 4840
-4800 3960
80 4600
4320 3960
3680 1320
-5360 3080
-2720 1320
-5360 2360
4480 3400
-1680 680
320 4360
-4400 2040
-3680 5560
-3680 3560
-5520 2600
-1440 440
-4080 4760
-2240 2520
2080 3320
-2960 1400
-80 1400
1760 2040
2000 5480
1600 4920
3840 4040
-4560 4520
-1440 920
320 1720
-2960 280
2160 440
-2160 3480
3760 1000
3360 1720
-2880 5560
-2240 4440
5120 4600
1040 2680
1200 5160
4560 1800
-3680 1240
-160 680
-5440 4840
5600 4680
-80 5480
2320 1000
-3360 1080
-3680 360
1600 5400
-480 4280
-4320 3720
5520 1080
-5120 4040
-3840 2760
-4640 4200
-560 3640
-5040 2200
-2640 2360
720 2200
2400 5240
5520 5320
-1360 3400
-5360 3400
-1120 3480
-3840 920
-2160 4200
-880 5480
-4960 3320
1520 3800
2560 3800
3440 1720
5440 4440
-2640 200
-4800 1880
-2320 3400
-1280 5560
-2000 5000
1280 2280
-720 5640
1760 600
-4560 5640
-1120 2760
-4800 3480
240 440
4080 3080
5120 2040
-2640 680
-1920 5160
1120 4920
5200 1000
4960 4360
1120 4200
880 200
-3680 1720
3360 1400
1680 1480
2960 4440
-2000 5480
3360 200
2000 5000
4880 120
2240 440
3920 3720
2480 3560
2960 3000
-3280 5000
5360 440
1680 2760
80 4760
-4400 280
-2800 200
-2320 3000
-3360 2360
3760 840
1840 3320
-720 1560
3920 120
-2000 840
-4720 360
-3680 1400
-800 600
-400 2120
1760 3720
-2960 1160
5440 1800
5040 3080
2960 5160
800 5560
-2160 3960
2720 2840
240 1400
-3840 3400
-640 4920
3840 3240
4720 2760
4400 3880
-5440 4920
2800 4200
-720 2280
-2400 120
-1200 5240
1200 5480
-3440 4760
5200 2280
-4960 3240
-5280 4120
3520 2040
1120 3720
-1040 4680
-5120 680
3840 1720
-5520 5320
3760 600
4320 2360
-4080 4680
-4720 2200
5440 2680
-4720 520
-160 2520
-160 280
2720 440
3680 1240
5600 2360
560 3640
2880 2920
2720 5080
1440 1800
-3920 4680
5600 200
3680 440
3680 1880
-960 4520
-1840 5000
-5040 440
4400 4520
2080 5240
320 520
5440 3400
5280 5640
1920 4840
2000 200
-5280 2600
-2320 2760
3040 4360
-4320 3000
2080 2120
2240 4360
1440 2840
4080 5400
-1360 600
1440 5560
-3120 5240
3040 4520
4320 4440
720 1240
1600 1720
-2160 4360
2240 5000
4000 5000
4160 4200
5360 5240
800 760
-80 1640
-1360 3960
3920 1240
-4720 5400
-5120 840
3680 5400
2320 2040
-3920 2440
-880 1640
800 2840
-3840 2600
4960 1560
-960 2040
0 5320
5360 5080
-2240 3800
-4240 4120
-160 3320
3120 4840
3040 3880
-2080 5480
2480 3080
4000 840
2720 4600
-4800 120
-5280 600
1040 4200
1280 4760
2800 1560
-2160 3560
-2080 120
-5200 3640
-2480 1080
3680 2280
2800 3000
-1840 5240
3200 4360
3920 3000
-3280 2200
640 5160
-880 2840
-1200 5640
-1440 2360
2960 1400
1200 3080
880 280
-4400 4120
-4000 3240
1920 4040
4320 2680
560 1720
-4720 600
640 2120
-3920 2040
1520 1320
-1840 280
-480 1720
2160 3080
1920 3080
-2560 1240
-1360 2600
-5600 3480
2560 2920
2400 3800
-5520 840
-640 2360
2400 5400
-5120 1800
3920 5400
4320 5560
-2320 4200
5120 4280
3840 2520
4320 680
2720 3960
-1760 360
-2720 3960
3360 3880
4480 2840
-3040 3720
3760 1640
800 3480
-4240 3160
5360 680
880 5160
2000 1560
4080 2600
-3200 4520
-2640 2200
-3600 4200
-2080 1960
3520 4360
-2240 2200
-5280 3720
-4560 3400
4320 1000
-2400 1720
5440 40
-3360 5320
2320 2520
5520 3400
1280 5000
560 40
-1600 280
-1680 1720
640 40
-1920 3160
-640 1800
-1040 4920
-5040 3480
-5200 4440
3440 3240
-4880 440
-3680 3160
4800 2040
2400 4440
-3360 1960
-400 760
-640 3560
4080 4520
-3120 5080
-2240 1000
-4960 4680
2400 2360
1120 3640
-3200 4760
-3200 3640
-4960 2520
-1280 680
2560 4920
-2560 2120
-5280 1320
2960 4840
4160 2040
400 1800
-3840 520
-3520 4520
2560 5560
1920 4600
2960 2120
-5280 440
2320 2280
800 1480
1840 4600
-5520 4040
-4160 1800
4960 2440
-1680 3320
80 280
-880 3480
-3120 360
-5600 1640
1440 1160
5440 3480
-4080 760
1520 3000
-5200 1240
1040 1240
4400 1960
2480 5320
2160 2840
-2720 5560
720 1880
4400 3240
-1360 3000
3440 2520
-5040 1800
4160 920
3680 3480
5040 3160
4160 5560
160 2360
3120 1960
2800 1000
-3040 3480
-4640 920
-2160 760
-1440 1720
-480 4120
2240 3880
5440 1240
-4960 1720
560 1240
5040 680
-560 5320
-1760 4200
880 760
-4800 200
1280 920
1040 680
-2400 1400
-1280 2200
-3840 5080
4400 5000
3200 1080
-3520 4600
5120 4840
-2000 3000
-2960 4280
1600 1240
560 4200
1680 4840
-1680 520
-2880 2360
2080 3880
-4480 5320
-5200 5480
3360 1080
2560 3960
-1200 2360
1440 2600
1600 4440
-1280 4360
-5040 4120
5200 1480
-3280 1160
-320 1000
2320 4760
1280 3400
4640 4520
-2720 4200
560 4600
2400 2920
-5600 3800
2080 1800
-2720 3240
3920 3400
-1520 1960
-1360 1720
1200 3560
-4480 1000
-320 5400
2960 3640
-1920 3960
4960 1880
-3040 1800
2240 5640
720 1400
2320 120
1840 1800
-400 5640
880 4520
-480 3800
2080 280
-5440 5160
-1120 4520
-4480 4840
800 1160
-5520 1160
2080 1400
-5200 3880
-2320 840
-1920 680
-1520 4360
-320 3080
4560 920
-3040 4040
-2240 1800
4400 5400
2720 4840
-2320 4760
2880 5000
3840 440
1440 920
-2240 40
-2800 360
-80 760
-1920 360
-880 2120
-400 1880
1840 4520
-2640 4120
-1200 4440
-2560 4520
2320 280
2080 2760
3360 5000
-1440 280
-2000 4520
1040 5560
-4640 4440
-400 200
80 1080
4640 1560
-5440 3000
400 2520
-1600 3240
-560 760
-4080 2360
-3840 2360
-1840 2920
-4480 200
3280 3400
-3200 1800
-5360 280
4000 3800
2000 5320
1600 1800
-5040 5000
4400 2280
-2160 5640
-5120 1560
-1520 520
-640 2120
480 440
4000 2280
-1360 1960
-2960 5320
-1360 3480
2640 4200
2400 1160
4160 360
4400 3800
-2720 2120
-5200 1720
-3520 5320
-2400 5240
5040 840
960 2520
-4320 4440
2480 2760
2720 4760
5520 1720
-80 4920
-5120 360
-4400 1000
3280 40
-240 4200
1760 120
3600 4920
-4480 2920
-2080 2680
-1600 4600
-1120 680
-240 5320
4800 3000
560 2360
-2320 1720
-4160 920
3120 600
-3920 2520
3680 280
720 2440
-4160 600
-1280 3160
-2400 920
-1120 3320
3760 120
3600 3000
1360 4520
-4480 5000
-2080 2840
-960 1080
-1120 1080
1520 840
0 4200
5040 4440
-2160 3240
1120 600
720 5400
320 3240
-320 840
2240 760
80 2920
5600 840
1280 4360
-320 5000
-640 3800
-4480 1320
-4400 120
3280 2200
2880 5320
-2240 360
-240 3880
80 680
-5040 5240
5600 5640
-640 5320
3680 40
-4720 2760
-4960 200
4640 440
2400 4680
-1360 5640
-4800 760
-2400 280
-2960 3720
-1520 2520
3600 1160
-1760 5160
4640 5160
-1040 120
1120 3960
80 5080
640 4520
-1440 3080
-3440 2360
5040 2440
2000 2200
-4400 5640
3040 4280
-2720 4520
-2080 3160
3760 1480
4800 2200
-1680 4760
-1680 5320
800 3640
-2800 5240
400 3320
0 3320
-4960 4360
3920 2360
-3680 2760
3120 5240
4320 4040
-1200 3880
3520 4920
-1520 600
-2400 3320
4880 3640
-720 3400
5440 1560
2400 3640
-3840 1800
3760 1080
3040 3400
-3840 440
-5360 1560
0 5560
2960 3160
-5360 2200
-800 1000
0 5480
4400 5480
560 3000
3360 3320
-4560 4920
-720 4040
-1920 5640
-720 2520
-400 40
-1440 4440
3360 2360
2080 4120
4880 4520
-4240 4520
-3840 680
-3360 1400
2400 1240
4880 1160
3280 2920
-400 4920
-3920 3320
5360 1400
-5360 1000
-2240 3160
1040 5320
1440 840
5440 1080
720 3960
160 4360
4000 1000
3520 5240
3920 4440
1520 3160
-1200 5000
0 3800
-2960 3080
-4240 2760
3680 2600
-3760 4920
-4400 3560
-3600 5480
-3200 3240
1120 440
2640 2040
4080 1240
2000 4200
4960 3640
5200 4360
3520 4040
-4880 280
-2080 3800
-5520 4600
80 3160
-3920 520
80 1880
-2640 2680
-4400 360
2800 760
1360 3960
-4000 200
-4160 840
4000 2440
1680 1960
-3360 4920
-5200 5560
-2720 4360
5040 1320
5200 280
-2480 2840
80 5000
640 280
-5360 3640
4560 2840
4000 1720
4400 2520
4160 1240
4160 1000
4080 360
-2800 3400
-1520 5640
1440 600
-1360 40
1520 5080
960 680
3280 2360
1840 3400
-4640 1960
-2320 40
-3760 3560
2080 4680
-5440 3960
4880 1720
-2960 4600
-3440 5240
-1040 1960
4000 4600
1520 5320
-640 1480
-640 1960
-3760 2920
-640 4280
2240 3720
-240 1160
-560 4200
-4480 4760
-2080 4280
-5440 920
-80 5320
3840 1640
-800 2440
4320 4200
-880 1000
-2480 5000
-3120 3960
-1040 5080
-4160 3720
-4960 4920
3200 5640
5120 3560
4720 4280
4560 1000
-5200 5240
2000 3800
5360 1240
-1760 2680
-4960 5480
-1600 4520
1120 2040
-4000 1960
4960 2360
3520 1400
-4720 3640
3840 2360
3440 5080
-5360 5000
1680 2120
-4480 3720
640 200
-2960 4360
-720 5240
-560 4680
1760 2600
-720 4920
-3040 1480
-5440 520
-5120 4680
-240 680
-960 4040
-1200 3320
1600 2920
-3280 360
-1360 760
4880 840
4000 2760
-960 520
2160 1000
-5520 4280
2720 1720
-4000 2680
-4480 5480
2960 2840
-400 4040
-160 4680
1920 5240
320 2680
2480 4280
-4400 1800
240 4840
-1520 5160
-960 2760
-3760 3800
-4240 5400
-4800 3160
1280 4040
1920 4680
-2320 5320
4560 3160
4560 4760
-4080 4920
5520 1640
4880 1080
2400 4120
-1440 3400
3280 920
-3360 3320
80 1400
-3600 120
2160 3480
2960 2520
5120 3160
4480 2120
-5040 1640
3280 4040
4720 2440
-320 3320
-1120 5480
-2480 4200
-2240 2680
-400 2040
-2080 5160
-2880 4360
-2000 1000
400 600
3840 2680
1360 440
-1040 3880
2240 2040
2160 3640
640 2680
-5280 5640
-320 4360
-3120 3000
-4720 5560
4000 5240
3040 2280
-2640 4600
-5280 4680
-4480 3240
-4640 5640
-2640 3800
4240 2360
-4240 280
-1520 2920
2000 1960
5520 600
2160 2520
-800 3160
-560 2200
-1120 4760
-4320 840
3440 4600
-80 3320
-3120 5400
5600 2600
-5600 3240
2800 5160
3760 2760
-1920 2200
-720 1960
480 5240
-5200 3080
1600 440
-4720 2360
-3680 3000
-5600 920
-3120 4040
3920 2200
-4960 760
-3520 2680
4240 3640
4080 2760
3120 2520
400 1880
4320 1800
-2960 3000
2160 2280
-4000 1080
1840 1480
-3680 5160
-3200 3880
-2000 2040
-4720 1160
-1920 3800
4400 2600
240 1880
2560 840
-2560 1000
1520 3720
-5200 1000
-4160 1480
1120 2680
2480 5160
800 120
-3120 1160
-4960 3720
5440 200
-3680 2040
-3520 1000
-720 1080
3760 5560
-960 2600
-1440 4520
640 4280
1280 3720
-1120 1960
-4320 3560
-2480 5080
1600 5640
2400 1880
-5360 4440
-480 5000
-3760 920
-5040 1080
2240 5160
-1120 200
2240 4520
320 1160
2480 4600
4640 680
3920 2920
-3120 2360
1360 5000
4320 3320
-3520 2760
-560 3000
-4160 2680
-2400 2680
