758
-2000 2440
1440 2440
-2240 2440
480 40
2000 2440
-880 2440
1920 1880
-2160 1960
-2400 1640
-2320 200
2080 1000
2400 1000
-2240 2280
240 200
320 40
1520 1640
-1040 2440
1680 1480
1440 1480
2400 600
-1360 600
1600 1320
2160 1080
2400 760
1760 2440
-2160 2440
-2240 2120
960 2440
480 200
880 1080
2000 600
1440 2040
-2000 1880
-1280 2440
640 2120
1840 360
-960 1480
1440 360
2160 2440
-2000 600
0 760
-480 1480
240 760
-2160 520
2320 920
-2000 2040
-400 840
-1520 680
2160 2360
1680 2440
-1120 920
2320 1640
400 1720
160 1160
-1520 520
-560 920
2320 280
2160 1400
0 2440
-2320 2360
-1760 1000
640 120
2080 2200
-1840 360
400 600
-1600 1880
320 1400
1360 1560
-2400 760
1760 2040
2400 40
1760 1640
1920 1640
160 1320
-640 2440
-800 760
-1840 920
-800 1400
1440 840
1920 280
1760 1880
1280 1240
-720 600
-1200 2440
1520 680
720 120
2000 840
1040 1880
1360 680
1120 2120
-880 120
-2400 280
-1280 1400
400 280
0 1320
-2080 2200
80 1960
-1120 280
2320 1160
-960 1240
-2000 280
1280 840
-320 280
2320 1480
2000 1720
1920 2440
1600 2360
2400 200
-160 1960
2000 680
1600 120
-2400 2280
-1280 120
-2080 440
1200 1160
800 680
1040 360
880 1720
-1840 200
1680 1400
-1280 1640
400 2280
1680 1160
880 1880
2080 2360
-2400 1480
880 1240
-400 1560
2240 1320
2160 760
-2160 2040
960 440
1120 1720
240 840
1920 1480
-2320 760
-560 1720
-400 1240
-640 760
320 1080
-1120 1400
1680 1640
-2400 1800
-2240 1000
1520 2280
2080 600
-1280 2280
560 760
-160 280
-560 440
960 920
-80 840
640 1400
1360 920
-960 920
-400 2440
1040 2120
160 1560
-2080 120
2160 1560
2400 920
-320 1000
-880 520
880 200
-240 2040
-640 600
1520 2200
-800 1880
800 2200
-160 2440
-1680 1160
800 1320
1120 520
2400 1320
2320 440
1840 1720
-2160 200
-1920 40
160 1400
400 440
1680 360
-1120 680
-1920 200
2400 2200
-1920 920
1680 1000
0 1880
-1120 1880
1680 2200
1360 1320
2080 1880
-2320 1080
1040 2280
1840 2200
160 1800
560 2440
1360 280
640 1480
-2400 1960
-160 1640
-1680 2040
-2080 1320
2400 1640
-400 1320
1600 1720
-1280 840
-2320 1240
960 600
-1920 760
-1280 1880
1280 680
1040 1480
2240 1880
-720 40
-800 2440
1120 840
-1200 760
-320 1960
1600 1880
-560 1160
-640 1400
1200 1480
-560 600
1600 440
1600 280
320 280
-400 600
1360 600
2080 1480
-1920 440
1440 200
320 440
-240 1800
1040 1720
-400 2360
-160 2120
800 1640
1200 680
1280 2440
160 440
560 920
1520 120
-1920 1560
1920 1000
1280 1080
1280 920
160 280
-400 1160
-800 2120
-1600 40
1600 920
240 520
-2400 920
1200 1560
1280 120
880 2120
-1440 2280
-1360 1240
-1280 360
1760 2280
-1920 2360
-2400 1320
-960 360
800 1480
-1600 280
-1600 1560
-1840 2200
80 680
-1440 1080
-1440 2440
480 1880
2240 760
1600 1480
480 2360
-1360 440
-160 1800
-1520 1960
-880 680
-1680 1800
-1840 1400
-2400 520
720 840
480 1400
-80 1400
720 2440
2400 1480
1840 120
-1040 1560
880 760
-800 2040
-1200 520
-560 2120
-400 440
-400 40
960 120
0 280
-240 2200
-240 1080
-960 1320
1280 1640
1120 1800
-2240 680
1200 440
320 2200
1680 840
1520 520
-240 2360
-1840 2360
560 1720
-960 600
-560 120
-1760 600
-1040 440
-720 2360
-1600 1480
80 2280
960 1400
1280 2120
1520 1160
-1840 2120
640 520
-1360 680
2320 680
1760 1320
-1840 440
-2160 120
-480 2440
-2160 1160
-240 2440
960 2280
-1680 920
-2160 2360
0 440
1840 1160
320 1720
2000 2040
1040 1560
2160 520
400 1240
2240 2280
-560 760
2400 1880
-1920 1960
720 1000
160 600
-1680 200
160 1880
2400 1960
320 1880
-1680 2200
-2400 360
560 1640
-640 2200
1680 520
-240 1240
-2400 2440
-1920 1880
2400 2360
-1760 2440
-2240 600
1920 2120
-1280 2200
-1760 520
1520 1080
480 1560
2080 280
-320 440
-960 1640
-720 200
2160 1240
0 1160
-1680 440
480 2200
720 440
-1040 520
-1520 2440
2320 1960
-240 520
-560 1000
1040 40
720 760
-1440 1320
1680 680
-2000 1480
-1680 2280
1120 280
560 280
-560 1400
-240 1560
1040 2360
1120 2040
2240 1000
400 760
800 200
-640 1240
1440 1720
1760 680
1840 2360
-800 2280
2080 40
1840 1080
-2160 680
480 2040
2160 680
2000 440
1040 680
-1360 760
80 1720
-240 1000
2400 2120
-1920 1240
-480 680
-800 1000
-240 1320
-800 1240
-1360 1960
-320 1400
720 280
-960 760
-2240 1880
-2080 1800
-1600 1720
2320 520
1360 1080
-1040 2200
-2000 1320
640 1640
1200 120
-1040 120
-880 2280
640 440
1200 2280
320 600
1760 1080
2400 1240
-1040 280
1440 2200
-1120 120
2400 1800
0 920
640 1160
800 120
1520 2440
640 680
-1920 680
-560 2360
-1760 1240
1840 520
-400 2040
-2240 1240
-880 1880
1200 2440
-160 1160
-1600 1320
-1360 2120
-1440 1720
-1840 1720
1840 600
240 2360
80 1000
-880 1080
1760 1000
640 1800
-1200 360
-800 1720
1840 760
2000 200
880 360
-1440 1640
2160 120
1040 200
-1520 2120
-1840 1240
160 760
720 1800
1440 440
-1200 40
0 2200
1280 1880
-1360 1400
2080 1160
-1680 1480
400 2440
1360 440
-2240 840
-1200 600
1760 840
-1760 1880
-1440 840
-880 280
2000 1160
1600 2040
80 2440
-1040 2280
-2160 1720
160 2120
-1920 520
-1840 1080
0 1720
-1360 1800
-1760 1480
-2320 1720
1200 2040
-1040 1160
-480 1800
-400 1000
-1440 120
-1520 1800
-1120 760
-80 1080
2000 2360
-2160 1400
240 1960
-160 680
-1600 2440
-2080 2280
-560 1560
1360 40
720 2040
-1760 2280
-1200 1000
-2080 1000
1520 1880
-320 1800
240 2040
320 1960
-2080 1640
-1200 1560
-2400 120
1920 360
-720 1560
-320 1640
240 1320
-1200 2360
160 360
-1440 360
-1280 1080
-2320 1480
-240 360
-1680 1640
800 1160
-320 760
-560 2040
-2400 2200
2400 360
-400 1880
1440 1240
1280 1800
1920 840
-80 1560
-1840 1960
1440 1800
1520 2040
960 1960
-1520 200
1840 1480
-800 200
240 1240
320 1640
-320 2200
480 440
320 1240
960 2040
-2240 1400
-400 280
-640 1880
-2320 1640
-1040 1960
2400 520
1760 40
-2400 600
400 200
2320 2440
400 1560
2160 2040
-1680 2440
-1040 2040
80 1480
2160 1800
1680 1720
-2000 1160
880 920
-1760 1400
720 1880
-80 1320
-1520 760
-2160 1800
-1200 2280
-2000 1720
720 520
960 1080
560 2040
2320 2040
-720 440
160 2200
1520 920
240 1000
-960 1080
-640 840
80 1560
-1040 1320
1120 2440
1360 2280
2400 2280
-2320 1880
-1120 1080
-720 920
1040 1320
-720 1800
2240 120
-960 1960
1840 1960
880 2440
320 1560
1680 1960
400 2120
-1200 1640
0 600
-960 1800
-2240 280
2160 280
-1600 440
-480 1880
960 1640
160 2360
-800 1480
2240 200
-640 1160
2000 1320
-1120 2120
-800 360
-560 1320
160 1640
1120 1320
-1760 1640
560 2280
-720 1240
-1760 120
-320 600
-80 440
400 1160
-1600 1080
-480 2200
-1520 2280
-960 2360
-2320 2040
-1760 760
720 2280
560 1160
1040 1160
560 1960
-720 1720
-1440 920
480 1000
960 760
-1120 1720
-2400 2120
1200 1960
1840 1320
2160 920
1040 1000
-160 2280
-2000 1640
-1600 2200
-1360 200
-2080 920
-2080 1160
640 1240
2000 1400
2240 2120
2400 1160
-1360 1000
-2160 1560
-1600 760
1200 360
-1440 1480
-2400 1160
-2000 1080
-160 920
-1280 200
-2240 40
-960 2120
-480 1640
2320 1400
-2080 1400
800 2360
-1920 2200
1280 2200
-880 840
-1360 2040
-1760 1160
-1680 280
-2080 760
-1600 2040
-480 40
2000 2200
1280 520
-1040 1400
2240 1720
-1600 600
1120 1240
1040 920
-1520 920
-800 1160
1920 1240
-1680 840
1440 1400
480 1160
1760 200
1920 120
1200 200
1280 1400
-1280 440
-2400 1000
-80 360
1520 760
-480 200
1120 1000
80 920
-80 2280
-2320 440
400 920
1360 1960
400 840
800 2040
240 2440
-1920 2440
0 2040
-1520 1240
-320 120
880 520
-1200 2040
-1200 1160
-1200 1240
-560 360
-160 1400
640 1000
-720 1000
720 1400
480 1320
1760 600
-880 1560
-720 2200
960 1560
720 1080
-640 2040
-1200 1800
560 600
-240 840
-1280 1480
-80 600
-400 680
2160 440
560 1880
-2160 360
2080 1640
2080 2040
-640 280
