500 1000 96
335 138 304 72 252 230 458 213 319 463 467 491 354 446 22 484 146 87 468 226 328 154 11 407 25 90 144 258 32 140 307 404 423 37 166 237 68 395 16 337 326 480 97 339 85 250 383 420 352 234 249 259 17 129 184 117 67 107 52 476 145 268 86 263 89 55 61 445 135 128 161 44 421 239 415 194 62 103 15 344 114 261 255 260 130 23 63 479 171 6 189 496 202 368 312 182
351 352 69
286 285 9
366 367 1
12 11 52
199 198 96
422 421 89
300 301 59
197 196 83
189 190 20
50 49 44
433 434 47
179 180 6
8 7 87
410 409 5
225 224 10
260 259 86
355 354 9
361 360 42
158 159 87
46 45 15
467 466 98
103 102 71
360 361 42
287 286 40
138 137 90
122 123 66
313 312 58
52 51 20
148 147 80
361 362 82
500 1 33
461 460 81
430 431 44
85 84 86
37 36 66
354 353 20
450 449 69
74 75 88
271 270 12
447 448 23
102 101 4
494 495 53
470 471 68
93 92 86
217 218 80
280 279 69
328 329 16
280 281 79
108 107 8
300 299 54
386 385 80
76 77 18
345 344 50
204 205 35
306 307 10
292 291 59
360 359 39
170 169 82
327 328 70
206 207 65
457 456 5
273 272 50
193 194 10
465 464 42
118 119 16
472 473 74
16 17 11
461 462 39
490 491 2
160 159 72
148 149 93
481 482 42
331 330 78
384 385 30
105 106 100
438 439 45
387 386 83
200 201 70
482 481 42
473 472 74
359 358 47
70 71 89
211 210 33
28 29 100
181 180 91
493 492 15
13 12 49
26 25 94
214 213 44
154 153 32
337 336 18
58 59 2
75 74 88
415 414 72
480 481 38
99 98 27
265 266 77
254 255 43
310 311 89
178 179 93
194 195 14
472 471 17
277 276 75
209 208 30
28 27 92
395 394 80
283 282 16
32 31 86
131 130 34
318 317 95
255 254 43
172 173 87
466 465 100
314 313 59
13 14 74
182 183 76
448 447 23
412 413 22
2 3 72
214 215 80
486 485 80
267 268 27
424 425 91
323 324 9
235 236 92
439 438 45
205 206 53
415 416 70
304 305 53
100 99 46
372 373 57
96 97 12
421 420 18
239 238 16
259 260 86
5 6 83
172 171 100
338 339 80
44 45 66
297 296 90
2 1 3
71 72 79
373 374 34
435 436 80
198 197 12
38 39 81
236 237 41
36 35 53
308 309 56
232 233 77
139 140 92
228 227 97
103 104 71
27 26 11
147 148 80
202 203 80
489 490 14
420 421 18
116 117 25
146 147 36
19 20 21
68 67 47
190 191 43
245 244 44
343 344 28
218 217 80
66 65 27
231 232 70
309 308 56
357 356 100
376 375 52
380 381 53
346 347 16
162 163 88
282 281 25
371 370 86
444 445 83
159 158 87
41 42 86
80 79 92
71 70 89
218 219 58
336 337 18
454 455 18
318 319 1
451 450 93
177 178 29
478 479 86
58 57 74
223 224 50
25 24 98
425 424 91
303 304 88
64 65 99
295 296 85
202 201 51
211 212 46
483 484 71
293 294 85
366 365 48
435 434 63
377 376 13
20 21 50
242 241 18
477 478 72
115 116 53
240 239 30
141 142 96
369 368 97
284 285 93
102 103 71
339 340 67
441 440 99
446 447 47
276 277 75
5 4 18
94 93 45
252 253 35
354 355 9
344 343 28
304 303 88
142 143 36
66 67 12
166 165 47
76 75 72
287 288 86
343 342 42
212 213 57
184 185 92
160 161 81
432 431 48
223 222 23
305 304 53
459 458 48
479 480 47
301 300 59
423 422 41
331 332 50
219 218 58
387 388 83
464 463 91
175 174 30
166 167 34
475 476 18
116 115 53
20 19 21
129 130 32
298 299 3
54 53 24
454 453 60
249 248 44
126 127 52
368 367 40
22 23 63
150 151 91
406 407 12
321 320 6
226 225 10
169 168 64
299 298 3
197 198 12
33 34 11
47 48 77
446 445 65
261 260 27
497 498 27
499 500 46
338 337 68
89 88 77
67 68 47
162 161 62
119 118 16
47 46 72
386 387 83
152 151 96
250 251 26
16 15 94
209 210 36
170 171 2
127 128 89
256 257 13
175 176 23
188 187 34
452 451 91
429 428 98
48 47 77
35 36 53
74 73 74
492 493 15
140 139 92
279 278 34
449 448 66
385 384 30
174 173 15
173 174 15
128 129 64
130 131 34
364 365 48
270 271 12
121 122 79
149 150 51
39 40 40
161 160 81
44 43 26
246 247 30
137 136 45
411 412 90
96 95 14
291 290 35
445 444 83
324 325 15
348 347 77
370 371 86
177 176 8
285 286 9
184 183 30
133 134 12
77 76 18
157 158 71
83 82 45
142 141 96
302 301 29
441 442 15
201 200 70
428 427 87
248 247 47
412 411 90
21 22 57
157 156 3
399 400 20
463 462 66
189 188 76
254 253 23
493 494 99
385 386 80
144 143 65
363 364 39
367 368 40
261 262 89
149 148 93
491 492 17
91 90 79
362 363 27
471 472 17
498 497 27
109 108 9
15 14 35
201 202 51
489 488 39
50 51 98
285 284 93
363 362 27
476 477 66
127 126 52
312 313 58
70 69 37
374 373 34
18 17 49
199 200 75
73 74 74
18 19 11
434 435 63
436 437 85
59 60 14
426 427 7
427 428 87
227 226 34
475 474 48
135 134 75
237 238 4
353 352 11
24 25 98
471 470 68
484 485 67
143 142 36
467 468 78
179 178 93
242 243 65
380 379 57
407 408 45
375 376 52
279 280 69
208 207 81
308 307 76
78 77 53
320 321 6
402 401 94
253 252 35
61 62 100
64 63 14
468 467 78
398 397 71
378 379 58
167 166 34
335 336 32
105 104 30
255 256 96
348 349 54
333 332 38
324 323 9
404 403 85
84 83 29
398 399 66
224 223 50
264 263 79
196 197 83
320 319 72
328 327 70
271 272 59
32 33 83
224 225 10
443 444 47
228 229 33
388 387 83
129 128 64
296 295 85
460 461 81
6 5 83
6 7 16
198 199 96
120 119 48
296 297 90
420 419 94
45 44 66
264 265 51
351 350 31
101 100 97
272 271 59
171 172 100
353 354 20
403 402 42
97 96 12
483 482 62
288 289 3
319 318 1
249 250 68
111 110 58
193 192 93
476 475 18
251 250 26
168 167 9
457 458 46
24 23 67
62 63 68
153 154 32
311 312 54
388 389 78
378 377 27
352 353 11
29 30 27
374 375 90
229 230 100
111 112 43
191 192 95
266 267 66
448 449 66
186 187 43
230 231 64
357 358 50
192 191 95
106 105 100
34 35 1
396 395 57
413 414 14
293 292 63
56 57 57
11 10 75
346 345 86
236 235 92
154 155 90
1 500 33
9 10 7
57 56 57
101 102 4
207 206 65
379 380 57
409 410 5
424 423 96
277 278 81
212 211 46
284 283 46
418 419 88
243 242 65
19 18 11
215 214 80
491 490 2
307 306 10
275 276 51
370 369 67
340 339 67
312 311 54
397 396 45
114 113 32
447 446 47
143 144 65
391 392 3
128 127 89
305 306 36
455 456 55
63 62 68
182 181 30
382 381 11
56 55 66
266 265 77
316 317 46
453 454 60
221 220 88
401 402 94
230 229 100
315 316 89
134 135 75
273 274 48
345 346 86
147 146 36
247 248 47
365 364 48
124 125 77
381 382 11
499 498 66
313 314 59
244 245 44
234 233 78
232 231 70
173 172 87
332 331 50
436 435 80
439 440 96
376 377 13
392 393 13
262 263 86
46 47 72
238 239 16
449 450 69
485 484 67
41 40 5
60 61 58
339 338 80
401 400 66
289 290 19
86 85 64
362 361 82
495 496 18
414 415 72
92 91 64
51 50 98
355 356 43
274 273 48
450 451 93
183 182 76
463 464 91
52 53 88
481 480 38
494 493 99
169 170 82
153 152 69
349 348 54
180 181 91
17 18 49
384 383 54
49 50 44
455 454 18
123 124 47
341 342 86
379 378 58
88 89 77
432 433 93
291 292 59
411 410 21
294 295 2
390 389 69
334 333 100
292 293 63
78 79 89
108 109 9
240 241 21
122 121 79
188 189 76
69 68 67
417 416 71
315 314 23
497 496 65
417 418 95
126 125 93
389 390 69
290 289 19
83 84 29
322 323 2
332 333 38
437 436 85
306 305 36
137 138 90
269 270 82
262 261 89
155 154 90
132 133 7
131 132 33
53 54 24
453 452 62
406 405 1
462 461 39
10 9 7
421 422 89
36 37 66
375 374 90
25 26 94
12 13 49
245 246 63
473 474 64
468 469 11
42 41 86
342 341 86
290 291 35
314 315 23
317 316 46
451 452 91
241 242 18
60 59 14
466 467 98
22 21 57
206 205 53
203 202 80
80 81 84
487 486 46
335 334 100
187 188 34
98 99 27
399 398 66
133 132 7
123 122 66
98 97 62
181 182 30
486 487 46
416 417 71
107 108 8
195 194 14
433 432 93
283 284 46
104 105 30
136 135 49
465 466 100
487 488 8
325 324 15
27 28 92
31 32 86
329 330 31
342 343 42
372 371 72
95 94 90
437 438 53
161 162 62
268 269 94
42 43 76
327 326 66
442 441 15
256 255 96
286 287 40
373 372 57
168 169 64
462 463 66
452 453 62
405 406 1
341 340 98
445 446 65
258 257 65
139 138 75
238 237 4
395 396 57
57 58 74
8 9 54
258 259 11
204 203 90
239 240 30
69 70 37
186 185 89
23 22 63
113 112 75
408 407 45
97 98 62
276 275 51
246 245 63
265 264 51
81 82 23
358 357 50
359 360 39
62 61 100
485 486 80
176 177 8
394 395 80
178 177 29
330 329 31
234 235 2
500 499 46
130 129 32
174 175 30
30 29 27
104 103 71
121 120 77
222 223 23
95 96 14
383 384 54
109 110 26
430 429 63
458 457 46
268 267 27
145 144 41
229 228 33
431 432 48
298 297 42
344 345 50
194 193 10
492 491 17
90 89 76
125 124 77
383 382 85
165 164 91
295 294 2
55 54 50
316 315 89
390 391 3
231 230 64
94 95 90
479 478 86
222 221 41
394 393 66
358 359 47
307 308 76
11 12 52
490 489 14
350 351 31
29 28 100
92 93 86
146 145 93
369 370 67
30 31 6
106 107 1
226 227 34
404 405 60
213 214 44
72 71 79
407 406 12
365 366 48
183 184 30
67 66 12
422 423 41
356 355 43
40 41 5
48 49 98
34 33 11
40 39 40
205 204 35
488 487 8
135 136 49
72 73 27
440 441 99
434 433 47
213 212 57
477 476 66
377 378 27
4 3 35
91 92 64
426 425 60
278 277 81
413 412 22
496 495 18
216 217 8
233 234 78
349 350 37
381 380 53
61 60 58
456 455 55
207 208 81
319 320 72
219 220 15
151 152 96
340 341 98
65 64 99
164 165 91
200 199 75
427 426 7
144 145 41
35 34 1
442 443 38
210 211 33
272 273 50
364 363 39
225 226 10
140 141 90
274 275 32
444 443 47
79 80 92
208 209 30
112 113 75
470 469 48
241 240 21
402 403 42
414 413 14
484 483 71
297 298 42
180 179 6
215 216 89
51 52 20
326 327 66
275 274 32
252 251 84
124 123 47
26 27 11
334 335 100
68 69 67
322 321 52
405 404 60
367 366 1
336 335 32
440 439 96
45 46 15
431 430 44
39 38 81
87 86 60
350 349 37
392 391 3
89 90 76
21 20 50
171 170 2
269 268 94
403 404 85
423 424 96
7 8 87
347 346 16
263 262 86
237 236 41
301 302 29
216 215 89
190 189 20
220 219 15
382 383 85
409 408 36
294 293 85
132 131 33
155 156 82
82 81 23
309 310 76
469 470 48
59 58 2
253 254 23
163 164 30
203 204 90
311 310 89
325 326 78
323 322 2
235 234 2
195 196 78
107 106 1
243 244 25
278 279 34
87 88 42
480 479 47
55 56 66
7 6 16
371 372 72
247 246 30
156 157 3
113 114 32
419 420 94
221 222 41
136 137 45
393 392 13
428 429 98
185 186 89
347 348 77
443 442 38
333 334 100
93 94 45
138 139 75
220 221 88
456 457 5
210 209 36
302 303 64
159 160 72
250 249 68
165 166 47
326 325 78
257 256 13
38 37 21
82 83 45
459 460 26
3 2 72
244 243 25
119 120 48
299 300 54
31 30 6
288 287 86
263 264 79
191 190 43
90 91 79
495 494 53
303 302 64
192 193 93
1 2 3
75 76 72
396 397 45
281 282 25
54 55 50
112 111 43
100 101 97
425 426 60
117 118 95
125 126 93
438 437 53
156 155 82
400 401 66
458 459 48
49 48 98
393 394 66
110 111 58
233 232 77
88 87 42
474 473 64
391 390 3
163 162 88
164 163 30
416 415 70
259 258 11
337 338 68
145 146 93
185 184 92
9 8 54
33 32 83
329 328 16
73 72 27
464 465 42
267 266 66
150 149 51
257 258 65
158 157 71
85 86 64
496 497 65
152 153 69
251 252 84
317 318 95
352 351 69
4 5 18
37 38 21
117 116 25
84 85 86
43 42 76
99 100 46
419 418 88
134 133 12
248 249 44
397 398 71
310 309 76
498 499 66
429 430 63
408 409 36
281 280 79
3 4 35
400 399 20
110 109 26
187 186 43
53 52 88
460 459 26
410 411 21
114 115 23
196 195 78
14 15 35
356 357 100
167 168 9
77 78 53
482 483 62
10 11 75
227 228 97
115 114 23
63 64 14
321 322 52
15 16 94
17 16 11
418 417 95
176 175 23
260 261 27
474 475 48
289 288 3
65 66 27
81 80 84
43 44 26
120 121 77
282 283 16
151 150 91
469 468 11
141 140 90
23 24 67
389 388 78
118 117 95
368 369 97
217 216 8
330 331 78
478 477 72
79 78 89
270 269 82
488 489 39
86 87 60
14 13 74
