500 998 10
351 54 415 328 303 132 68 12 286 231
1 6 7
456 165 9
266 108 8
226 44 2
158 380 8
59 53 3
90 92 8
273 7 6
281 201 5
7 63 9
276 338 6
226 295 9
8 248 3
197 32 5
108 38 8
66 441 3
185 302 4
186 31 9
307 264 10
240 182 2
98 157 5
109 322 10
158 177 6
313 222 1
14 24 2
56 259 2
147 296 2
397 218 10
74 156 1
128 478 9
391 62 7
13 2 9
46 5 3
433 293 1
210 190 7
1 2 10
16 402 10
152 136 1
52 11 7
32 116 4
216 205 9
484 415 8
205 216 9
349 108 3
183 431 3
61 164 6
6 191 1
36 267 10
67 43 1
230 10 4
191 6 1
331 137 2
247 37 7
36 40 2
298 185 9
134 452 10
363 234 4
346 106 4
204 119 10
174 144 5
312 486 8
77 12 4
37 84 10
50 293 2
279 144 9
421 443 6
348 83 5
38 18 9
40 70 10
374 96 9
399 498 7
465 409 3
91 245 7
303 237 10
40 138 2
47 485 2
68 14 1
142 88 2
56 7 6
89 312 7
114 149 1
145 32 10
21 146 6
473 218 6
295 226 9
305 59 2
134 335 7
341 407 4
299 381 8
112 50 3
402 16 10
17 455 2
4 3 4
27 14 10
304 252 10
382 355 1
15 51 8
449 45 8
274 120 7
178 79 10
267 36 10
11 52 7
124 224 3
27 468 3
80 206 8
202 262 7
95 10 1
93 66 1
188 77 8
213 38 1
302 185 4
294 173 5
56 121 7
144 174 5
88 173 9
268 202 5
62 109 5
169 155 7
276 400 6
87 301 4
323 329 6
45 128 4
60 120 7
300 205 5
172 4 6
251 247 1
3 7 10
347 353 5
104 126 1
443 421 6
76 103 7
32 42 3
277 253 4
109 62 5
222 241 5
152 319 3
84 37 10
491 93 6
38 53 3
54 399 6
86 21 5
87 61 9
38 213 1
155 344 5
195 11 2
58 119 1
261 140 4
13 201 1
380 158 8
63 7 9
379 414 10
86 99 5
22 31 3
53 59 3
207 126 8
2 3 7
53 198 1
239 204 3
409 472 5
5 46 3
31 32 3
251 409 7
203 316 10
229 476 7
31 73 8
50 29 9
362 434 6
140 261 4
40 36 2
11 41 9
189 9 10
157 98 5
72 9 5
67 408 5
102 372 4
64 14 9
289 323 2
67 375 10
290 182 6
350 5 7
258 179 8
168 29 10
347 130 7
75 254 3
23 97 4
64 74 3
316 203 10
88 62 9
325 321 1
125 11 8
205 238 3
291 265 1
141 114 4
219 83 3
6 44 10
229 403 4
54 66 3
294 376 4
460 410 6
383 213 1
1 203 10
250 387 2
60 244 1
407 341 4
37 247 7
8 105 6
262 202 7
90 16 5
202 40 7
17 65 2
144 69 8
5 26 10
418 196 3
458 264 2
415 393 2
339 73 2
272 255 4
356 98 9
31 234 3
447 8 7
249 99 2
23 21 1
9 11 4
410 57 5
213 440 7
45 130 4
94 2 1
333 170 4
493 198 6
163 176 9
14 1 10
66 362 3
416 155 8
10 95 1
446 434 8
108 266 8
18 17 10
61 87 9
471 432 9
393 415 2
352 425 8
468 27 3
137 81 9
92 90 8
248 292 2
42 192 6
120 274 7
265 286 5
280 53 3
58 123 10
11 16 5
474 217 4
445 32 6
15 10 9
122 95 6
130 423 3
215 64 8
176 232 5
167 231 9
453 136 5
22 35 5
130 45 4
361 393 7
59 360 6
389 40 10
221 42 10
158 242 2
66 93 1
3 4 4
199 212 8
94 256 2
481 399 9
390 158 4
26 5 10
107 41 7
265 291 1
79 171 7
51 15 8
245 91 7
351 230 7
9 427 7
399 481 9
70 181 3
264 458 2
160 255 1
151 133 8
234 31 3
58 38 5
196 418 3
367 283 8
250 199 8
256 320 8
213 383 1
14 64 9
53 280 3
172 229 8
345 186 5
479 331 6
432 471 9
394 214 2
39 7 3
119 194 3
208 432 9
425 352 8
497 282 8
159 357 6
153 110 2
121 56 7
140 5 2
189 236 3
32 197 5
194 119 3
95 122 6
355 98 6
249 429 9
419 206 1
9 72 5
69 124 3
228 57 6
5 140 2
11 125 8
464 180 3
212 199 8
432 488 5
150 24 10
272 499 7
5 154 6
187 159 5
120 60 7
179 68 6
119 204 10
135 25 1
49 42 9
79 178 10
74 64 3
462 8 6
263 110 9
21 69 3
257 93 7
327 495 1
482 216 6
5 4 1
386 388 3
111 365 3
275 119 2
230 351 7
124 69 3
10 230 4
38 58 5
232 176 5
75 72 6
39 165 3
9 8 2
114 15 10
352 241 3
69 21 3
165 39 3
246 119 6
320 377 5
222 313 1
318 85 9
204 239 3
43 67 1
9 438 8
136 152 1
459 241 2
70 40 10
287 6 10
16 48 2
66 134 1
401 49 3
35 395 2
450 41 1
46 61 2
20 15 10
5 264 8
314 116 7
203 340 1
202 268 5
110 79 5
87 113 6
395 35 2
218 397 10
494 17 2
138 40 2
175 370 7
297 276 8
162 184 8
358 296 1
103 76 7
310 90 4
15 80 10
388 386 3
179 218 5
50 183 10
154 5 6
370 175 7
7 273 6
101 252 3
162 282 2
372 102 4
151 211 10
411 211 7
119 246 6
264 5 8
311 124 1
88 159 9
25 135 1
248 8 3
2 13 9
451 133 5
188 337 1
190 119 4
475 455 10
183 50 10
19 4 3
181 70 3
61 46 2
35 223 1
200 130 7
62 57 3
148 38 8
7 17 10
308 126 7
16 354 1
198 53 1
461 229 6
434 446 8
150 161 2
95 222 1
292 248 2
365 111 3
10 25 7
257 276 9
130 200 7
6 1 7
259 56 2
113 87 6
173 88 9
322 109 10
432 208 9
2 366 10
417 403 5
41 11 9
155 169 7
33 5 5
122 132 3
196 361 2
41 107 7
97 175 5
91 19 5
467 8 6
42 49 9
237 489 3
93 257 7
41 450 1
233 215 10
243 218 2
170 490 2
71 69 1
264 307 10
254 75 3
66 54 3
495 327 1
21 86 5
436 439 7
386 171 3
171 386 3
5 342 4
198 493 6
476 229 7
385 98 4
25 34 4
265 28 10
185 173 8
83 117 8
126 308 7
106 62 2
160 135 1
37 158 10
403 417 5
32 445 6
441 66 3
429 249 9
129 422 7
81 18 5
119 190 4
270 405 5
139 38 7
318 426 2
44 226 2
29 50 9
133 151 8
15 20 10
15 114 10
7 3 10
92 170 2
134 66 1
98 93 3
58 155 10
45 30 4
485 47 2
147 13 10
323 289 2
296 147 2
100 129 9
57 228 6
129 100 9
7 111 2
142 284 2
241 222 5
452 134 10
328 5 1
4 19 3
396 177 3
478 128 9
317 442 4
176 163 9
166 12 3
217 88 6
132 122 3
276 257 9
24 150 10
148 167 1
442 317 4
164 61 6
371 248 6
53 38 3
355 382 1
31 22 3
8 317 3
59 305 2
136 453 5
45 449 8
48 16 2
93 491 6
424 218 4
219 270 6
218 179 5
28 265 10
34 25 4
104 66 1
135 160 1
65 17 2
218 424 4
364 62 9
30 3 5
455 500 10
373 338 10
46 79 5
410 460 6
182 290 6
62 106 2
498 399 7
79 46 5
133 67 5
293 433 1
32 145 10
158 390 4
261 435 6
38 139 7
218 243 2
288 196 5
237 303 10
193 16 6
10 37 9
175 97 5
206 419 1
5 199 4
331 479 6
105 8 6
340 203 1
19 85 8
211 151 10
2 118 8
57 55 7
17 76 5
76 17 5
17 18 10
152 384 8
159 187 5
237 185 10
326 92 2
421 305 8
110 263 9
289 99 4
231 167 9
270 219 6
406 115 9
44 6 10
128 235 6
224 124 3
21 22 7
337 188 1
496 214 1
477 213 2
368 337 9
454 362 9
126 207 8
5 33 5
10 15 9
253 277 4
377 320 5
50 112 3
171 79 7
96 374 9
301 87 4
353 347 5
296 358 1
29 168 10
9 189 10
253 240 6
28 25 10
146 21 6
408 67 5
55 17 6
400 276 6
403 229 4
283 367 8
472 409 5
12 1 4
16 404 10
97 23 4
179 258 8
234 363 4
337 368 9
470 448 5
30 115 9
490 170 2
65 82 9
33 269 6
335 134 7
47 42 6
93 98 3
282 497 8
489 237 3
99 86 5
96 10 5
248 371 6
180 464 3
16 90 5
343 32 1
205 197 8
88 217 6
177 396 3
225 192 10
16 193 6
434 362 6
42 47 6
488 432 5
480 57 1
2 8 5
167 148 1
13 21 6
192 42 6
199 250 8
354 16 1
214 31 4
4 5 1
435 261 6
38 148 8
99 289 4
8 447 7
69 144 8
197 205 8
28 60 8
483 294 5
229 461 6
360 59 6
127 97 9
2 1 10
16 11 5
85 466 1
241 459 2
114 141 4
31 186 9
420 269 7
268 334 2
23 36 2
342 5 4
7 39 3
241 352 3
244 60 1
361 196 2
284 142 2
181 378 3
31 214 4
118 2 8
430 299 5
439 436 7
97 127 9
272 306 9
455 475 10
209 103 10
70 330 10
190 283 1
155 416 8
437 7 9
7 56 6
8 467 6
82 65 9
101 83 4
73 339 2
98 356 9
155 58 10
8 9 2
29 43 9
62 88 9
54 39 8
205 324 9
26 444 7
220 211 9
216 482 6
357 448 4
162 141 5
404 16 10
376 294 4
103 209 10
427 9 7
61 227 8
321 325 1
299 430 5
170 333 4
116 32 4
214 394 2
85 19 8
49 100 10
19 91 5
1 12 4
57 480 1
252 101 3
317 8 3
334 268 2
43 29 9
182 240 2
12 77 4
78 32 6
10 8 6
110 153 2
256 94 2
196 288 5
405 270 5
217 474 4
423 130 3
186 345 5
252 304 10
17 494 2
80 15 10
106 346 4
5 350 7
39 54 8
185 298 9
123 143 8
170 92 2
119 275 2
184 162 8
79 110 5
7 437 9
40 389 10
25 28 10
156 74 1
126 104 1
32 343 1
60 28 8
229 172 8
329 323 6
102 25 5
11 195 2
286 299 2
260 254 9
21 13 6
73 31 8
201 13 1
487 316 6
362 454 9
240 253 6
88 142 2
393 361 7
177 158 6
3 2 7
357 159 6
486 312 8
30 45 4
440 213 7
199 5 4
123 58 10
133 451 5
392 294 7
143 123 8
321 146 4
72 75 6
426 318 2
211 327 7
196 88 2
299 286 2
457 44 4
158 37 10
117 83 8
173 185 8
208 184 8
49 401 3
163 45 9
201 281 5
413 159 2
44 457 4
192 225 10
330 70 10
269 420 7
309 55 5
278 52 9
17 7 10
22 21 7
12 166 3
324 205 9
359 224 10
320 256 8
242 158 2
310 369 2
83 11 1
64 215 8
448 357 4
294 392 7
247 412 4
83 101 4
146 321 4
203 1 10
463 158 9
366 2 10
115 30 9
11 83 1
131 97 4
285 226 6
42 221 10
32 315 9
40 202 7
99 249 2
69 71 1
408 436 7
220 492 9
431 183 3
49 136 2
55 309 5
137 331 2
83 348 5
500 455 10
182 74 1
38 108 8
37 10 9
88 196 2
68 179 6
238 205 3
92 326 2
3 30 5
18 81 5
381 299 8
149 114 1
222 95 1
21 23 1
369 310 2
312 89 7
14 180 6
211 220 9
32 78 6
226 285 6
29 28 2
97 131 4
237 428 7
52 278 9
227 61 8
100 49 10
42 32 3
305 421 8
45 163 9
89 36 3
32 31 3
14 68 1
62 364 9
213 477 2
136 49 2
67 133 5
332 116 10
409 465 3
466 85 1
6 287 10
378 181 3
316 487 6
375 67 10
31 336 3
387 250 2
144 279 9
247 251 1
269 33 6
414 379 10
1 14 10
235 128 6
205 300 5
379 154 5
362 66 3
255 160 1
384 152 8
14 27 10
341 312 8
61 398 10
10 96 5
455 17 2
68 271 1
255 272 4
2 94 1
315 32 9
111 7 2
436 408 7
159 88 9
116 332 10
338 373 10
286 265 5
399 54 6
25 10 7
283 190 1
119 58 1
115 406 9
173 294 5
223 35 1
4 172 6
116 314 7
415 484 8
8 2 5
294 483 5
293 50 2
57 410 5
98 385 4
215 233 10
499 272 7
13 147 10
17 55 6
116 469 1
25 102 5
214 496 1
8 10 6
130 347 7
28 29 2
319 152 3
158 463 9
336 31 3
190 210 7
18 38 9
24 14 2
398 61 10
276 297 8
85 318 9
271 68 1
5 328 1
36 23 2
282 162 2
66 104 1
159 413 2
81 137 9
90 310 4
236 189 3
124 311 1
448 470 5
218 473 6
98 355 6
108 349 3
141 162 5
438 9 8
409 251 7
36 89 3
128 45 4
185 237 10
57 62 3
306 272 9
74 182 1
428 237 7
11 9 4
312 341 8
161 150 2
211 411 7
154 379 5
412 247 4
492 220 9
184 208 8
165 456 9
180 14 6
344 155 5
224 359 10
254 260 9
35 22 5
8 462 6
206 80 8
327 211 7
422 129 7
83 219 3
55 57 7
77 188 8
469 116 1
444 26 7
338 276 6
62 391 7
