500 998 10
413 37 89 195 229 231 322 312 173 448
104 147 8
341 332 6
173 75 5
220 278 7
70 52 2
66 428 6
401 283 4
29 8 5
195 41 9
181 155 9
248 96 5
116 342 3
16 162 10
373 449 4
40 5 3
245 468 1
84 464 10
203 345 10
344 418 10
233 322 6
178 52 1
91 7 6
149 157 3
202 23 9
317 431 8
486 487 6
161 27 1
94 83 6
126 216 7
296 146 6
375 301 10
187 8 8
231 193 7
140 336 10
150 175 9
208 99 4
194 198 2
52 178 1
2 1 7
14 28 7
3 42 7
360 123 10
277 223 5
20 52 10
61 167 8
131 169 1
128 416 7
57 25 7
377 263 5
272 407 4
404 306 1
303 274 5
86 66 5
200 291 10
282 183 6
1 102 7
462 145 7
330 86 1
392 477 1
132 232 8
450 423 1
366 436 3
197 15 3
62 65 7
133 84 5
107 10 9
369 182 10
75 137 6
31 103 6
158 446 9
477 496 6
152 140 8
274 100 4
52 20 10
241 240 9
446 158 9
36 88 7
255 167 3
45 393 10
276 405 4
67 128 8
38 25 6
64 6 3
176 234 7
206 147 6
29 149 8
358 17 4
7 1 2
432 62 7
154 67 4
238 165 5
210 110 2
368 285 7
286 83 8
192 80 2
244 238 9
311 349 9
237 160 1
118 20 1
11 45 1
194 259 10
238 244 9
372 86 2
464 84 10
458 332 4
436 366 3
379 339 2
371 4 7
40 346 9
393 45 10
439 193 2
297 70 4
113 201 6
42 67 5
116 47 8
17 358 4
16 300 2
4 41 7
397 454 6
22 23 8
79 121 2
494 75 8
164 85 3
331 297 4
378 182 10
470 311 2
81 25 2
351 173 1
453 96 1
250 381 5
48 96 9
383 421 5
227 195 3
55 299 8
26 131 1
50 350 2
268 317 5
253 182 1
8 4 2
398 467 8
50 6 10
317 268 5
108 390 10
9 385 8
283 401 4
313 80 2
279 258 8
38 78 9
223 488 2
361 244 2
14 15 7
15 197 3
153 398 2
1 7 2
122 95 10
7 10 9
164 425 2
88 492 1
319 160 3
391 294 7
479 135 2
331 472 7
183 304 3
11 14 9
75 395 6
16 180 6
21 22 10
6 204 8
232 132 8
135 479 2
195 227 3
262 456 6
11 6 3
111 320 5
456 262 6
82 113 3
251 413 8
234 176 7
9 474 7
23 32 4
183 282 6
332 458 4
203 107 5
112 213 3
230 201 10
50 58 9
317 347 5
150 223 3
140 152 8
205 242 2
362 221 8
235 435 10
39 43 7
390 108 10
49 447 9
202 352 9
167 249 2
415 59 6
95 122 10
18 174 7
419 307 8
402 178 8
394 310 5
158 265 9
486 460 3
83 50 3
7 105 6
81 292 8
240 241 9
62 432 7
473 179 4
229 173 4
148 84 7
27 161 1
147 206 6
480 427 2
135 92 8
99 497 10
75 494 8
18 5 2
469 282 3
10 27 9
75 173 5
500 216 6
437 498 5
6 11 3
67 154 4
359 348 3
251 218 9
155 11 5
34 318 9
311 470 2
133 414 3
272 138 5
13 17 4
440 303 6
311 184 10
108 75 5
224 308 1
116 233 4
301 375 10
156 7 5
422 136 4
2 3 7
33 48 10
35 2 7
250 228 5
412 465 2
54 327 1
428 66 6
339 383 2
373 102 3
36 87 10
265 158 9
88 36 7
472 331 7
215 142 9
16 482 9
33 29 4
36 294 3
221 224 10
6 50 10
287 475 9
25 23 9
98 125 8
17 177 2
81 256 6
132 123 6
23 25 9
85 164 3
353 342 6
155 185 2
279 366 10
334 42 9
227 268 10
206 235 4
391 399 4
403 430 8
44 80 3
82 37 2
102 112 1
172 143 4
96 248 5
193 168 8
374 222 6
60 34 8
122 356 9
154 196 7
62 166 3
24 62 4
4 12 7
300 16 2
172 258 3
199 93 10
49 24 5
9 4 6
174 18 7
482 16 9
169 131 1
205 61 3
74 111 10
54 31 7
293 138 10
333 84 6
342 353 6
59 191 4
437 158 5
461 355 2
292 81 8
198 493 2
41 195 9
41 4 7
86 90 9
489 441 1
59 415 6
63 57 4
320 427 6
85 136 5
363 244 9
145 117 2
65 62 7
385 9 8
204 6 8
491 340 4
131 26 1
225 348 4
217 202 8
206 460 7
99 257 10
71 98 5
144 121 9
179 473 4
30 1 5
412 149 7
164 209 2
307 419 8
97 159 4
128 67 8
203 301 10
182 369 10
175 150 9
14 11 9
198 194 2
370 476 9
400 181 3
97 120 7
8 158 2
396 202 3
147 324 6
348 359 3
22 188 3
267 257 8
13 221 8
247 15 8
345 203 10
31 14 2
14 31 2
5 21 8
424 76 2
34 60 8
145 462 7
142 119 1
498 437 5
76 424 2
25 81 2
344 324 7
106 189 9
242 307 6
107 140 4
183 18 9
257 99 10
48 168 1
101 153 2
438 221 3
117 37 1
370 22 1
406 1 5
67 92 7
27 10 9
477 392 1
6 1 10
146 5 3
1 2 7
423 352 1
52 70 2
173 351 1
290 108 6
271 233 3
6 85 1
56 6 7
216 126 7
69 76 7
57 63 4
18 183 9
193 439 2
120 97 7
142 215 9
90 376 10
459 13 9
84 194 7
350 50 2
295 201 4
138 85 3
146 296 6
254 335 3
285 250 3
263 455 10
80 44 3
12 24 5
116 315 5
136 422 4
398 153 2
24 49 5
326 30 8
228 250 5
79 21 7
17 66 5
284 178 2
84 114 8
221 438 3
12 4 7
98 71 5
5 146 3
408 313 2
58 239 5
84 333 6
68 63 5
383 339 2
150 24 10
15 386 6
61 205 3
87 36 10
25 171 3
213 112 3
92 261 10
475 287 9
427 480 2
497 99 10
38 275 9
138 272 5
240 6 10
184 67 6
13 218 8
147 207 3
154 452 1
465 412 2
278 220 7
253 445 4
296 382 7
294 36 3
481 424 5
6 64 3
256 276 1
236 57 7
138 293 10
291 200 10
427 320 6
280 206 3
66 73 3
112 129 9
54 485 9
52 55 6
15 247 8
24 150 10
431 317 8
273 223 9
245 72 3
23 202 9
165 238 5
405 276 4
100 79 10
443 183 2
321 239 3
26 21 3
240 355 2
182 378 10
48 219 9
84 63 8
21 79 7
366 279 10
53 109 8
239 321 3
80 192 2
257 267 8
299 55 8
266 61 3
110 339 10
23 34 8
21 26 3
155 181 9
116 143 7
77 44 8
297 331 4
228 174 10
4 8 2
90 403 8
60 104 5
110 210 2
252 207 1
303 440 6
109 53 8
174 483 6
441 164 3
121 222 1
201 230 10
191 59 4
1 406 5
101 22 2
32 160 5
269 220 1
206 280 3
235 298 10
8 187 8
220 269 1
5 4 1
112 283 3
22 370 1
79 100 10
103 31 6
263 377 5
493 198 2
182 288 2
202 217 8
136 325 10
126 4 1
119 9 2
448 137 7
207 252 1
262 64 2
171 384 4
63 84 8
314 248 2
25 57 7
10 7 9
47 72 8
97 64 7
86 329 1
309 79 9
380 247 2
340 121 4
256 81 6
181 400 3
275 38 9
47 99 10
357 73 4
80 313 2
274 303 5
280 484 2
4 3 10
433 419 2
307 242 6
37 21 9
457 78 2
209 164 2
7 91 6
171 25 3
478 251 2
263 97 2
213 226 6
55 52 6
305 48 5
354 338 7
259 194 10
297 392 6
244 310 5
108 290 6
184 220 8
45 11 1
409 343 6
53 14 5
43 46 6
214 78 1
7 156 5
34 23 8
123 360 10
13 8 2
103 186 8
72 387 7
179 88 5
62 74 5
223 273 9
93 22 6
260 118 3
243 153 8
96 48 9
246 10 6
58 50 9
170 30 3
287 194 7
85 138 3
53 212 8
135 316 2
270 101 5
101 270 5
281 28 3
384 171 4
151 145 2
376 90 10
16 6 1
339 110 10
50 83 3
332 21 10
123 1 9
24 12 5
364 411 2
19 18 3
467 398 8
69 9 8
316 434 9
113 264 10
23 22 8
107 203 5
327 54 1
225 111 6
392 297 6
435 235 10
159 97 4
42 3 7
447 49 9
370 490 5
48 33 10
112 102 1
145 151 2
426 112 3
125 98 8
78 38 9
84 148 7
98 130 10
64 97 7
302 123 10
355 240 2
386 15 6
343 206 1
251 478 2
242 205 2
244 361 2
182 42 5
285 368 7
63 444 4
160 32 5
10 107 9
430 403 8
47 89 2
67 184 6
201 295 4
218 13 8
30 170 3
70 297 4
342 116 3
86 372 2
6 56 7
107 124 9
34 36 3
178 284 2
73 66 3
76 69 7
346 397 8
411 364 2
395 75 6
381 250 5
21 332 10
320 111 5
218 251 9
117 145 2
118 260 3
180 16 6
248 314 2
122 139 4
348 225 4
285 306 5
460 486 3
137 75 6
42 182 5
168 193 8
460 206 7
144 254 7
352 423 1
312 283 2
121 340 4
153 101 2
419 433 2
298 235 10
338 132 8
268 227 10
441 489 1
410 390 6
304 183 3
95 19 5
221 362 8
434 316 9
67 42 5
256 451 2
42 334 9
21 141 3
429 344 10
310 244 5
316 135 2
8 13 2
4 5 1
29 33 4
160 237 1
164 441 3
30 326 8
387 72 7
75 108 5
306 404 1
36 34 3
78 214 1
442 463 3
377 495 7
66 17 5
115 71 8
186 103 8
492 88 1
121 144 9
343 409 6
83 94 6
421 383 5
83 286 8
123 337 5
25 106 8
483 174 6
261 92 10
21 37 9
222 121 1
57 236 7
258 279 8
463 442 3
79 163 9
86 330 1
24 71 4
176 79 6
104 60 5
454 397 6
67 110 1
139 122 4
99 190 3
452 154 1
308 224 1
79 176 6
490 370 5
124 107 9
19 95 5
196 154 7
158 8 2
184 311 10
220 184 8
223 150 3
468 245 1
346 40 9
20 118 1
306 285 5
61 31 1
64 262 2
88 179 5
289 195 1
355 461 2
183 443 2
78 457 2
339 379 2
90 86 9
5 18 2
123 302 10
62 24 4
282 469 3
28 281 3
10 39 6
18 19 3
397 346 8
318 34 9
476 370 9
166 62 3
19 75 6
48 305 5
388 137 5
264 113 10
4 371 7
92 67 7
420 235 6
239 58 5
22 101 2
149 499 5
123 132 6
414 133 3
413 251 8
61 266 3
335 254 3
167 61 8
221 13 8
337 123 5
37 117 1
5 200 4
1 30 5
301 203 10
201 113 6
32 23 4
219 48 9
3 4 10
258 172 3
190 99 3
25 38 6
99 208 4
216 500 6
8 29 5
6 240 10
224 221 10
14 53 5
31 54 7
74 62 5
43 39 7
71 24 4
182 253 1
250 285 3
174 228 10
289 417 8
390 410 6
354 367 7
178 402 8
356 122 9
22 93 6
143 172 4
84 133 5
14 134 4
13 459 9
276 256 1
323 170 4
97 127 1
31 61 1
338 354 7
495 377 7
206 343 1
105 7 6
99 47 10
233 271 3
106 25 8
200 5 4
22 21 10
325 136 10
96 453 1
324 147 6
141 21 3
233 116 4
102 373 3
147 104 8
39 10 6
5 40 3
336 140 10
149 29 8
149 412 7
134 14 4
51 4 10
466 298 5
4 165 8
389 308 5
226 213 6
207 147 3
79 309 9
315 116 5
471 304 10
153 243 8
332 341 6
364 78 10
249 167 2
162 16 10
140 107 4
399 391 4
28 14 7
223 277 5
110 67 1
254 144 7
417 289 8
119 142 1
488 223 2
352 202 9
89 47 2
283 112 3
235 420 6
92 135 8
158 365 7
85 6 1
73 357 4
9 119 2
1 20 9
194 84 7
129 112 9
4 9 6
487 486 6
340 491 4
9 69 8
365 158 7
403 90 8
137 448 7
28 47 9
97 442 9
6 16 1
185 155 2
167 255 3
298 466 5
136 85 5
111 225 6
75 19 6
444 63 4
112 426 3
455 263 10
11 155 5
44 77 8
158 437 5
15 44 8
130 98 10
308 389 5
114 84 8
72 47 8
10 246 6
17 13 4
294 391 7
451 256 2
283 312 2
244 363 9
418 344 10
177 17 2
121 79 2
485 54 9
424 481 5
113 82 3
3 2 7
324 344 7
1 6 10
143 116 7
78 364 10
211 90 4
235 206 4
194 287 7
193 231 7
322 233 6
66 86 5
222 374 6
189 106 9
202 396 3
449 373 4
195 289 1
170 323 4
59 49 10
310 394 5
97 263 2
15 14 7
328 312 7
312 328 7
44 15 8
173 229 4
367 354 7
499 149 5
2 35 7
344 429 10
21 5 8
442 97 9
46 43 6
416 128 7
168 48 1
72 245 3
425 164 2
329 86 1
407 272 4
1 123 9
157 149 3
188 22 3
382 296 7
163 79 9
160 319 3
47 116 8
474 9 7
71 115 8
288 182 2
4 126 1
49 59 10
93 199 10
347 317 5
349 311 9
137 388 5
304 471 10
313 408 2
111 74 10
445 253 4
247 380 2
90 211 4
127 97 1
102 1 7
20 1 9
423 450 1
165 4 8
37 82 2
63 68 5
47 28 9
484 280 2
132 338 8
212 53 8
496 477 6
4 51 10
100 274 4
