500 2982 91
39 308 30 51 356 454 217 252 50 408 164 186 239 387 447 92 173 460 396 212 235 474 135 45 463 26 191 227 266 465 421 48 248 107 127 3 73 177 149 360 202 296 352 404 418 325 453 184 47 399 234 69 64 288 268 343 36 204 269 89 316 498 313 18 362 444 190 477 424 329 254 350 295 284 12 282 363 262 307 233 327 437 196 176 209 381 59 214 315 110 218
280 397 103
413 486 59
5 8 118
288 457 52
393 123 115
216 388 124
15 30 58
279 138 69
288 201 101
270 188 149
360 315 109
62 112 115
491 231 129
188 96 88
449 385 54
201 236 67
475 437 57
303 458 133
265 135 91
282 399 118
20 26 118
146 216 97
147 90 56
39 13 52
105 70 94
196 35 147
275 222 121
134 55 136
7 6 94
449 356 103
349 335 145
132 342 73
386 485 126
48 235 124
119 373 146
171 158 50
289 109 90
343 482 148
240 250 118
365 201 130
232 259 136
229 202 71
174 202 131
90 89 62
379 347 57
152 314 66
383 98 112
35 158 86
471 373 148
64 135 139
160 51 120
74 76 64
413 309 63
173 193 50
47 74 53
348 281 80
124 297 66
36 49 75
42 81 95
40 73 136
164 110 121
190 399 124
124 396 101
127 246 85
214 234 90
20 23 145
397 240 75
347 379 57
249 141 114
389 488 123
141 173 107
296 371 92
480 416 87
25 170 112
464 455 96
293 233 107
3 28 125
380 494 113
327 463 104
166 239 82
88 34 135
156 241 122
144 51 87
369 265 149
360 291 113
242 169 110
102 410 64
312 178 70
128 31 51
83 182 58
60 117 125
232 125 66
270 235 86
323 459 71
272 166 142
264 130 85
302 267 89
229 58 70
113 176 84
385 449 54
234 108 85
377 342 112
87 168 105
55 30 115
92 64 67
32 23 134
344 136 51
405 328 144
6 5 86
260 243 59
152 374 65
136 224 91
246 127 85
90 210 77
269 131 85
363 119 111
316 138 127
350 199 128
276 92 144
146 211 83
2 14 61
277 338 142
198 204 89
96 87 69
425 192 63
247 294 111
107 141 91
231 355 85
486 413 59
39 19 141
183 207 110
143 170 86
474 153 143
41 156 77
69 61 52
151 145 137
277 180 87
459 323 71
142 263 84
76 20 114
6 22 121
376 361 101
446 405 110
309 413 63
345 210 89
169 219 97
130 215 66
19 4 95
22 15 128
56 91 61
163 138 127
40 59 139
197 306 130
281 170 117
373 211 66
95 91 119
145 317 112
460 269 50
12 29 120
498 424 83
28 39 104
70 105 94
415 205 63
304 329 104
352 411 72
98 65 78
240 397 75
210 291 66
255 280 111
79 104 51
83 30 130
385 370 77
338 500 102
109 70 146
354 211 122
465 267 136
143 132 108
147 194 129
106 118 75
205 195 116
235 105 75
145 107 81
471 227 142
15 13 137
179 195 133
43 11 87
186 485 59
64 92 67
380 299 100
261 388 75
366 199 127
378 232 94
26 34 60
252 182 110
193 173 50
52 66 125
368 399 147
248 220 85
59 40 139
322 247 131
175 308 57
199 366 127
209 224 64
385 213 90
71 144 124
126 66 118
457 410 129
269 189 73
410 466 81
84 41 71
455 464 96
88 210 57
275 173 143
282 222 65
241 199 72
391 265 146
406 402 147
46 251 56
99 93 61
150 133 122
45 30 71
284 46 87
108 177 88
98 326 99
199 393 84
10 11 144
116 172 112
50 122 139
53 38 54
246 301 84
324 89 138
86 139 98
96 276 60
222 270 113
227 246 115
65 97 78
439 424 83
151 93 128
343 82 141
102 320 134
456 264 122
82 254 111
78 75 69
371 82 81
186 143 93
455 257 141
225 284 72
400 432 80
158 35 86
333 442 67
127 91 101
446 366 77
20 76 114
97 122 140
443 268 64
421 279 67
189 85 66
215 130 66
474 262 97
355 240 53
155 165 97
149 169 138
279 326 51
495 242 68
305 378 106
375 365 60
71 166 126
91 95 119
221 217 72
395 362 145
250 240 118
251 283 121
261 432 78
164 194 62
248 90 52
227 471 142
319 259 64
119 301 107
352 461 51
177 210 93
366 220 87
67 21 114
233 197 105
133 150 122
265 369 149
472 322 71
417 207 140
360 370 82
46 157 143
450 206 115
460 463 130
135 265 91
199 176 99
124 67 127
349 258 74
276 96 60
466 410 81
205 415 63
486 275 52
223 160 144
41 32 51
213 299 89
87 31 62
65 98 78
34 96 92
80 22 59
51 134 111
239 477 100
204 174 112
159 219 102
150 112 115
77 68 58
251 206 56
334 290 102
1 40 117
222 130 54
69 55 68
182 151 137
4 3 130
86 19 80
90 84 75
10 16 116
187 230 83
11 10 144
215 163 101
48 89 95
154 62 98
341 185 50
235 309 140
44 147 106
254 243 100
74 27 53
220 248 85
160 223 144
279 101 82
13 16 52
345 303 113
67 52 69
415 303 138
196 216 145
36 46 98
93 57 109
22 12 147
11 7 94
147 282 123
319 262 146
174 155 125
181 228 73
86 107 136
303 205 61
306 356 78
438 214 129
24 44 83
396 270 70
286 224 84
122 59 118
8 33 104
208 104 104
205 303 61
423 255 79
101 279 82
142 269 142
434 318 143
137 77 50
320 254 120
488 479 65
197 334 76
310 175 98
103 150 121
320 458 112
423 355 52
271 127 113
144 41 75
283 263 112
428 288 50
77 137 50
208 129 111
383 298 66
319 447 114
18 38 149
478 306 138
51 160 120
103 109 77
339 392 134
170 25 112
454 376 105
240 159 100
90 59 97
278 265 52
437 475 57
134 214 141
251 285 117
298 140 58
387 309 125
299 106 87
88 161 117
235 404 135
188 458 146
162 185 70
57 25 50
158 209 63
372 381 93
263 375 128
127 266 105
171 110 68
238 347 91
167 310 94
243 241 100
426 292 81
180 112 64
375 263 128
232 165 101
448 357 60
51 38 111
248 262 92
142 93 83
34 40 103
221 78 85
315 340 83
331 181 51
251 211 91
141 183 84
216 146 97
102 158 114
60 62 120
111 103 50
369 221 126
131 111 121
189 188 125
226 487 124
9 2 54
337 327 125
92 276 144
283 295 144
454 325 53
57 62 116
10 14 116
166 200 143
213 151 70
374 244 114
103 111 50
126 121 82
119 363 111
5 11 137
110 164 121
116 108 79
40 85 125
78 221 85
123 249 145
121 104 104
414 365 55
84 49 120
219 240 95
197 43 115
199 158 79
302 138 64
468 370 139
263 156 125
477 177 144
82 62 63
26 59 73
29 23 77
14 37 100
139 179 64
181 71 114
113 47 117
378 305 106
129 208 111
42 60 65
315 439 106
402 406 147
325 296 137
349 461 109
15 24 90
4 27 82
434 428 78
352 260 136
382 273 118
121 379 105
290 244 136
210 215 123
102 85 99
209 370 101
177 240 132
231 135 132
13 1 53
104 245 66
76 113 58
220 366 87
351 297 112
81 42 95
302 481 82
6 9 73
182 83 58
144 327 55
320 228 115
33 8 104
399 190 124
30 54 137
275 486 52
76 195 114
210 88 57
100 131 108
38 53 54
333 198 78
150 394 71
134 51 111
428 333 85
187 244 80
183 160 100
381 500 75
283 410 133
78 89 148
96 281 80
25 57 50
281 96 80
89 324 138
252 326 54
342 277 51
23 51 133
122 249 102
221 393 149
220 327 122
123 83 78
148 129 85
406 76 52
161 88 117
399 282 118
38 18 149
90 201 70
85 189 66
463 327 104
338 277 142
184 292 71
13 35 114
141 104 92
500 325 106
393 489 115
109 127 93
243 189 75
107 145 81
209 278 51
299 213 89
162 193 133
32 41 51
85 198 50
378 318 63
267 205 70
93 108 65
199 241 72
71 181 114
63 60 84
291 430 82
198 85 50
34 18 64
45 29 106
411 352 72
340 464 68
207 83 148
438 300 62
163 215 101
257 229 134
262 248 92
196 310 58
43 68 93
22 77 94
158 171 50
180 375 140
442 333 67
442 345 63
229 422 110
278 473 133
243 339 104
8 17 51
193 357 110
173 169 141
245 462 56
10 7 84
67 124 127
74 171 133
286 226 110
61 69 52
276 450 57
336 124 104
456 296 138
150 294 74
232 288 128
305 268 63
223 110 69
36 58 53
426 462 101
91 127 101
23 21 109
447 319 114
16 24 95
311 471 75
138 238 143
74 47 53
191 111 53
195 44 79
337 195 100
282 469 128
139 147 63
493 245 113
309 404 137
43 197 115
84 132 133
215 346 95
104 208 104
334 408 92
74 93 58
332 254 52
470 370 123
469 443 93
330 253 80
124 177 106
315 360 109
9 5 52
3 5 143
317 216 127
7 1 63
136 117 56
411 311 72
340 440 50
145 314 86
325 454 53
386 362 135
323 154 105
353 452 136
5 4 101
33 24 67
476 274 88
201 288 101
5 16 100
181 331 51
156 48 125
79 114 51
315 359 102
170 206 83
300 244 140
9 43 96
10 12 77
91 65 141
416 327 129
404 309 137
307 270 64
186 189 86
460 406 118
83 82 116
150 384 121
197 435 74
60 22 143
145 70 77
100 102 60
464 340 68
49 35 147
385 448 77
119 79 70
317 284 128
89 48 95
332 443 121
24 33 67
318 98 54
484 287 100
185 46 106
404 420 135
183 113 88
406 257 120
186 168 80
360 343 66
441 221 77
18 34 64
26 30 103
466 300 89
288 232 128
41 144 75
229 257 134
146 227 109
201 198 69
231 491 129
23 83 62
130 105 91
478 403 83
336 53 81
287 484 100
339 243 104
483 205 57
110 171 68
309 467 149
216 274 89
110 63 104
51 23 133
237 108 142
214 151 81
227 204 141
73 40 136
433 168 135
27 74 53
214 137 126
206 97 130
412 293 75
37 42 88
42 36 132
194 128 84
143 122 91
110 254 138
183 196 57
211 373 66
395 260 59
47 113 117
421 477 134
40 19 52
58 25 57
167 368 56
238 138 143
294 372 141
468 363 100
219 225 59
16 35 139
393 221 149
214 438 129
58 69 80
67 81 147
188 189 125
98 72 98
46 12 63
193 204 115
125 148 68
253 226 126
121 260 71
234 424 50
269 460 50
179 287 120
106 138 104
68 304 99
211 189 140
207 464 102
367 285 85
246 335 114
24 63 105
201 107 113
61 115 136
213 453 55
49 92 83
229 308 98
358 145 102
10 2 82
185 388 86
261 175 67
93 142 83
116 265 99
111 53 144
70 37 117
66 126 118
28 47 54
206 194 115
260 352 136
200 267 102
481 302 82
25 6 144
268 162 112
361 243 139
24 72 143
102 52 71
129 148 85
185 363 93
28 3 125
402 295 125
410 333 66
366 499 119
201 216 123
136 294 116
354 283 129
472 204 59
187 218 149
128 357 114
211 251 91
398 262 73
286 258 100
178 302 141
163 437 123
161 262 128
99 110 122
349 143 79
343 370 84
242 133 121
202 174 131
330 367 129
265 391 146
355 417 51
441 321 149
67 152 115
58 227 86
491 172 106
190 176 118
368 165 60
31 128 51
12 22 147
28 36 102
371 228 120
211 121 86
158 127 88
277 342 51
68 77 58
209 257 145
425 174 82
42 46 55
492 135 112
392 122 55
58 149 80
120 200 94
46 36 98
51 115 89
302 437 73
470 295 98
135 431 135
139 217 105
343 240 100
190 69 77
363 468 100
483 448 61
117 68 72
313 391 65
355 423 52
117 182 127
212 114 125
75 65 61
3 24 69
3 19 129
108 225 66
1 31 52
154 122 54
72 153 103
352 247 67
239 166 82
495 414 75
367 368 124
301 89 96
95 119 144
353 307 113
151 182 137
416 294 142
103 135 85
487 490 133
155 174 125
159 240 100
186 391 106
109 272 61
425 267 122
149 239 130
329 274 93
54 38 148
83 136 53
489 393 115
338 374 137
130 222 54
72 139 101
53 32 125
56 140 66
346 214 116
169 187 127
30 45 71
120 76 84
390 345 147
307 203 63
239 220 58
115 120 56
31 61 60
218 187 149
101 64 102
101 27 145
328 223 63
18 28 137
50 42 116
117 136 56
365 375 60
290 341 120
168 66 66
182 252 110
226 89 80
292 184 71
398 111 147
318 312 132
73 39 72
152 139 50
283 479 53
136 184 107
472 374 95
35 13 114
311 120 113
239 333 135
408 237 71
78 87 77
449 269 84
111 81 86
59 52 117
143 186 93
85 75 138
471 311 75
225 235 131
308 229 98
137 426 140
338 196 102
328 389 91
44 195 79
100 86 121
120 99 90
408 334 92
28 18 137
90 248 52
113 76 58
17 38 92
401 319 136
9 6 73
134 236 51
191 155 139
76 22 65
366 198 93
414 495 75
301 496 140
117 197 112
56 159 87
212 141 105
179 92 64
13 10 76
3 4 130
173 166 105
127 293 91
108 237 142
120 241 56
279 421 67
55 88 52
370 385 77
499 330 57
293 412 75
108 234 85
278 436 89
430 291 82
172 116 112
8 5 118
427 437 126
4 2 105
32 9 57
83 123 78
427 392 141
281 348 80
116 238 110
72 116 52
315 333 89
110 223 69
106 136 84
359 497 79
260 413 77
496 301 140
170 281 117
424 265 149
297 258 128
243 277 57
486 305 80
100 132 120
27 44 127
254 384 118
137 346 63
309 235 140
291 456 137
195 272 146
256 114 85
154 86 51
361 244 146
91 112 138
247 352 67
353 325 149
403 192 96
50 79 63
19 3 129
94 100 124
260 214 118
262 339 118
87 106 110
130 75 87
404 394 50
370 343 84
216 201 123
104 121 104
200 202 70
284 144 107
431 412 83
173 141 107
420 176 80
105 45 97
99 119 116
249 271 56
475 485 114
37 33 67
146 69 67
261 212 112
184 136 107
418 266 71
481 280 116
372 264 141
364 349 99
148 200 86
185 341 50
203 182 126
180 83 55
258 115 68
254 110 138
291 133 106
443 131 117
156 87 109
208 155 95
480 272 101
204 227 141
453 204 70
295 470 98
259 116 126
175 142 73
49 95 55
188 131 96
260 347 110
308 175 57
108 78 86
56 36 130
192 66 79
210 390 145
294 429 129
111 191 53
244 187 80
207 197 83
345 390 147
87 156 109
140 398 124
319 182 92
142 175 73
224 286 84
209 158 63
325 421 84
389 371 104
295 402 125
111 236 84
241 120 56
402 250 68
475 433 109
396 124 101
367 225 86
497 221 141
376 247 122
107 199 96
429 294 129
365 414 55
221 369 126
219 384 140
18 6 112
9 34 64
349 364 99
272 480 101
309 173 88
268 219 81
382 160 117
362 395 145
128 364 98
240 177 132
176 113 84
304 68 99
57 12 113
18 8 119
148 315 57
53 64 94
199 107 96
136 83 53
489 413 102
79 54 87
205 267 70
23 9 85
387 205 69
60 115 102
206 220 66
266 418 71
52 67 69
20 64 115
383 314 53
494 289 54
265 424 149
167 278 53
104 101 142
403 478 83
467 319 93
54 62 111
120 115 56
290 206 68
188 270 149
216 317 127
30 83 130
32 33 59
313 348 144
182 414 118
197 81 65
324 350 67
184 213 144
280 256 109
41 176 85
57 54 52
202 229 71
73 129 92
296 286 145
359 419 57
56 23 56
122 392 55
463 440 124
4 17 83
310 196 58
485 186 59
62 82 63
421 325 84
32 53 125
119 99 116
44 287 139
4 19 95
147 303 147
21 41 97
136 344 51
89 301 96
92 230 91
27 101 145
94 93 77
278 167 53
435 249 81
376 454 105
11 41 131
97 138 86
138 97 86
219 68 120
440 102 93
255 312 125
325 500 106
413 221 123
205 387 69
176 190 118
58 95 123
196 172 51
418 218 145
435 380 105
267 425 122
111 398 147
49 84 120
108 93 65
175 178 62
294 136 116
424 191 125
62 154 98
258 230 82
40 1 117
298 487 147
139 86 98
412 381 61
49 75 77
280 255 111
191 105 142
453 213 55
309 381 105
138 279 69
13 32 131
225 219 59
77 308 114
34 9 64
475 420 90
157 137 128
247 151 89
416 493 81
126 149 88
190 316 65
8 18 119
347 260 110
35 16 139
412 431 83
15 2 106
426 137 140
118 266 61
493 327 134
162 100 85
204 193 115
229 277 112
462 245 56
103 71 111
304 323 68
78 65 97
178 311 112
410 102 64
173 309 88
176 401 57
274 113 149
181 144 64
52 110 56
325 353 149
324 223 123
176 420 80
222 204 136
340 419 61
49 26 82
197 233 105
328 405 144
151 105 136
11 42 98
70 47 73
294 392 134
226 47 79
131 443 117
94 162 122
407 286 104
340 479 66
124 107 85
331 238 66
165 368 60
142 129 90
102 362 92
334 206 132
14 7 124
146 331 146
437 427 126
129 73 92
445 363 148
164 187 64
222 282 65
174 118 51
5 6 86
125 166 127
134 163 110
384 219 140
176 199 99
42 37 88
178 156 51
143 342 83
488 389 123
287 44 139
22 76 65
33 86 73
303 459 93
327 416 129
242 101 73
320 102 134
276 411 83
64 172 92
122 50 139
478 179 141
71 55 62
147 209 125
225 367 86
132 88 114
337 282 129
335 349 145
309 177 106
266 196 140
347 194 103
312 191 134
132 84 133
64 53 94
166 173 105
234 193 120
14 10 116
316 495 135
127 271 113
401 176 57
70 51 63
178 247 70
326 252 54
257 416 81
135 103 85
37 74 84
3 7 57
386 319 149
318 308 124
83 23 62
189 243 75
78 108 86
143 313 77
150 103 121
285 359 133
146 198 145
277 243 57
473 278 133
447 236 52
46 231 56
357 419 93
183 229 122
161 87 69
175 304 98
416 257 81
429 318 101
307 260 121
374 338 137
76 167 87
467 309 149
351 316 140
260 395 59
408 433 141
144 181 64
281 144 91
364 400 95
61 31 60
459 209 116
306 446 71
220 409 108
113 252 132
253 330 80
14 21 58
121 110 123
450 272 90
142 68 72
252 142 136
169 173 141
133 226 62
403 326 81
308 318 124
328 291 115
22 82 118
285 251 117
7 14 124
18 20 72
377 380 53
400 212 55
244 200 50
66 112 137
220 142 123
436 228 122
367 330 129
321 194 117
90 213 92
394 371 59
331 146 146
96 169 147
267 302 89
228 320 115
411 276 83
214 256 56
1 7 63
236 134 51
26 49 82
204 453 70
306 207 141
224 274 149
118 354 131
413 260 77
144 281 91
357 208 116
386 310 129
48 156 125
361 363 124
56 106 119
97 206 130
168 314 50
322 154 56
303 415 138
439 465 138
206 251 56
301 246 84
270 396 70
222 156 124
365 212 107
265 116 99
80 45 114
397 280 103
352 496 93
251 273 125
448 385 77
465 439 138
133 291 106
268 305 63
351 403 109
197 117 112
241 243 100
235 48 124
184 397 97
261 362 101
304 175 98
303 147 147
271 53 96
330 310 128
95 116 120
286 407 104
178 175 62
244 374 114
452 330 107
279 194 59
115 263 113
112 180 64
164 165 125
45 148 84
323 280 81
227 146 109
363 185 93
105 151 136
359 285 133
50 28 57
399 368 147
473 465 68
87 161 69
328 338 146
381 372 93
220 239 58
232 378 94
296 325 137
200 120 94
98 275 145
118 174 51
420 333 88
129 142 90
168 186 80
114 100 135
364 316 80
408 159 78
103 128 148
189 211 140
57 98 116
292 256 107
30 27 141
77 121 104
231 149 127
283 251 121
49 66 76
350 257 75
392 427 141
419 359 57
146 126 55
80 85 90
370 209 101
117 133 91
317 428 89
242 495 68
141 107 91
63 68 148
286 453 66
64 20 115
151 160 94
49 36 75
85 97 114
155 191 139
235 445 108
304 286 88
89 90 62
180 277 87
14 20 119
283 247 85
112 118 76
46 42 55
134 80 121
263 142 84
203 186 81
212 365 107
47 50 96
199 350 128
416 480 87
198 118 145
93 61 53
290 251 130
274 216 89
38 54 148
375 180 140
61 99 56
91 56 61
117 60 125
147 253 55
72 24 143
89 226 80
399 474 108
396 271 145
178 255 140
249 382 139
77 22 94
56 129 56
322 472 71
302 440 95
344 482 148
13 39 52
30 55 115
139 247 130
41 233 102
326 340 77
124 63 99
114 54 124
47 28 54
129 261 121
140 94 91
282 250 104
156 263 125
170 50 113
31 87 62
213 402 127
21 25 54
328 455 140
48 417 143
370 468 139
35 68 63
69 157 127
335 246 114
135 492 112
467 376 79
192 177 120
118 112 76
286 321 89
253 264 144
155 159 73
16 27 70
313 143 77
131 217 62
16 13 52
259 319 64
288 428 50
162 140 129
247 322 131
456 291 137
133 20 109
373 387 141
91 129 148
325 117 122
330 152 113
280 481 116
85 40 125
243 361 139
221 109 59
97 224 95
41 84 71
291 222 69
71 255 107
79 43 108
63 34 147
127 88 103
346 215 95
178 134 126
114 184 101
99 61 56
68 219 120
160 151 94
97 143 73
462 426 101
294 247 111
26 24 104
203 307 63
166 125 127
490 487 133
64 63 52
16 31 84
223 111 124
389 202 66
461 352 51
178 312 70
317 145 112
346 137 63
362 102 92
353 194 96
96 29 52
76 120 84
265 395 96
140 115 79
46 185 106
250 402 68
338 328 146
196 338 102
106 56 119
442 323 83
193 129 143
34 88 135
238 280 59
289 101 136
96 34 92
432 261 78
436 157 66
78 70 148
6 2 129
380 377 53
148 125 68
249 123 145
162 268 112
395 265 96
156 222 124
1 5 104
460 281 143
73 164 72
230 288 116
71 103 111
167 76 87
292 426 81
258 286 100
248 217 138
228 181 73
466 415 64
349 407 54
246 123 112
212 261 112
319 467 93
327 337 125
247 178 70
143 349 79
213 385 90
284 317 128
253 147 55
38 60 93
38 51 111
138 316 127
60 42 65
265 157 98
234 214 90
192 425 63
300 242 70
73 180 81
66 49 76
362 261 101
158 102 114
99 149 84
115 51 89
289 412 126
160 183 100
347 238 91
213 184 144
148 414 69
380 435 105
443 332 121
69 72 143
132 100 120
127 158 88
303 345 113
65 54 131
89 60 136
149 153 88
376 467 79
66 57 99
68 117 72
394 347 142
165 164 125
225 340 121
22 6 121
72 21 56
45 105 97
237 230 78
233 140 58
162 169 118
113 183 88
29 45 106
30 31 91
219 230 66
22 80 59
312 255 125
432 180 106
88 73 66
20 133 109
40 58 65
267 400 55
100 94 124
118 128 85
424 234 50
262 252 56
496 352 93
255 423 79
154 185 74
33 37 67
65 75 61
158 199 79
88 55 52
24 15 90
157 46 143
342 143 83
217 200 111
2 8 116
439 315 106
45 80 114
463 460 130
213 369 77
81 111 86
196 266 140
29 96 52
409 220 108
424 439 83
469 303 121
230 258 82
204 222 136
187 162 125
417 48 143
191 225 122
133 128 68
252 359 59
99 181 138
435 197 74
70 145 77
185 422 96
95 49 55
12 7 58
10 1 88
423 112 139
95 104 72
235 270 86
69 137 89
39 73 72
455 440 112
132 143 108
75 78 69
249 122 102
324 373 90
415 358 131
494 171 92
443 469 93
6 18 112
57 66 99
31 30 91
29 100 73
344 300 77
174 257 71
227 484 54
112 150 115
15 14 75
344 248 118
169 162 118
379 259 52
232 329 53
7 10 84
314 168 50
125 78 82
152 39 122
81 197 65
192 403 96
458 303 133
96 109 56
59 123 105
102 100 60
177 309 106
125 121 59
422 184 99
273 167 105
250 282 104
230 187 83
333 315 89
130 264 85
368 367 124
136 259 134
182 319 92
344 448 109
299 272 71
397 447 112
243 88 95
56 26 105
256 280 109
427 410 143
249 435 81
335 132 64
125 232 66
230 219 66
166 156 65
168 152 149
123 167 84
35 49 147
142 220 123
431 135 135
252 113 132
82 22 118
291 210 66
36 32 68
224 136 91
214 346 116
163 77 145
92 130 103
230 245 81
57 71 128
361 376 101
388 216 124
410 457 129
117 104 119
187 164 64
245 237 84
282 337 129
212 400 55
268 235 58
322 284 136
155 208 95
173 480 115
233 41 102
412 289 126
451 350 109
259 136 134
354 118 131
377 296 104
25 8 121
138 302 64
274 224 149
37 14 100
297 496 59
361 344 50
236 111 84
50 170 113
457 288 52
12 57 113
47 45 116
461 349 109
149 99 84
80 123 59
214 134 141
307 353 113
223 324 123
6 25 144
51 70 63
25 28 146
414 182 118
445 430 102
48 155 145
247 139 130
226 316 83
226 401 122
441 198 64
205 483 57
236 447 52
121 211 86
214 260 118
339 262 118
240 343 100
352 287 104
125 75 111
385 405 106
32 13 131
436 278 89
158 179 59
271 249 56
479 283 53
430 445 102
253 468 68
175 310 98
16 5 100
275 98 145
284 322 136
179 158 59
165 155 97
169 96 147
217 139 105
17 29 82
491 406 52
181 99 138
184 114 101
125 176 54
415 466 64
254 255 79
245 104 66
318 434 143
450 276 57
428 434 78
185 154 74
88 132 114
174 73 52
279 325 103
131 269 85
106 258 147
245 230 81
210 407 60
484 227 54
92 80 146
33 32 59
86 137 139
276 285 99
137 86 139
122 154 54
381 289 91
333 428 85
140 162 129
62 54 111
314 152 66
401 226 122
262 319 146
110 52 56
16 10 116
28 50 57
94 205 139
293 127 91
85 192 50
357 448 60
128 118 85
370 360 82
345 124 64
67 59 144
27 16 70
68 142 72
433 331 145
138 74 76
236 201 67
206 290 68
12 10 77
58 229 70
135 35 80
74 138 76
85 102 99
154 164 138
26 56 105
313 211 128
15 54 98
198 441 64
26 4 105
204 472 59
149 126 88
276 120 50
356 193 95
183 250 94
195 385 97
98 383 112
381 309 105
206 334 132
104 95 72
46 284 87
190 80 108
207 183 110
92 49 83
171 494 92
240 219 95
116 72 52
193 234 120
492 410 54
324 444 82
19 27 117
255 380 140
444 428 91
479 340 66
445 235 108
348 122 60
140 298 58
316 351 140
105 130 91
319 401 136
31 94 96
285 367 85
477 421 134
183 141 84
257 406 120
173 275 143
358 89 133
244 225 100
292 181 102
5 3 143
43 9 96
1 13 53
21 18 143
406 460 118
82 371 81
153 218 67
294 150 74
231 46 56
492 391 91
429 215 87
19 40 52
50 167 60
55 33 72
33 55 72
122 97 140
59 122 118
277 229 112
131 100 108
17 8 51
433 465 131
358 182 104
25 58 57
20 14 119
438 346 133
149 58 80
159 155 73
124 336 104
86 154 51
141 75 125
394 150 71
145 188 57
61 3 142
52 102 71
114 79 51
280 238 59
392 339 134
196 297 54
228 371 120
252 262 56
222 291 69
3 6 139
92 139 134
458 320 112
248 344 118
112 62 115
195 337 100
232 126 93
101 289 136
176 125 54
329 304 104
82 343 141
25 21 54
133 202 149
428 444 91
363 361 124
113 274 149
448 454 99
199 339 148
2 15 106
434 82 96
38 27 69
97 55 70
244 361 146
110 99 122
294 416 142
107 31 86
305 313 56
422 185 96
258 106 147
132 335 64
468 253 68
153 66 80
81 67 147
356 346 64
499 428 124
413 489 102
246 227 115
104 117 119
260 307 121
184 422 99
18 11 77
477 239 100
479 488 65
194 164 62
89 78 148
70 109 146
293 249 121
190 305 116
116 259 126
482 344 148
356 449 103
485 386 126
21 72 56
115 61 136
459 303 93
251 290 130
174 218 72
17 11 54
19 16 129
300 344 77
54 65 131
155 125 147
145 79 125
200 166 143
27 4 82
315 148 57
346 438 133
369 213 77
36 56 130
24 3 69
321 441 149
428 317 89
118 91 111
189 186 86
440 302 95
305 134 65
122 143 91
247 283 85
255 178 140
270 222 113
54 79 87
114 256 85
301 119 107
461 436 110
16 19 129
75 33 74
36 28 102
421 255 50
42 55 51
45 91 135
62 77 59
464 207 102
177 132 141
141 249 114
63 64 52
120 311 113
209 459 116
403 351 109
453 286 66
77 163 145
189 269 73
106 25 126
359 252 59
391 186 106
14 2 61
355 348 139
19 43 88
153 474 143
311 131 96
166 71 126
250 183 94
342 377 112
451 170 141
29 12 120
79 186 118
107 201 113
313 305 56
138 106 104
465 433 131
278 209 51
11 17 54
121 125 59
306 77 105
67 103 128
376 153 141
368 167 56
205 193 134
47 33 66
139 92 134
97 85 114
323 442 83
71 57 128
167 123 84
364 128 98
281 460 143
272 195 146
30 15 58
101 242 73
202 200 70
417 355 51
27 30 141
224 97 95
237 164 104
314 145 86
7 8 91
6 7 94
97 65 78
52 12 54
487 298 147
27 19 117
51 144 87
167 273 105
267 200 102
181 292 102
229 296 95
99 120 90
325 279 103
39 48 92
93 99 61
34 37 93
156 166 65
24 26 104
86 100 121
211 354 122
65 17 125
105 84 145
254 320 120
156 41 77
420 475 90
333 239 135
168 87 105
145 358 102
193 356 95
177 192 120
254 332 52
126 95 77
243 254 100
262 390 113
397 184 97
259 379 52
257 350 75
164 237 104
261 129 121
247 376 122
291 360 113
4 5 101
258 349 74
337 430 61
186 79 118
125 155 147
269 142 142
138 163 127
211 313 128
359 315 102
327 144 55
233 293 107
73 88 66
476 313 79
69 146 67
108 84 77
362 386 135
160 64 145
162 94 122
43 101 92
123 59 105
109 103 77
313 476 79
272 450 90
379 121 105
266 127 105
266 118 61
114 212 125
31 1 52
106 87 110
9 36 113
200 148 86
257 174 71
103 67 128
18 21 143
67 86 86
132 177 141
59 67 144
333 420 88
59 71 87
218 153 67
69 58 80
120 298 117
98 318 54
88 243 95
235 268 58
222 275 121
357 193 110
84 105 145
84 90 75
327 241 144
144 71 124
476 218 109
340 326 77
440 340 50
282 147 123
440 498 146
211 146 83
134 305 65
254 362 74
310 330 128
225 244 100
79 145 125
63 110 104
68 63 148
198 366 93
35 135 80
117 325 122
451 420 98
28 44 128
251 431 72
490 408 77
55 97 70
143 97 73
119 95 144
155 48 145
91 118 111
297 196 54
336 298 132
186 203 81
21 23 109
65 91 141
147 44 106
152 155 86
7 12 58
345 442 63
385 195 97
116 95 120
308 482 115
240 355 53
295 227 147
176 41 85
206 170 83
495 316 135
20 18 72
407 349 54
179 285 129
218 418 145
15 73 65
424 498 83
226 133 62
87 78 77
210 90 77
113 84 73
23 56 56
324 63 111
494 380 113
69 190 77
323 304 68
15 22 128
204 332 64
433 475 109
452 353 136
141 165 101
381 412 61
110 121 123
128 103 148
12 2 107
208 296 67
264 456 122
72 69 143
145 151 137
42 50 116
1 20 63
241 327 144
118 106 75
28 25 146
17 21 87
43 79 108
63 324 111
256 179 74
104 141 92
319 386 149
287 352 104
122 348 60
2 9 54
88 127 103
398 140 124
121 126 82
180 328 55
181 343 135
200 244 50
420 451 98
197 207 83
348 355 139
96 188 88
134 178 126
55 71 62
297 430 103
60 63 84
272 299 71
64 101 102
93 151 128
263 283 112
340 315 83
63 24 105
158 220 134
448 483 61
230 92 91
95 126 77
83 207 148
347 394 142
452 326 146
172 64 92
128 194 84
11 43 87
390 210 145
433 408 141
469 488 76
210 177 93
33 47 66
373 324 90
182 358 104
219 159 102
430 470 140
382 249 139
175 149 81
139 152 50
289 381 91
315 154 74
215 210 123
159 70 82
265 278 52
316 226 83
262 398 73
287 184 109
255 71 107
5 9 52
68 43 93
98 57 116
47 226 79
182 203 126
256 214 56
68 35 63
109 96 56
437 163 123
310 167 94
157 436 66
55 134 136
228 115 89
316 190 65
499 366 119
126 232 93
137 214 126
27 38 69
140 56 66
9 23 85
51 37 53
152 168 149
17 65 125
371 394 59
157 69 127
87 62 115
156 178 51
55 42 51
151 213 70
201 332 126
470 430 140
1 4 62
274 329 93
200 212 94
390 262 113
444 185 58
152 330 113
62 60 120
53 271 96
351 489 134
101 104 142
402 213 127
389 328 91
105 235 75
457 101 119
238 234 61
169 242 110
310 386 129
285 276 99
350 451 109
45 39 97
84 113 73
393 483 97
59 26 73
177 477 144
162 187 125
177 108 88
257 209 145
36 9 113
83 180 55
373 471 148
172 112 128
245 493 113
185 444 58
36 42 132
284 405 54
153 376 141
447 397 112
115 140 79
408 490 77
94 140 91
262 161 128
100 29 73
183 298 123
290 334 102
21 17 87
355 231 85
135 231 132
73 174 52
2 12 107
184 287 109
369 426 122
321 286 89
149 231 127
234 238 61
133 242 121
373 119 146
358 415 131
157 265 98
487 226 124
222 267 120
45 47 116
21 14 58
54 15 98
43 146 138
198 146 145
500 338 102
473 320 56
440 455 112
485 475 114
371 296 92
221 497 141
228 436 122
262 474 97
298 120 117
141 212 105
489 351 134
194 321 117
21 67 114
157 175 115
81 37 61
75 141 125
54 114 124
298 183 123
148 45 84
474 399 108
161 74 130
343 360 66
106 299 87
129 91 148
280 323 81
195 76 114
119 300 126
154 323 105
64 160 145
171 74 133
327 493 134
204 198 89
481 464 121
264 253 144
71 59 87
212 200 94
154 315 74
72 80 81
273 382 118
164 154 138
273 150 106
239 149 130
52 38 51
326 98 99
31 107 86
164 264 53
86 67 86
108 116 79
372 290 100
335 308 74
229 183 122
332 204 64
298 336 132
109 221 59
191 424 125
55 69 68
13 8 99
296 208 67
237 245 84
123 228 58
194 347 103
168 433 135
427 218 135
102 440 93
464 481 121
111 131 121
201 90 70
105 191 142
498 440 146
172 491 106
187 169 127
22 60 143
225 108 66
159 56 87
54 57 52
193 205 134
53 50 72
251 46 56
4 1 62
40 48 108
341 132 135
455 328 140
37 70 117
250 169 60
31 16 84
363 445 148
128 209 132
179 256 74
124 345 64
17 61 126
142 252 136
500 381 75
305 486 80
238 331 66
100 162 85
179 478 141
291 328 115
209 147 125
129 193 143
130 92 103
308 335 74
8 25 121
151 247 89
107 86 136
38 17 92
48 39 92
299 380 100
244 300 140
155 152 86
41 11 131
8 7 91
105 303 103
414 148 69
66 168 66
267 465 136
300 438 62
188 145 57
217 248 138
187 321 57
296 456 138
192 85 50
85 80 90
341 290 120
306 478 138
174 425 82
428 499 124
101 457 119
326 377 87
180 73 81
268 443 64
296 229 95
10 13 76
285 179 129
139 72 101
75 125 111
70 159 82
465 473 68
228 123 58
33 75 74
440 463 124
195 203 118
300 119 126
137 157 128
150 184 127
237 408 71
60 89 136
120 276 50
493 416 81
380 255 140
180 432 106
407 210 60
298 383 66
112 91 138
93 74 58
461 462 142
7 3 57
76 406 52
44 28 128
112 172 128
246 487 60
175 261 67
371 389 104
80 92 146
34 63 147
263 115 113
410 427 143
70 78 148
128 133 68
109 289 90
80 190 108
315 223 110
2 4 105
115 258 68
123 246 112
150 273 106
224 209 64
351 167 139
288 230 116
383 418 60
430 337 61
4 26 105
63 124 99
233 295 141
391 313 65
273 251 125
446 306 71
11 18 77
39 45 97
259 232 136
436 461 110
43 19 88
255 421 50
93 94 77
133 117 91
182 117 127
126 146 55
253 109 146
341 439 129
242 300 70
344 361 50
118 198 145
329 232 53
23 29 77
209 128 132
82 434 96
302 178 141
159 408 78
66 153 80
308 77 114
348 313 144
59 90 97
202 133 149
220 158 134
90 147 56
72 98 98
172 196 51
391 492 91
77 62 59
29 94 135
334 197 76
384 150 121
66 52 125
115 228 89
52 59 117
165 141 101
426 369 122
165 232 101
185 162 70
384 254 118
274 476 88
75 85 138
198 333 78
52 32 75
34 26 60
92 179 64
269 449 84
400 364 95
260 121 71
311 411 72
205 94 139
405 385 106
174 204 112
19 39 141
66 192 79
40 34 103
37 81 61
170 451 141
151 214 81
230 237 78
175 157 115
94 107 107
254 82 111
309 387 125
87 96 69
17 4 83
270 307 64
497 186 144
86 33 73
24 16 95
257 455 141
340 225 121
14 35 50
109 253 146
307 365 147
79 119 70
496 297 59
330 499 57
50 47 96
13 15 137
201 365 130
57 93 109
289 230 85
283 354 129
353 479 145
287 179 120
286 304 88
3 61 142
405 284 54
419 340 61
297 124 66
136 106 84
12 52 54
152 67 115
107 124 85
264 372 141
193 162 133
58 40 65
194 353 96
75 130 87
400 267 55
74 37 84
488 469 76
89 358 133
437 302 73
194 147 129
216 196 145
44 48 59
65 29 51
362 254 74
39 152 122
140 233 58
147 139 63
207 417 140
9 32 57
406 491 52
39 82 77
497 359 79
91 45 135
316 364 80
129 56 56
177 124 106
221 441 77
223 315 110
44 27 127
19 86 80
191 312 134
331 433 145
62 87 115
333 410 66
410 492 54
479 353 145
84 108 77
431 251 72
482 343 148
393 199 84
249 293 121
372 294 141
243 260 59
366 446 77
39 28 104
458 188 146
26 20 118
35 14 50
48 40 108
418 383 60
482 308 115
186 497 144
207 306 141
180 409 58
219 169 97
296 377 104
78 125 82
11 5 137
387 373 141
410 283 133
327 220 122
84 61 94
221 413 123
112 66 137
20 1 63
295 283 144
127 109 93
448 344 109
326 279 51
137 69 89
388 185 86
170 143 86
153 72 103
346 356 64
35 196 147
82 39 77
217 221 72
227 295 147
153 149 88
409 252 111
121 77 104
235 225 131
65 78 97
303 105 103
303 469 121
29 65 51
480 173 115
365 307 147
135 64 139
342 132 73
419 357 93
320 473 56
167 351 139
200 217 111
377 326 87
23 32 134
312 318 132
82 83 116
44 24 83
218 476 109
230 289 85
50 53 72
41 21 97
100 114 135
195 205 116
112 423 139
61 93 53
213 90 92
95 58 123
37 51 53
62 57 116
225 191 122
1 10 88
58 36 53
131 188 96
194 206 115
131 116 136
343 181 135
483 393 97
430 297 103
163 134 110
12 46 63
194 279 59
215 429 87
295 233 141
30 26 103
169 149 138
48 44 59
94 29 135
80 134 121
123 80 59
284 225 72
132 341 135
272 109 61
490 348 51
154 322 56
80 72 81
167 50 60
297 351 112
60 38 93
38 52 51
318 429 101
166 272 142
326 403 81
14 15 75
206 450 115
202 389 66
169 250 60
115 60 102
404 235 135
76 74 64
6 3 139
300 466 89
226 286 110
104 79 51
348 490 51
195 179 133
314 383 53
484 439 142
208 357 116
487 246 60
75 49 77
25 106 126
238 116 110
454 448 99
103 95 57
258 297 128
444 324 82
271 396 145
339 199 148
326 452 146
219 268 81
256 292 107
73 15 65
42 11 98
8 13 99
409 180 58
267 222 120
439 484 142
53 111 144
432 400 80
462 461 142
74 161 130
44 99 144
330 452 107
357 128 114
439 341 129
111 223 124
264 164 53
311 178 112
123 393 115
289 494 54
226 253 126
61 84 94
328 180 55
61 17 126
131 311 96
388 261 75
241 156 122
144 284 107
374 472 95
321 187 57
223 328 63
54 30 137
305 190 116
32 36 68
7 11 94
332 201 126
5 1 104
47 70 73
217 131 62
101 43 92
498 297 107
2 6 129
77 306 105
420 404 135
53 336 81
356 306 78
160 382 117
286 296 145
244 290 136
405 446 110
99 44 144
252 409 111
196 183 57
370 470 123
306 197 130
184 150 127
203 195 118
95 103 57
2 10 82
79 50 63
116 131 136
32 52 75
164 73 72
394 404 50
179 139 64
218 174 72
350 324 67
107 94 107
220 206 66
94 31 96
469 282 128
23 20 145
318 378 63
149 175 81
290 372 100
218 427 135
146 43 138
37 34 93
8 2 116
227 58 86
29 17 82
210 345 89
255 254 79
422 229 110
198 201 69
392 294 134
374 152 65
297 498 107
