100 1000 10
25 2 64 63 77 57 6 33 66 38
47 21 623260
14 82 93096
61 99 92227
21 8 771666
28 62 821083
25 7 388789
23 68 186352
67 42 23083
51 99 66589
27 15 431828
89 35 729215
50 22 803640
82 55 360767
15 56 186199
71 56 776485
7 81 488157
62 3 503920
71 92 95039
30 3 873288
60 40 703648
12 36 622313
75 62 480431
68 57 605724
23 95 307715
90 100 561693
78 98 2817
89 71 120541
37 72 443500
51 64 352956
18 93 102048
67 92 250527
44 35 114154
94 44 89144
32 48 549417
42 2 100462
99 14 994659
98 43 245002
71 22 257186
91 35 570254
61 89 617332
76 17 982683
3 68 425169
68 10 338809
17 95 895290
59 90 516992
12 44 807181
84 8 743811
63 28 264798
49 12 535628
79 61 29986
68 90 581822
5 21 125633
36 28 672166
81 19 240580
35 99 190910
43 69 72212
83 29 7332
58 45 222284
100 6 368730
90 16 73410
19 77 903875
61 100 712370
87 83 718084
27 56 284910
70 2 953389
12 15 285782
61 86 906146
65 40 439368
79 88 997973
89 51 655826
73 4 319686
6 43 406
36 31 197512
81 70 44969
45 24 693847
55 87 17065
100 39 759906
3 100 288471
49 98 518880
25 24 602126
96 72 994815
12 73 855808
55 14 242866
58 77 23650
32 34 860298
22 77 556168
1 34 610447
80 77 835078
58 37 75633
73 27 919995
13 14 489740
60 5 564376
92 41 413920
16 8 878165
25 63 109735
53 17 746791
63 47 858304
6 62 499185
69 7 198449
38 61 643299
17 51 495559
9 80 985105
15 96 493569
37 11 230688
55 80 248178
31 95 656104
49 53 949360
51 19 561474
92 6 649192
19 80 824752
28 44 169302
5 58 303846
20 80 669623
65 60 552175
63 57 87780
92 9 65990
90 40 381745
33 50 170957
21 85 337260
60 83 766638
5 80 59718
99 97 113257
33 3 176731
62 52 44772
35 80 162887
81 38 80511
47 97 178299
11 42 122078
82 90 421367
5 27 399786
94 62 31573
54 24 969009
72 34 300821
80 4 972641
43 61 430536
27 7 502366
89 7 87339
90 85 889527
43 9 536332
48 83 451323
72 23 369151
44 47 964063
17 19 29773
48 91 114450
34 77 875930
39 10 891654
61 92 534967
66 63 180420
94 27 391880
22 82 342481
5 78 357476
30 63 73521
57 34 700000
7 96 770415
88 64 514046
37 50 664324
56 13 768059
25 66 20215
43 22 891376
71 13 175415
75 98 815770
80 15 628810
29 100 179098
2 95 295206
51 67 70653
96 10 845263
19 57 818777
98 81 915337
8 74 521565
72 10 479737
78 61 636021
6 18 971997
10 33 145707
69 44 714262
2 15 204093
47 55 290606
49 4 194
1 20 688219
53 63 746314
16 93 241226
50 27 268833
45 14 62706
9 70 998163
61 2 234875
3 10 140398
85 90 202622
91 50 702746
7 44 369844
26 15 606016
50 91 197721
33 32 529348
32 46 106387
99 65 513294
51 22 420971
9 69 821453
84 20 787964
74 38 396275
51 95 391048
62 48 43817
79 43 607331
100 61 168639
17 22 819313
75 39 237791
32 25 329739
2 41 210342
10 80 608286
34 36 366366
42 33 196936
63 100 719774
89 49 516829
63 74 630889
11 72 787900
40 97 95045
95 12 785207
59 77 631127
41 5 613640
44 65 704090
68 56 89094
12 85 822007
52 69 317990
92 25 272473
87 25 583492
84 55 146201
94 37 11705
37 12 172738
49 18 439806
13 21 254879
60 56 610217
9 41 82814
41 56 79578
20 70 216326
66 57 347100
32 39 292764
72 80 809691
9 91 4180
96 99 537519
99 37 207153
11 51 543095
43 83 788090
7 9 840173
48 74 714205
77 51 281718
97 60 565627
47 42 232610
9 64 776786
27 93 87775
22 21 562699
64 9 930180
48 80 9916
9 3 287373
36 96 654688
40 87 286109
5 30 446269
95 58 54272
92 4 807700
83 66 537022
86 100 243995
69 89 958771
28 69 129223
58 6 680913
46 12 109781
41 62 131413
93 41 951656
43 66 406999
77 52 634660
37 95 630065
84 19 860213
20 88 715117
18 67 981451
37 73 232075
21 47 582704
36 97 440893
40 17 164504
10 41 49414
42 19 96204
21 88 53715
15 46 825832
47 19 870667
37 100 44086
31 77 651930
92 84 879558
95 86 45531
36 79 434446
18 78 511716
51 80 64367
48 37 54713
10 50 872508
26 98 613568
91 78 429114
65 26 88541
91 56 917353
86 47 353433
93 24 987030
79 19 99236
97 48 432622
37 49 540964
52 33 107118
41 43 87470
36 5 902843
69 20 122730
1 76 880511
69 93 505
8 68 981555
80 29 864615
26 44 458130
87 60 781637
12 82 910608
60 54 843242
24 92 227274
28 5 542261
4 81 446560
29 91 139327
57 83 680092
34 40 814909
94 8 112707
87 6 447123
37 26 642753
63 67 86651
38 99 295126
45 98 877183
11 59 932842
35 46 190691
46 67 668844
45 92 441523
18 15 784035
29 1 744177
62 43 600815
14 76 607555
66 4 586525
63 11 409959
79 40 62814
40 96 823429
68 17 29938
59 27 648363
31 50 775293
91 19 51754
92 30 785802
86 63 747805
57 24 626166
18 77 782851
57 74 532976
81 32 647996
1 21 210464
48 76 854875
90 84 230614
95 62 302221
25 13 606293
73 99 254693
8 44 731547
63 20 664504
44 39 617696
65 51 57588
26 53 523478
97 37 956767
94 41 353127
64 68 738295
12 78 657841
16 50 896173
64 22 759112
13 56 957323
26 50 865229
87 12 213805
8 7 914110
83 27 207383
29 87 946493
40 4 44543
100 48 890304
75 84 973390
76 11 398349
17 4 712183
24 99 202861
36 80 546723
82 53 113927
47 78 903373
41 61 581487
9 86 767219
35 81 237030
78 34 922270
97 76 272336
4 87 978411
68 93 453750
15 70 523439
42 34 347051
19 1 716270
14 91 249143
55 5 937330
99 47 701363
96 83 47231
46 51 8524
95 41 737107
44 31 411342
25 67 711169
93 22 61323
59 89 666331
69 62 309552
30 34 426897
41 4 655628
82 42 936760
71 70 515511
14 23 391755
1 95 931534
99 55 664284
48 6 177516
29 32 374209
67 78 962152
86 84 331780
41 1 842732
95 26 88346
71 12 635654
89 69 714650
71 55 388246
13 42 134343
44 95 108748
1 74 464341
26 31 585994
90 75 361800
32 14 575169
39 31 836431
91 83 420238
38 62 918789
39 69 806956
2 86 707119
11 79 121379
75 50 359957
26 81 531568
54 60 503914
26 94 526632
68 32 979879
57 38 355215
96 49 125285
84 77 746675
51 1 254477
74 49 162739
61 18 195248
21 17 576662
46 28 652691
71 46 402669
91 84 563528
8 86 928840
15 65 515267
17 81 155900
59 41 419162
60 63 161943
89 70 206327
30 78 999527
87 24 795797
5 98 731556
94 95 991103
66 27 235096
33 71 451514
80 47 652230
69 41 165202
80 84 3535
19 11 343206
3 35 923987
84 33 211799
30 68 123898
94 55 234089
13 18 704323
10 25 883961
80 2 850177
39 67 918700
15 17 523132
41 96 411710
78 82 64172
94 57 488890
70 79 119202
34 85 370262
99 15 865194
60 78 136776
86 25 943611
56 78 228630
56 43 551756
15 61 420324
31 72 419803
98 46 65671
20 95 102735
24 39 415841
76 12 480013
53 46 510403
95 77 493164
28 96 535878
91 36 786940
19 49 486359
22 72 426042
31 62 771286
56 50 266470
71 26 980071
40 88 140985
40 61 187939
82 81 59807
3 22 320583
8 84 774867
60 29 682922
25 68 453559
84 75 135591
16 57 649700
31 73 784043
46 56 64793
51 5 106763
81 93 158733
97 7 171952
27 10 942294
58 76 767026
43 76 464833
49 46 706227
3 60 296901
25 40 458028
54 63 668193
69 39 997539
28 38 974743
27 67 388073
56 72 377660
12 91 754218
65 68 16482
8 28 34147
55 33 106892
93 91 787610
74 66 742473
36 2 931439
14 45 406476
45 10 286402
95 66 876947
76 49 705539
40 73 760717
58 93 280497
71 34 434733
83 25 528337
83 91 893386
58 72 24204
14 57 957491
28 32 903451
100 5 56539
36 39 247362
17 92 550469
87 94 609970
37 99 786740
72 11 629109
28 91 751307
19 81 336475
76 46 507493
20 29 528573
60 13 954111
26 20 254445
26 82 136840
2 77 89489
42 21 181497
49 48 362539
81 73 679156
89 66 182693
48 16 333909
51 75 302906
58 78 923025
82 59 539825
29 90 244465
82 47 491167
62 99 218534
56 80 560847
76 84 14323
90 88 11594
96 36 136946
39 70 938950
87 97 461015
78 28 343508
81 63 75841
73 20 635196
70 22 755488
44 8 596232
58 47 908931
17 60 50832
13 6 137772
42 61 110835
1 70 918388
32 94 841279
92 47 205445
12 19 851570
91 99 415541
82 16 806951
46 60 783494
36 71 284801
18 29 694802
73 32 355027
89 5 116198
10 61 778282
26 86 174175
97 42 20992
83 17 874609
50 35 336930
89 42 991807
81 31 785586
54 44 508273
96 17 550847
17 72 902497
92 73 723435
4 97 21334
53 30 308538
2 80 646993
19 86 677709
67 70 613936
91 82 588301
13 52 602471
96 50 509738
92 42 161573
84 18 79864
35 97 69648
77 97 476495
52 84 57517
95 45 362210
59 31 600155
99 71 633314
45 77 677434
16 63 972248
56 53 343594
40 95 823829
24 89 626224
93 42 387788
83 18 681953
58 42 979420
13 96 49505
74 61 532547
35 95 592337
52 82 891558
94 29 164906
42 56 273849
86 24 170362
63 3 926566
60 97 536650
25 52 41445
39 25 678581
99 41 878143
86 95 905722
29 37 288511
40 86 527404
62 86 621101
28 83 708256
93 37 142358
29 3 656078
76 55 173035
14 61 328635
69 43 238230
1 51 869321
4 88 560369
73 53 24049
64 69 357678
56 38 225873
82 40 347234
38 46 582382
99 58 243569
74 65 876738
24 44 899027
44 50 511736
83 6 700116
61 75 801082
8 100 236175
63 54 264634
67 39 517784
38 22 447390
90 21 408109
48 75 931395
42 12 379192
67 8 968826
89 85 795019
17 34 713323
81 10 573771
55 11 542714
90 8 772278
40 30 920582
20 9 661353
50 28 428915
56 1 718414
75 80 547548
24 28 268359
18 3 332742
76 43 555108
11 64 387058
66 11 908283
70 39 874468
90 70 428826
50 85 911367
12 92 906594
13 54 179903
12 74 591462
35 39 779270
37 44 309221
34 47 748777
79 29 625770
45 46 104019
7 4 272624
100 69 135920
24 14 692853
75 4 929205
72 75 672997
10 15 649242
16 43 136801
66 98 293128
9 83 837816
26 97 331294
68 63 734553
30 32 455050
12 86 291570
73 17 179402
63 56 357760
13 31 824820
14 3 349757
46 97 831006
79 13 105255
31 64 656102
44 91 545992
60 9 221121
21 45 542057
45 97 223214
100 63 185230
19 35 71911
69 55 890455
68 83 734598
27 79 577600
68 73 513807
87 80 796589
31 17 389665
3 88 163286
85 25 607840
31 45 336213
63 51 687759
14 89 922721
82 37 88613
3 13 739462
93 96 710837
42 77 789758
92 91 541689
31 81 542839
81 64 94257
47 66 606732
54 11 478598
55 72 24430
21 28 313484
56 41 903679
16 81 684788
99 3 816361
84 66 750193
67 28 597733
41 24 949654
26 56 727146
58 12 301844
21 94 465326
93 4 482949
94 21 613534
59 23 149510
27 14 617502
51 7 887518
99 57 868317
8 80 790836
66 42 819095
92 58 705402
91 14 763280
29 31 36773
56 79 871481
97 44 447820
37 96 348079
82 20 238728
43 95 701862
59 6 336020
76 35 767519
84 90 61326
39 97 122486
74 64 649525
88 1 595288
83 59 242063
65 1 654398
16 46 71555
22 19 974739
98 79 159374
17 39 460075
15 85 225456
32 47 618400
23 33 993878
35 98 836969
98 8 995469
53 80 772681
27 62 855280
5 62 609568
32 63 243569
57 98 729717
72 48 702791
66 80 228594
76 79 532726
52 9 71901
6 9 410946
25 29 485148
60 72 897166
42 60 314669
28 37 805243
92 64 896025
22 30 790587
94 23 199976
58 100 315873
48 10 630455
18 87 118223
12 87 268781
21 87 859238
95 98 408534
67 29 375139
87 2 592247
15 89 993541
3 92 285802
24 45 353844
13 25 634169
42 49 878658
34 3 393465
66 17 583929
98 78 790376
93 14 125127
39 75 935592
93 48 783668
26 7 975427
41 46 304479
23 35 321425
44 16 497964
95 53 419425
96 79 664216
18 12 547228
9 54 115323
78 72 220858
23 86 638213
17 58 685818
67 34 263848
81 29 632430
11 98 77456
47 31 815590
26 66 223943
28 3 85550
63 43 615715
29 95 89475
55 39 536554
5 85 777678
22 37 450338
53 74 541301
34 33 955741
58 97 697756
10 30 169651
48 26 512248
7 98 277593
25 71 500841
79 90 146806
69 98 844663
30 49 848554
44 58 106923
19 48 619807
1 4 516864
86 67 339868
11 25 299958
36 26 726934
20 38 182403
77 24 221428
10 39 377181
44 34 71981
13 90 967765
99 2 432830
94 73 45942
43 99 18047
80 67 897471
91 57 864597
28 24 176520
77 14 295924
97 34 633238
63 31 189661
41 20 744229
69 6 32257
52 25 161658
95 13 961276
71 60 481045
92 12 760396
51 27 793155
22 71 566083
13 83 674553
46 21 578577
4 6 715966
75 5 262080
9 82 492798
77 29 255277
19 87 366263
40 7 184304
69 88 117948
63 79 568815
14 94 912021
16 69 478337
53 25 150795
45 57 417466
27 61 453236
8 70 911885
40 92 491199
89 88 197679
26 23 408021
13 5 101786
87 82 823172
56 84 908799
12 65 605995
82 49 558321
85 70 983834
38 55 589419
52 80 646552
57 28 752940
73 69 344766
26 80 717301
93 1 705873
26 59 613733
79 97 529016
59 17 455196
30 43 287732
28 21 479636
34 20 473170
23 20 643779
64 79 671378
83 5 61820
9 81 65223
2 35 41226
30 56 260415
76 70 209840
5 51 302748
87 11 575217
9 36 627555
64 3 757052
50 21 244684
98 10 604408
40 65 520844
2 83 757377
4 64 643732
75 15 318513
3 65 780094
39 35 395333
88 7 973536
25 89 510634
77 20 387706
51 59 433526
13 82 684179
68 75 783674
86 96 697906
63 2 264
26 45 998395
33 85 716789
40 45 208941
20 13 243270
90 79 480729
82 10 553347
29 89 339441
87 47 20379
55 66 110972
92 70 476602
11 76 500880
50 59 520358
42 46 952971
53 29 58245
58 57 829215
15 63 506956
35 29 995233
58 23 475449
96 93 76765
95 80 119741
97 45 141805
43 54 197531
55 44 890450
11 45 207795
46 20 720886
48 90 86975
83 7 944937
3 94 121662
52 1 54207
29 96 519417
33 78 119586
2 23 758729
6 20 343478
73 90 59685
94 81 107186
89 72 18329
87 52 250935
83 4 81595
14 9 37167
60 11 879630
9 63 575583
35 86 556707
24 85 202357
50 70 918726
97 12 798575
86 90 741403
100 43 850574
18 49 923543
40 77 940544
69 61 518393
90 33 653453
7 79 592936
59 34 709278
84 69 794206
76 19 828589
26 96 248884
30 98 578677
80 52 200760
87 93 657837
27 29 344543
67 46 437131
28 20 933226
83 100 815736
