10 90 10
10 9 4 8 6 3 7 1 5 2
4 2 760340
5 10 344252
7 1 509027
8 10 364319
5 6 672278
3 10 445359
10 4 468551
8 3 109993
7 4 339356
3 9 490509
6 2 722428
5 7 714576
7 10 546874
3 7 546444
1 8 797776
1 5 728815
1 9 146095
4 9 523165
6 10 809028
9 1 563791
7 6 661463
6 7 268741
5 8 381625
3 8 22175
5 9 339361
5 3 28732
2 1 684995
6 5 175283
10 6 297028
10 5 394283
10 3 253868
6 3 245876
2 8 316871
7 8 23274
4 5 115924
8 9 603816
10 1 500230
3 5 47413
2 4 953096
9 5 207197
1 6 789809
10 2 43450
2 3 721895
3 4 279961
6 1 47800
7 2 119838
5 4 709520
2 10 691810
8 5 470591
9 6 57143
10 9 523987
9 8 936337
1 10 293494
6 9 78626
2 6 383306
5 1 209764
4 1 772022
9 4 607237
2 7 910677
8 7 507114
9 3 275021
6 4 765560
9 2 291974
4 10 762248
4 8 477113
5 2 50204
4 3 33047
7 9 221915
10 8 315759
4 6 117796
3 6 352342
8 2 598240
1 2 399497
2 9 805635
4 7 134660
6 8 209172
2 5 610484
1 4 31332
9 10 328918
3 2 402133
1 3 352311
9 7 536084
7 3 989559
8 1 758629
7 5 277474
3 1 919450
10 7 26686
1 7 258382
8 6 783940
8 4 399645
