10 90 3
6 7 10
5 10 633850
10 3 970012
3 7 849925
7 1 31318
1 3 86306
3 10 863045
4 9 467754
2 5 844573
8 3 130433
6 9 25574
4 1 936379
7 10 448387
4 8 416266
7 5 385431
4 7 948040
1 7 421597
9 4 270114
3 4 113592
2 6 174520
1 8 97549
10 9 856204
5 6 475138
3 1 475426
3 2 783026
1 6 417815
9 5 439671
9 6 21039
4 3 480133
5 3 757765
9 7 885876
2 8 554897
5 4 988799
5 8 385258
8 6 147594
10 4 759912
10 6 330975
2 7 329666
4 5 775520
2 3 334399
4 6 136978
7 2 37490
1 4 195455
3 6 878618
10 8 564249
7 9 873029
9 3 840869
5 9 541525
8 2 850743
3 9 967566
8 4 950454
3 8 217922
8 1 132045
6 8 128474
6 3 1747
6 7 518244
10 1 789304
4 10 648047
2 1 579513
8 7 695662
5 2 905226
5 1 891195
10 7 317496
8 9 272744
6 5 733623
6 2 950756
1 9 212589
1 10 874699
4 2 351954
7 3 182040
7 6 552466
3 5 754631
2 9 231927
6 10 550393
10 2 146483
9 1 543252
8 5 407032
6 1 407074
7 8 938320
6 4 897480
8 10 475864
9 10 651983
2 4 562274
1 2 249852
9 8 907762
10 5 584997
1 5 475701
5 7 741572
2 10 372869
7 4 325130
9 2 719561
