10 90 5
2 1 6 4 5
2 7 161245
5 4 656546
3 1 708342
3 9 111218
2 4 259886
3 7 617308
5 1 56235
3 6 957406
9 4 177375
4 8 499278
6 1 479622
5 9 819081
3 8 57406
7 1 74374
5 2 522895
1 9 135609
2 1 908206
7 6 595945
10 1 381166
1 6 112361
9 3 282468
9 2 193259
8 1 445699
10 8 666856
5 3 31431
10 5 544511
10 9 28870
6 8 520108
8 5 259208
1 2 919130
8 2 564979
5 10 456073
7 10 176500
6 3 71863
2 9 670580
1 5 825218
6 10 748665
1 10 587277
4 7 5365
6 7 550295
1 4 445209
6 9 135086
7 9 190694
1 8 822112
7 3 962630
4 5 148336
6 5 807874
8 4 352163
1 3 605639
8 3 622562
6 4 509598
10 2 461980
10 3 892783
4 6 353091
4 3 697222
7 2 636178
9 5 712860
3 2 219245
9 8 185605
6 2 639513
4 9 273847
9 1 514270
5 8 538182
8 10 119027
2 5 612245
4 10 407876
7 5 685346
8 9 177345
3 5 307160
9 10 400301
10 4 347599
7 4 290178
2 8 855727
9 7 556616
4 1 947577
5 7 163063
9 6 601373
10 6 254564
8 6 368069
7 8 892080
2 3 707589
2 10 756752
3 10 810957
2 6 56822
8 7 496788
1 7 964690
4 2 755094
3 4 918272
5 6 600628
10 7 418495
