100 1000 50
37 41 98 75 71 45 62 29 94 66 47 76 69 16 78 88 86 42 21 99 60 81 80 74 36 50 73 82 48 91 84 5 85 44 4 39 67 26 95 92 25 24 33 96 8 11 2 54 49 22
46 23 172801
74 22 58836
70 71 344114
78 65 139058
16 13 979254
49 30 488019
85 16 355177
2 64 138118
20 42 924155
49 3 564875
45 12 263133
70 26 245870
76 35 181021
17 1 48612
10 2 628423
96 12 746849
7 4 589950
72 44 302806
13 6 336440
54 48 335507
72 45 60945
79 48 177334
19 12 772204
43 6 440112
93 6 99038
43 37 678343
48 94 373778
13 55 293076
67 17 686279
18 33 19263
41 99 758319
44 71 662321
41 51 831588
22 35 785368
100 57 463807
32 21 55127
34 69 26053
27 57 354693
26 8 843234
15 87 597876
8 23 252287
32 76 111090
70 98 434975
94 97 968400
59 3 65099
69 98 940179
98 61 709720
91 96 508429
67 74 502526
84 86 572192
31 90 832536
62 65 374815
24 26 412277
28 37 767652
98 89 943208
11 71 959159
87 51 653255
50 68 68106
67 99 5906
59 7 662437
9 67 103745
61 40 185582
55 62 618781
81 50 570404
56 43 913305
100 1 13709
38 90 59911
64 89 721166
18 12 162541
39 37 704200
7 86 190710
16 54 185311
49 39 56830
18 81 321470
50 90 284766
74 80 4491
54 10 274787
49 56 229079
55 12 226984
75 25 87214
39 50 205040
13 46 331637
43 90 69908
41 17 684521
63 44 231881
63 48 322283
56 38 692848
63 56 502220
68 4 407102
73 24 107910
2 1 907558
20 35 838888
88 47 553078
25 62 367417
2 91 892795
52 63 829089
51 41 300696
89 37 455004
72 96 242963
25 35 521311
83 26 100658
5 92 85902
85 54 662378
78 48 404610
76 80 990517
64 13 784482
75 29 380879
17 53 43741
96 52 835295
38 81 178222
98 54 8928
17 42 246465
21 32 58378
93 74 282098
34 18 517898
30 68 657553
6 16 400483
97 22 932078
87 38 908727
49 9 340182
52 66 276957
31 45 606126
34 61 846621
48 97 892038
93 56 945297
45 15 821962
39 20 909064
26 63 387515
41 60 894079
79 8 696539
12 16 112346
51 95 780475
23 83 447714
26 79 318146
59 32 312627
31 37 701332
32 97 516506
44 27 53018
69 91 218921
24 15 63274
66 32 566356
15 73 139244
19 92 622726
88 38 683805
51 49 364981
74 92 453414
44 53 332600
12 53 92349
17 16 440174
60 65 79949
38 72 584334
77 58 895399
43 61 830375
96 6 529783
100 99 370951
87 70 838088
43 60 409938
90 72 378365
36 33 648312
51 35 138493
27 6 476778
70 22 188900
52 54 835118
72 37 787910
31 63 847156
63 72 170792
100 68 444359
79 33 117273
34 93 285596
27 29 837625
74 78 131701
26 77 930536
16 65 536346
15 47 31999
94 90 999621
88 46 143721
28 81 899697
86 78 911938
68 28 225695
22 75 49911
95 81 149369
77 48 827490
86 91 485784
5 74 376145
52 49 175260
15 65 503327
74 8 245659
41 46 428699
21 79 633828
17 30 422517
64 58 392101
21 85 818724
70 90 944221
50 96 984707
58 71 18180
76 43 613968
7 51 45119
60 36 249073
39 41 66215
35 23 635227
68 11 694232
74 91 847232
11 2 236066
14 86 273716
57 5 264484
5 43 876979
85 29 834853
88 90 259994
97 17 93731
55 88 578622
69 22 453826
94 84 650334
1 66 856320
64 14 605754
90 9 505379
63 5 488634
29 2 151048
79 80 70753
94 22 681974
25 76 529535
44 1 605111
29 75 370288
68 71 894295
72 98 832917
4 43 544846
30 95 719647
59 85 209922
61 4 413724
14 74 801089
56 54 540150
26 52 555020
11 77 536247
50 47 501517
17 22 131207
63 29 59631
3 55 212061
99 7 791506
72 54 257892
58 50 517995
56 31 590066
72 73 889448
25 33 126726
50 54 322237
78 40 719887
8 28 981584
100 90 209122
94 78 825484
71 92 315166
85 42 509924
88 52 693248
43 33 678879
100 64 353749
21 27 252328
32 54 491043
45 47 406292
69 90 463390
7 61 955151
24 55 773631
2 43 998638
78 19 52598
99 59 714848
60 53 432453
71 56 10505
60 3 698278
98 52 758887
34 15 600891
64 76 888034
98 24 87257
2 92 8733
20 96 455167
89 100 435985
29 91 195566
3 99 13287
58 25 312651
5 44 208093
20 86 916683
58 21 255555
47 95 452861
7 68 976933
35 54 292375
70 47 974278
44 12 612724
90 22 418095
27 49 218289
100 16 711050
18 46 750462
65 75 808702
54 18 135797
45 61 906940
79 36 168160
46 56 542774
57 15 613857
73 3 984867
60 17 923933
60 33 116287
33 75 479643
25 68 18789
78 35 199305
94 55 372186
78 43 885056
52 90 13566
74 5 318033
28 61 435136
50 15 435556
64 98 732078
19 36 72392
60 49 475175
1 61 978276
40 51 113870
76 1 205912
44 76 825922
34 97 443903
16 61 842015
26 33 466847
60 98 89437
39 8 978454
71 17 492050
97 11 75261
52 27 414383
72 1 601659
58 23 667398
56 25 265496
21 29 166478
44 2 524757
18 89 56844
60 41 900397
62 1 981232
65 14 583979
70 4 707862
70 5 69083
83 22 523288
19 46 908823
34 23 738575
65 51 759407
9 63 835857
23 47 240144
51 64 919405
85 96 375438
98 22 963541
44 42 416567
58 57 905653
23 19 249843
73 68 113315
80 14 139423
25 3 926393
9 88 406233
58 85 340536
92 9 962795
14 96 337471
26 48 605822
59 70 912160
84 68 579122
65 30 132515
9 84 998667
13 17 276386
9 62 152053
5 21 252564
33 38 674702
4 38 749446
93 51 236641
50 19 343108
34 27 481513
71 60 36155
89 75 291185
82 24 918799
30 67 714670
72 93 624395
100 69 509419
93 40 552094
86 50 186398
70 68 975788
55 36 339618
26 95 468756
28 96 434447
54 90 260977
74 36 147891
73 72 612658
14 80 48757
46 41 75173
20 72 457243
32 14 288
12 28 203732
76 27 212736
95 29 556990
71 16 778660
14 13 479857
78 60 329806
61 20 327479
73 86 877574
4 6 962089
43 72 884474
85 39 495756
51 75 984615
70 11 523357
34 13 101212
42 10 736888
99 21 491196
43 40 151608
17 33 623687
50 94 302935
22 70 938682
64 12 995200
65 39 564536
95 26 348262
26 65 10892
18 35 775811
85 68 719450
98 79 726590
8 98 884064
38 24 56255
85 87 751373
84 31 497986
35 5 387350
70 94 61318
69 56 787713
19 56 509766
53 27 19555
69 23 717371
41 91 314599
21 88 510224
55 42 869563
48 15 6700
39 18 814393
37 56 627673
90 55 41606
99 91 303638
8 41 286990
36 65 367244
7 46 760608
51 63 5751
100 53 528022
61 76 320027
27 4 687132
23 100 771021
59 46 177059
23 39 708369
96 62 343123
9 51 606401
80 2 913144
11 74 572627
87 43 199796
35 46 28550
28 53 268202
47 12 936278
67 58 793276
84 63 600226
80 36 561260
93 71 502075
62 94 173150
12 73 230462
69 93 769856
52 92 110738
7 65 258936
5 15 88930
96 72 65042
4 100 431962
20 12 634137
93 69 468571
38 96 367072
25 36 424636
50 35 952002
64 69 280310
73 99 169215
12 85 534241
62 80 782057
77 45 348608
31 93 455895
1 2 86578
91 81 434814
21 56 302925
11 5 711182
74 9 964576
81 1 105931
50 88 668911
3 89 67086
86 55 273400
83 63 408008
6 99 305983
26 87 214499
40 81 175554
59 100 699810
59 42 393596
81 70 514592
92 50 565092
69 20 952011
100 71 383919
66 20 286163
65 29 665308
37 31 373461
30 8 254908
25 79 506111
22 44 448841
78 72 196007
59 87 399607
70 21 471123
25 75 343422
91 57 796659
48 82 67309
79 70 500765
30 22 267797
55 74 152623
58 75 430478
34 55 549467
90 11 216103
52 3 824151
39 88 24886
50 5 677406
2 79 259426
7 44 348900
69 26 250562
26 45 416654
34 38 450228
80 8 686803
21 20 711081
4 29 980638
41 56 847868
39 7 202112
66 81 240966
46 95 129487
61 85 515284
66 11 425392
33 80 372587
29 80 979887
31 51 462297
26 61 119429
21 30 360384
81 24 966974
85 31 706770
48 98 947205
39 16 609396
99 26 656690
12 89 299071
29 100 678215
91 43 591890
7 95 782223
63 19 540201
82 100 434120
9 98 202451
41 92 815073
52 72 673150
57 10 958982
49 85 956637
18 23 875660
28 90 520562
86 94 31822
16 60 527720
94 43 184516
23 89 833263
10 80 298822
86 81 779735
48 26 818970
50 3 482531
62 40 724042
92 64 469287
55 76 614842
9 26 838384
77 19 926020
76 97 524507
2 49 319083
88 27 328746
82 77 827687
4 36 309475
72 26 199514
59 66 35109
10 8 826707
95 7 114159
99 56 180450
96 21 608908
64 51 471533
31 18 794316
68 87 97370
3 95 600414
14 28 850580
12 95 980196
2 17 275353
67 34 946347
15 64 757439
70 2 28289
18 45 150225
5 22 331274
35 19 363987
99 68 114321
59 73 6057
78 59 928081
58 31 693678
2 50 205513
84 57 430253
46 100 101889
36 28 944368
50 18 296307
59 30 238525
63 58 402533
16 77 821548
31 82 727224
66 45 56395
95 23 922076
3 10 189843
30 29 221857
27 58 380693
82 63 982105
5 39 390000
76 15 269689
20 26 664791
80 50 673796
6 87 775179
67 93 138787
28 57 586960
49 95 46044
78 51 208068
76 46 374493
15 46 915697
67 46 421845
20 43 361058
64 8 581035
35 14 578467
10 14 498231
14 92 519289
54 74 684756
40 100 916875
48 43 128383
89 29 104852
60 7 789528
55 97 732238
87 76 908103
84 9 251387
53 43 844764
74 54 705099
67 30 572899
57 27 586667
51 9 479193
76 69 964004
86 7 388872
63 13 853695
14 41 982374
34 66 801565
62 71 296593
13 2 308753
39 55 944451
47 74 700081
50 60 52895
9 14 26715
61 81 950438
94 87 291597
81 68 33526
14 50 98524
71 76 557972
65 56 332174
22 65 297815
2 55 321593
17 69 737116
19 37 226054
51 89 501521
50 10 112225
16 70 985943
95 39 448751
80 31 663349
70 50 918665
57 36 9949
57 22 84742
26 35 683174
17 43 329633
76 93 626856
82 71 816779
5 88 841658
84 75 257662
58 24 714658
77 47 500381
65 22 429511
6 96 781168
1 28 897245
90 76 950700
3 9 323359
38 59 43393
45 90 763044
22 46 875616
84 85 65524
63 37 379066
71 57 283474
23 78 208760
51 22 842500
77 73 788455
94 72 133018
77 6 812376
97 68 771093
88 2 424183
90 25 695453
65 45 768164
2 83 613604
93 37 325225
99 74 482127
18 59 530032
39 26 437149
31 77 388298
52 46 175515
63 7 23070
32 51 379996
6 68 456726
23 48 216597
31 42 328092
66 24 126874
17 65 541550
81 20 13244
80 90 995158
11 78 289361
62 78 840956
27 59 717768
80 44 165405
86 57 888999
24 79 99088
25 92 110146
91 53 659606
62 99 998134
53 30 36605
75 54 310578
82 35 151033
61 32 825053
21 58 804751
5 47 383716
49 31 951890
61 67 589346
56 34 434276
97 21 648693
68 63 733555
74 18 599643
43 86 939788
5 28 882095
93 89 371241
11 85 815347
20 97 958924
59 12 913965
85 36 330033
48 6 329519
28 93 217108
58 91 237165
69 46 108074
70 67 795015
83 5 429366
18 86 105026
61 74 906983
8 15 742437
57 79 380721
67 37 346656
69 36 880839
83 24 466845
95 51 665595
18 67 230354
84 59 101078
70 49 915536
69 14 667002
85 93 343869
28 6 887443
55 94 224983
91 88 266100
7 94 889406
56 99 924181
81 44 867942
38 28 603172
54 60 28688
75 22 291541
22 83 600429
99 14 49944
99 29 459078
42 44 907720
47 46 903089
55 28 314820
23 96 663112
73 62 651133
11 14 554493
16 12 615111
42 76 789119
64 21 159200
25 61 594935
19 79 943130
51 77 250640
61 11 114988
62 6 569722
75 45 764314
85 81 39252
67 24 44299
24 68 607726
62 46 220845
71 27 776126
26 86 871006
64 100 185128
11 39 691893
83 56 197890
69 49 363167
67 45 797409
97 96 811582
24 83 643117
51 84 227716
40 55 347261
71 99 982520
13 88 63404
38 95 364860
53 88 323244
96 3 500265
95 88 379381
82 42 222935
18 76 479323
71 98 829926
41 63 838183
87 88 831052
94 34 781536
98 48 587759
34 43 976361
36 77 275480
64 39 22155
19 20 707496
72 18 830362
33 69 352994
61 22 806910
21 3 947028
39 5 591826
9 55 5051
51 57 8455
54 79 303676
32 38 463337
87 19 550290
94 83 864954
35 8 104627
83 58 52724
2 13 633485
83 30 944080
11 34 452352
89 21 323107
12 54 105168
45 71 585259
77 72 625783
28 91 608829
73 50 664921
69 80 701762
63 69 10566
9 56 104370
69 72 469919
93 64 166128
5 71 817775
8 13 590812
24 78 804343
95 40 118671
33 59 607779
57 100 206070
34 79 776883
30 63 878101
58 77 153949
98 62 87111
10 6 427040
29 24 304205
72 3 996853
89 38 656821
54 7 776221
92 24 392825
71 33 665168
54 42 495244
99 81 218582
27 71 700876
50 53 20139
16 67 249492
75 46 324744
37 62 657004
1 15 982087
29 57 351310
12 4 611459
45 59 215115
13 36 67522
96 51 415967
8 47 530752
16 8 1179
10 21 855472
24 99 994894
82 90 373797
13 77 73106
67 35 822089
75 91 118507
75 15 546947
57 95 510281
2 44 64510
48 74 74082
72 69 237542
10 16 131045
76 12 523061
60 86 110808
96 83 979704
71 95 365952
98 63 307354
59 22 713221
97 40 631016
63 62 304192
48 60 868896
40 32 441094
49 86 304841
44 81 316278
59 64 669278
86 82 77682
54 46 689589
29 48 262529
26 89 974930
41 14 487674
49 84 582118
70 15 815956
73 91 54732
73 55 61213
71 46 461535
8 34 633349
55 20 404765
44 70 735188
18 88 86962
87 69 428347
37 99 376322
78 15 480748
69 21 66363
62 55 982881
82 52 965141
77 16 942733
7 5 963333
1 70 397777
43 38 619242
96 92 801528
27 63 122799
20 84 206507
59 96 298889
89 47 812645
94 17 922568
38 32 117671
35 74 437844
100 21 518131
38 76 625925
70 34 989932
95 42 822716
16 23 319092
10 15 690664
12 92 612637
30 73 101779
56 72 815074
18 97 718255
83 25 311507
68 89 175093
35 62 323799
14 22 369115
14 95 315128
12 58 536839
69 81 50211
45 22 789486
83 43 793754
29 78 974098
40 99 372861
83 100 883001
12 70 2655
69 58 186324
99 57 924304
16 62 503938
65 33 945191
83 37 79332
46 37 546563
46 49 491103
86 2 224197
60 63 201694
56 86 486405
22 25 621464
14 3 678884
18 2 545367
35 18 193678
47 83 69832
55 24 370391
10 31 178715
38 99 334034
5 46 982325
26 12 24768
38 39 165166
18 30 534379
86 35 380065
40 6 326344
95 30 630212
71 94 396890
40 63 20785
59 6 204673
28 38 905162
63 75 8540
32 71 260923
3 73 290059
49 72 937344
92 40 439821
6 59 964120
42 7 225787
94 41 226119
96 87 32847
48 24 554548
71 49 199920
89 96 579682
75 96 624700
98 40 27897
98 9 756741
82 5 990057
46 32 918633
36 31 180488
82 22 497892
73 75 985585
97 43 145973
61 75 242994
53 51 426022
