100 1000 1
83
33 97 531426
100 81 316550
8 35 400772
66 6 304814
9 52 183714
6 76 288925
59 75 365882
39 30 931439
87 94 879383
68 22 95311
58 50 802489
89 14 350159
83 67 604194
62 85 501691
42 2 396563
92 63 394525
79 7 232381
23 57 626754
66 98 992314
17 67 900407
60 44 145489
68 9 304823
30 19 191326
48 8 98855
1 5 113060
96 46 632023
61 95 466496
74 6 11572
95 27 288448
74 38 754997
54 49 111972
10 100 481373
85 51 247711
30 3 382330
44 17 437157
36 16 257765
8 63 603508
22 70 39185
84 68 705266
16 81 578491
63 51 831469
81 27 566458
88 94 944186
41 89 418761
22 93 564556
5 16 832761
92 85 39003
34 95 457625
17 44 619290
39 91 727148
29 60 501595
87 83 187784
96 24 341436
79 50 569932
36 91 228321
17 98 87922
13 67 451899
37 28 947953
64 79 887107
98 19 483873
28 54 660341
69 9 900780
80 77 125897
72 11 898733
72 31 981629
85 43 560407
50 77 20061
14 92 22497
82 52 160127
84 78 643463
10 55 930138
5 46 829542
60 3 309754
41 60 65197
4 13 909890
1 78 199972
56 64 864085
44 10 329499
94 46 805449
31 39 335568
75 66 687415
45 69 664241
93 75 129386
72 22 375074
58 11 335349
40 93 20508
24 68 59473
4 16 314618
89 31 38908
4 75 743722
55 11 819637
78 86 324689
74 53 279439
45 83 480929
62 39 786433
92 50 600916
91 84 357133
2 13 692397
12 20 907578
66 40 537964
36 33 913495
61 87 782868
9 63 355909
2 98 138402
87 52 681878
38 78 107534
61 91 583134
93 28 945819
28 100 800629
5 28 668156
89 83 213430
15 42 813765
10 40 489955
66 38 759832
11 86 911398
77 45 16734
6 52 514517
80 26 893720
37 35 231636
90 50 612071
12 51 60548
4 74 957518
84 19 425039
53 100 14153
56 67 310901
100 59 455326
72 87 646754
44 33 308220
55 68 587511
83 29 720402
36 53 547590
100 4 759841
79 26 698069
72 33 48444
12 22 751838
81 44 790583
23 50 160329
14 70 609508
12 35 994670
100 57 552341
97 81 437933
12 4 261567
29 56 931359
81 75 500856
56 94 443692
22 41 57017
16 80 760140
6 73 517773
100 17 300247
42 41 416563
53 84 538109
61 83 818637
62 63 325178
17 13 486053
30 9 822100
22 28 149201
9 45 211636
21 16 787643
68 38 696988
46 8 999308
78 66 815543
33 27 820210
42 3 725712
71 93 189282
34 15 798855
32 1 789262
18 60 716227
54 33 83110
13 21 763949
30 45 826999
18 11 375600
38 61 278478
30 44 75863
27 65 713515
83 35 282872
65 79 489044
38 19 925050
86 60 746012
78 38 630618
94 11 985219
62 73 395027
27 24 876857
10 85 266305
12 15 633330
80 72 978031
77 99 928846
11 23 53212
67 58 956546
85 100 765782
19 95 311491
11 55 779843
78 93 461728
60 90 856266
62 17 937582
36 30 740002
53 87 179086
15 100 343068
87 2 136705
14 38 729707
14 47 470324
46 33 298796
58 33 307770
11 38 759263
94 25 546140
14 80 274803
94 42 503690
65 88 623936
28 50 370289
73 37 776745
8 88 837242
51 40 37471
28 34 327638
44 42 700462
19 23 546657
3 21 959538
47 21 813888
24 5 906903
95 94 630718
77 35 615952
4 65 253905
59 3 493352
30 71 959977
73 22 912102
62 31 10457
94 15 598914
81 35 241739
11 34 936488
78 49 119995
97 24 319268
15 92 315487
15 52 238188
60 42 184391
74 65 439261
46 68 443740
45 35 684268
92 22 927509
39 25 447778
82 67 46763
1 48 892287
20 73 534957
26 94 493417
51 76 265117
41 14 293434
53 16 828346
54 16 383333
12 55 611843
50 52 965831
93 89 968929
4 53 885521
93 61 515016
93 4 724393
9 38 747502
74 57 589487
10 6 118993
69 53 601842
24 88 438954
36 7 601025
85 26 600324
26 89 556271
7 64 83104
69 73 281171
76 4 30260
92 23 981743
73 8 763892
24 33 897847
10 68 744775
94 76 681890
54 63 94807
72 13 743834
49 89 908605
74 7 233855
26 35 723123
83 55 131746
60 79 474399
7 42 52847
55 65 347417
29 85 358462
1 26 832308
5 30 798715
36 92 595001
7 18 241209
98 42 850681
82 38 758192
15 95 310883
23 33 351078
67 83 758554
100 29 435784
65 70 188884
28 91 806325
56 69 622251
10 1 854110
96 51 384168
71 89 530217
2 10 197001
7 5 802129
35 2 533333
9 23 138174
42 8 318047
62 21 65723
79 40 127268
37 47 934837
56 77 622140
66 42 872665
69 22 605034
10 97 244926
33 9 288178
93 65 169101
9 28 251636
27 13 473076
20 12 679
5 86 574958
46 75 786972
28 13 486577
15 88 965699
78 8 232505
5 65 300645
6 18 105641
39 84 276745
93 90 100353
60 18 26416
83 76 639437
100 98 159104
49 93 283829
69 84 352302
9 2 513311
16 99 427354
15 78 139503
59 34 742014
2 81 203526
90 35 394587
88 73 53926
12 32 540031
31 25 52912
27 69 450490
57 94 264882
34 9 794
85 42 298187
66 30 306441
59 54 894310
19 48 905877
96 76 449545
39 38 661297
64 23 415212
13 36 587852
75 97 957363
57 88 472624
2 45 450007
60 84 995350
73 19 428020
87 50 102891
87 61 892297
32 61 568353
64 93 294573
37 89 731592
16 53 213770
37 92 750269
68 28 872670
73 40 332986
88 77 620185
69 79 862841
9 55 6663
77 28 540039
66 64 627733
60 17 538786
83 81 148314
32 68 514808
7 49 839772
56 50 880215
19 14 182307
57 7 496486
91 73 388543
18 5 970358
52 79 659338
13 96 591556
90 12 688358
23 70 614170
14 62 286451
20 82 707661
67 73 705241
50 42 214458
40 21 154845
30 6 305132
97 91 674761
19 68 861006
12 84 126855
89 20 120572
3 19 28785
87 99 596485
33 82 573042
59 26 384213
96 39 251809
46 83 879626
60 23 704901
12 63 719776
87 30 382086
91 12 486804
10 5 859378
22 84 643604
75 47 694452
26 52 710465
93 78 678829
31 60 873122
74 16 144985
82 19 54040
63 77 612805
20 59 121317
80 95 239134
3 84 410543
29 17 69439
82 65 275070
38 43 936134
26 58 803398
80 70 425522
79 16 460973
79 1 61041
54 26 229049
89 58 521309
89 91 339129
67 18 759198
54 75 109105
14 57 847971
21 61 922631
78 5 468316
43 21 246819
100 10 953260
82 83 880790
53 42 4051
26 70 244381
89 62 384786
82 41 562376
100 35 312844
58 65 133368
20 77 837769
39 46 876224
63 52 423744
76 27 689470
11 24 607126
89 96 503544
34 11 459432
65 35 809435
65 30 283725
66 97 748772
90 99 616730
56 41 140296
3 15 930665
10 26 24175
45 81 676200
68 30 646486
34 10 374338
80 9 370421
83 77 324638
68 74 278975
40 44 409330
37 49 244114
57 2 605145
42 18 75435
53 3 724765
86 78 324830
100 67 751137
26 49 940485
29 5 175733
82 97 292199
87 98 179204
26 37 239211
77 18 175378
27 76 620837
56 23 206408
63 66 647786
86 42 872019
28 2 55116
26 32 206140
47 74 250109
43 26 374196
3 6 920963
69 31 302127
77 82 698989
100 52 335076
39 85 548847
37 85 56793
89 80 390907
40 26 441706
57 61 573149
84 56 88592
99 61 765715
80 3 531555
88 86 726162
51 95 362332
80 87 492857
75 2 761496
77 25 164767
95 87 458070
73 72 382920
8 70 771341
50 56 231930
34 89 651641
57 85 782045
96 68 338833
88 49 51466
82 31 954654
12 80 812491
82 6 326120
11 93 587994
28 80 379914
59 4 532787
100 82 917855
74 49 569277
38 93 584165
6 50 222739
86 97 516987
61 90 391391
46 63 782523
12 41 922241
31 23 590727
83 93 630239
100 44 230225
10 77 86170
50 21 818547
96 19 510472
77 78 832663
96 2 953481
91 23 341259
52 72 82164
59 11 406066
3 22 182033
43 28 175186
26 36 140992
73 79 114396
19 11 71420
38 24 55655
3 49 981949
11 19 71730
65 95 903344
14 85 360033
48 64 483977
12 52 13227
47 55 82397
42 24 107840
54 39 809820
75 24 519692
76 74 447762
18 34 895933
34 76 354795
81 87 476992
3 77 21478
78 30 806864
71 88 519722
90 78 983924
94 23 857835
100 25 952245
7 98 169272
51 80 179548
46 27 406758
46 6 664694
67 70 940050
70 7 152172
86 81 800641
6 21 880958
47 75 837496
17 61 145664
18 10 803732
46 96 592441
33 44 499946
5 4 403249
92 65 688068
70 25 380975
39 96 81375
88 78 145345
57 41 178269
96 78 270906
75 88 306446
84 48 957863
17 38 141946
50 95 696428
3 86 925451
33 89 41540
94 53 8347
75 19 502457
100 79 829059
67 32 521085
76 22 96615
69 32 183038
14 41 533512
42 94 40283
83 36 896315
99 92 628109
28 24 251431
57 98 510494
53 97 458308
11 46 379727
85 88 900864
56 11 125719
32 35 748932
54 12 360254
93 49 226336
46 23 250471
41 39 564315
62 82 952396
38 20 611040
51 1 67115
47 23 376574
7 2 111166
96 87 817103
51 78 702344
72 29 929758
57 100 416175
83 4 92817
95 77 993465
50 67 239119
94 84 682626
21 11 329172
75 41 818214
13 9 949751
57 35 520734
81 41 875974
70 21 610440
9 72 249755
37 30 439313
22 42 688794
2 23 808073
27 31 530994
89 48 610386
28 58 192054
81 62 615158
82 66 161816
93 82 278636
45 41 848362
45 46 693807
1 57 889387
43 73 241481
37 62 92048
16 84 803080
86 76 496978
55 4 675301
2 35 418349
66 89 611799
91 31 96285
63 81 100865
32 93 799500
54 62 390026
83 31 619411
34 88 278314
24 66 696284
19 50 278919
96 56 508433
21 86 227650
76 53 270518
9 85 269322
54 8 648500
53 65 512193
13 54 393725
63 6 124659
35 19 280697
55 50 625740
82 30 84975
16 14 954277
60 20 397862
35 20 854126
68 69 476612
10 36 47344
83 47 480814
33 11 635049
48 78 902278
57 4 684756
70 53 441881
12 83 633627
36 44 481739
17 87 833218
32 65 358738
26 85 399091
95 34 319674
21 13 921365
52 66 182697
94 48 660840
19 81 269455
71 34 820314
92 98 754985
77 73 93784
62 71 793033
85 76 694903
54 45 352184
59 67 972682
99 32 945612
57 29 734863
7 79 159939
21 9 282863
44 18 144611
84 70 233266
72 92 200957
24 8 471737
45 62 426833
5 27 37102
12 5 894450
54 57 966633
13 27 541084
35 1 170258
52 12 102016
79 38 797701
83 37 18446
13 84 762681
75 67 763698
67 12 50960
29 97 785669
52 85 897140
92 19 233347
44 72 740150
48 16 48034
69 63 338944
8 54 140738
10 19 641264
76 7 488601
31 28 260210
43 99 302424
56 10 514745
56 28 457136
97 13 28783
79 12 916898
4 61 464566
44 1 785044
94 33 784213
3 69 418364
76 33 249207
15 97 677822
25 47 663890
93 31 241159
4 49 291837
32 40 77292
4 82 169216
2 27 347844
59 21 675266
79 59 617332
39 6 18652
70 100 70187
87 41 373498
77 8 494147
80 69 704945
6 72 976254
47 77 210728
50 85 601670
98 75 33091
37 33 133138
10 42 266283
13 7 63935
55 1 704035
33 42 221154
64 32 756022
6 67 792050
57 64 19063
82 33 921112
41 64 83390
87 60 625805
12 14 483701
14 6 755701
58 10 552251
90 33 885477
63 3 28399
19 87 414333
79 9 554199
77 63 437168
60 26 719552
76 92 155479
32 54 889830
48 27 571895
32 12 548525
6 1 285007
80 93 462398
93 84 46290
64 50 880717
29 20 234854
39 12 666834
91 89 440031
91 45 77945
99 67 953172
24 29 441843
48 23 442516
98 27 709842
98 69 688157
38 50 278609
50 7 860366
83 57 315529
31 6 877112
88 98 556058
87 65 148806
14 66 268974
37 29 129211
13 24 223033
74 88 638354
95 39 331322
17 36 101365
20 7 940283
12 64 428884
34 18 793024
86 2 981372
19 58 916918
86 40 536978
84 99 731284
71 74 679642
29 23 732461
10 48 327474
19 1 493376
52 35 598209
40 15 825823
14 50 261515
1 23 170019
91 28 548038
97 58 449342
6 31 558440
94 55 311633
10 62 573246
88 62 133731
40 24 825407
13 71 1340
57 22 186111
55 84 12501
61 60 361987
1 68 467377
78 54 273039
50 51 107621
81 4 317399
28 15 296319
42 78 434240
35 45 698218
77 44 423369
47 48 786644
94 8 179994
6 78 176555
7 90 308679
93 24 883996
98 85 227465
6 33 357637
89 18 539392
79 69 244806
98 52 45545
35 16 325093
26 31 44414
90 96 420069
31 53 588295
36 59 746933
59 63 657239
46 38 187537
71 96 484667
97 28 757806
65 20 321773
80 100 297159
41 46 379684
20 31 630526
24 58 770927
41 25 728065
75 12 79040
61 48 889496
15 73 104982
33 96 158418
84 46 422083
92 45 554207
12 26 904396
28 23 750675
40 74 471462
54 4 903756
6 24 78443
58 7 354932
10 37 316523
25 58 513508
43 65 763279
48 66 30456
94 64 282230
100 36 250345
56 89 256317
6 64 122869
28 86 454026
44 14 721802
45 49 912566
36 74 799342
59 39 721903
1 67 879164
86 31 761796
35 72 699641
43 5 852533
48 71 390744
21 26 202617
1 41 428466
12 49 159126
10 51 66359
60 97 119768
10 39 986218
42 62 623872
44 60 263350
99 27 749691
23 77 338034
48 11 83778
14 91 765288
19 53 479721
24 43 429178
70 61 139604
50 39 514464
10 22 656727
35 65 641276
44 57 175722
27 68 792568
57 93 326412
7 89 507380
35 97 926625
17 35 817672
12 61 736087
45 13 843290
55 24 504492
29 99 182060
56 79 294964
32 50 51087
38 14 443656
25 73 307539
82 20 308515
59 84 972589
78 45 183285
45 100 590470
19 24 34162
4 22 995430
20 19 837467
36 51 703719
12 39 940070
77 32 57872
4 40 730640
8 38 528498
22 62 862750
28 66 339319
23 45 595293
8 31 817986
53 41 169701
7 34 777258
93 94 481548
76 52 52539
83 79 98090
11 51 282258
40 84 823949
90 58 192905
58 42 598520
71 76 855184
24 2 889471
31 78 637781
5 9 386793
81 26 727798
92 73 190792
28 61 454479
51 27 620570
11 43 370662
62 92 102469
98 91 515623
57 19 204109
93 23 396012
97 92 645249
47 83 770662
77 38 21373
41 19 435966
62 79 223549
46 89 780442
93 83 380334
23 28 824735
63 40 323867
4 15 720540
100 61 836515
46 78 160099
70 82 953153
32 80 666683
76 39 767939
55 60 346815
5 55 148796
59 71 459462
92 34 900347
80 56 566445
15 27 903747
88 6 325160
42 67 49556
49 4 836736
1 100 936220
75 34 208335
65 13 218863
71 90 503297
57 74 494933
98 95 953309
1 32 845831
5 26 240231
74 48 937212
10 45 161676
11 69 183423
47 85 175067
35 70 220254
72 40 29741
98 15 437424
77 36 259267
59 12 970236
31 51 610611
100 46 796156
82 10 128765
59 100 755140
23 18 934813
14 53 612111
31 33 40043
34 68 415203
82 47 969254
88 10 575193
70 20 764933
14 78 156359
