101
331078693 1000000
858872200 1000000
74298063 1000000
241061157 1000000
821689626 1000000
944966249 1000000
503409811 1000000
662812754 1000000
742848343 1000000
85542653 1000000
309876915 1000000
156312878 1000000
207662544 1000000
304550789 1000000
231934302 1000000
905163261 1000000
150365630 1000000
499745020 1000000
343931500 1000000
366119380 1000000
583237320 1000000
825710974 1000000
82138441 1000000
764749597 1000000
718267920 1000000
833848905 1000000
210148138 1000000
90343378 1000000
331776651 1000000
503666133 1000000
959445950 1000000
281473416 1000000
1000000000 899999900
31039414 1000000
963963990 1000000
562903284 1000000
486408114 1000000
452380065 1000000
360125152 1000000
987448864 1000000
807165394 1000000
549913570 1000000
447767270 1000000
490524069 1000000
139912940 1000000
206258991 1000000
135789813 1000000
607222955 1000000
276055620 1000000
771610196 1000000
799197026 1000000
416903605 1000000
94222784 1000000
581304225 1000000
503245524 1000000
964405401 1000000
365703042 1000000
273325766 1000000
220764446 1000000
574567913 1000000
87564963 1000000
429851032 1000000
171136685 1000000
792089520 1000000
121208603 1000000
416017079 1000000
324813733 1000000
279299894 1000000
521644695 1000000
670941155 1000000
422986189 1000000
477743732 1000000
402622306 1000000
973996312 1000000
130142432 1000000
403447046 1000000
324095144 1000000
357198898 1000000
142306759 1000000
62567355 1000000
986579957 1000000
436313904 1000000
212599991 1000000
713945437 1000000
102355135 1000000
275842956 1000000
120809574 1000000
197750414 1000000
459710304 1000000
138655472 1000000
516434614 1000000
328512726 1000000
428087870 1000000
731135655 1000000
383264187 1000000
79408089 1000000
592239431 1000000
369620796 1000000
404703326 1000000
400286800 1000000
248085227 1000000
