101
592018946 999999
425662781 999999
391702614 999999
920851544 999999
517162754 999999
583683828 999999
494713788 999999
376949682 999999
920907083 999999
352154759 999999
559278486 999999
201476145 999999
198382752 999999
628007738 999999
134225003 999999
770198144 999999
726891992 999999
981047089 999999
109619124 999999
316665975 999999
519968056 999999
319042778 999999
873302032 999999
553898075 999999
663761633 999999
112408396 999999
597117508 999999
110242185 999999
747956282 999999
817805985 999999
588833373 999999
530608848 999999
276772744 999999
341102674 999999
854003933 999999
727982721 999999
240285739 999999
230329766 999999
647483774 999999
146716464 999999
760902690 999999
195957729 999999
263660899 999999
665113918 999999
349282800 999999
210377340 999999
253687605 999999
182399914 999999
998268728 999999
420946218 999999
568127152 999999
603351286 999999
729687090 999999
396527776 999999
958010927 999999
562792484 999999
74026777 999999
60708559 999999
582917607 999999
222725669 999999
874369098 999999
643649121 999999
224233979 999999
69818634 999999
167845009 999999
369763298 999999
121798776 999999
305610829 999999
342368491 999999
903637665 999999
439200472 999999
422947248 999999
906444385 999999
894303441 999999
911182725 999999
320292259 999999
709184823 999999
674995121 999999
113837458 999999
286626590 999999
91819302 999999
36312260 999999
861170127 999999
374883042 999999
528331455 999999
678495517 999999
319040278 999999
655656952 999999
562266776 999999
604638746 999999
335989189 999999
120876556 999999
618345694 999999
407930097 999999
1000000000 899999900
550419497 999999
16086635 999999
261895923 999999
53813480 999999
794154323 999999
744482284 999999
