100
477144704 1000000
554417813 1000000
65007693 1000000
513659268 1000000
379835599 1000000
44204319 1000000
543694522 1000000
490568847 1000000
839775542 1000000
144939911 1000000
500237983 1000000
926073634 1000000
320744274 1000000
142236263 1000000
879263490 1000000
940271378 1000000
748316791 1000000
455503130 1000000
865306551 1000000
245100372 1000000
37851964 1000000
143125190 1000000
57012976 1000000
382207619 1000000
356461541 1000000
563883431 1000000
801362693 1000000
472609402 1000000
66416865 1000000
1000000000 899999900
199544881 1000000
132970640 1000000
441670971 1000000
780488174 1000000
936585895 1000000
847521204 1000000
411070683 1000000
54109811 1000000
897741396 1000000
76800154 1000000
687143809 1000000
399918146 1000000
757084288 1000000
148552559 1000000
951741106 1000000
515413500 1000000
982719516 1000000
816084820 1000000
488963573 1000000
640418587 1000000
874807019 1000000
684186003 1000000
123008639 1000000
749601381 1000000
523536551 1000000
858825404 1000000
444543036 1000000
493200120 1000000
232133811 1000000
340851209 1000000
141059705 1000000
249624130 1000000
211433812 1000000
700622669 1000000
789426920 1000000
53407686 1000000
837080536 1000000
323562022 1000000
661963881 1000000
621623508 1000000
27402802 1000000
771263412 1000000
263781003 1000000
938239290 1000000
132962339 1000000
560624808 1000000
800857639 1000000
775063861 1000000
640748797 1000000
35799156 1000000
986097073 1000000
868087080 1000000
756661786 1000000
718588026 1000000
775276734 1000000
612435734 1000000
693686398 1000000
214850722 1000000
740883959 1000000
620330943 1000000
195601521 1000000
968145369 1000000
506568785 1000000
547752517 1000000
683440685 1000000
953533778 1000000
453488778 1000000
734902729 1000000
864123796 1000000
641964405 1000000
