101
591437774 1000001
92128878 1000001
540847883 1000001
975910371 1000001
778214814 1000001
520534706 1000001
782093747 1000001
936363222 1000001
560294841 1000001
238266036 1000001
726745991 1000001
400109700 1000001
470353746 1000001
834569742 1000001
234576494 1000001
589690757 1000001
172949977 1000001
383514832 1000001
313941883 1000001
190029937 1000001
573484179 1000001
224679055 1000001
435200959 1000001
938077828 1000001
456438870 1000001
741695923 1000001
963416773 1000001
586655389 1000001
246530474 1000001
899372130 1000001
589357714 1000001
676063622 1000001
837524157 1000001
11707858 1000001
808925432 1000001
912344322 1000001
835336349 1000001
842903669 1000001
591694392 1000001
825705874 1000001
191661356 1000001
296669936 1000001
322750164 1000001
242661318 1000001
831310846 1000001
484343667 1000001
32464684 1000001
52204184 1000001
950948971 1000001
425052517 1000001
41756641 1000001
224099507 1000001
342195221 1000001
452123738 1000001
614613394 1000001
754181084 1000001
191732764 1000001
166453114 1000001
209172344 1000001
466963156 1000001
255722024 1000001
213496650 1000001
574579118 1000001
920114558 1000001
609260162 1000001
959242200 1000001
243561186 1000001
182932123 1000001
426585698 1000001
354088080 1000001
456578090 1000001
611310279 1000001
277127171 1000001
278211464 1000001
902638243 1000001
229586549 1000001
367719455 1000001
287979513 1000001
953348041 1000001
282715147 1000001
181224721 1000001
860182481 1000001
157966871 1000001
904117076 1000001
538766761 1000001
1000000000 899999900
683640247 1000001
759716737 1000001
695979527 1000001
48713268 1000001
541281798 1000001
202593491 1000001
644735090 1000001
711287306 1000001
768868204 1000001
603643330 1000001
789358942 1000001
819300549 1000001
26240582 1000001
432747595 1000001
417935466 1000001
