101
86326702 1000000
573911616 1000000
268506961 1000000
684392092 1000000
791776469 1000000
534916930 1000000
497801140 1000000
262121658 1000000
886695966 1000000
609300111 1000000
300668862 1000000
151491709 1000000
187707566 1000000
610878296 1000000
734700977 1000000
260610923 1000000
399220350 1000000
768406234 1000000
694668325 1000000
923618544 1000000
341091114 1000000
283450225 1000000
646741494 1000000
532852606 1000000
966688236 1000000
33151624 1000000
831868165 1000000
630193746 1000000
669375231 1000000
923959390 1000000
67655732 1000000
509205845 1000000
527348391 1000000
41210344 1000000
1000000000 899999901
151549999 1000000
22526026 1000000
403312902 1000000
325342696 1000000
955363606 1000000
571449019 1000000
736808248 1000000
699520780 1000000
790107588 1000000
361496033 1000000
579665727 1000000
122255523 1000000
114186931 1000000
398509822 1000000
20166435 1000000
148862496 1000000
890854024 1000000
402440460 1000000
841611409 1000000
53493487 1000000
510713744 1000000
56449210 1000000
885381136 1000000
122780810 1000000
954775355 1000000
432843659 1000000
281396463 1000000
835746649 1000000
35310334 1000000
902880113 1000000
938691715 1000000
379682900 1000000
152008255 1000000
753799625 1000000
931434022 1000000
314147397 1000000
292411168 1000000
790333968 1000000
626733440 1000000
119853967 1000000
807675601 1000000
314784670 1000000
103054945 1000000
642789323 1000000
344167734 1000000
171816737 1000000
306057545 1000000
697528801 1000000
560104916 1000000
29630955 1000000
11128048 1000000
709214104 1000000
538037139 1000000
892878167 1000000
755918867 1000000
769123179 1000000
786336239 1000000
584476329 1000000
187979562 1000000
241825552 1000000
652559869 1000000
707090535 1000000
275631961 1000000
624829957 1000000
286064468 1000000
99673109 1000000
