102
532695606 1000000
681275165 1000000
115803059 1000000
947203519 1000000
956955781 1000000
392105659 1000000
934882454 1000000
946219408 1000000
507999843 1000000
409532948 1000000
1000000000 899999900
189774555 1000000
188824230 1000000
144927225 1000000
221551393 1000000
888470042 1000000
319476387 1000000
384022341 1000000
544666476 1000000
427706077 1000000
534999348 1000000
91852306 1000000
883288533 1000000
347441070 1000000
459540336 1000000
450622128 1000000
351883778 1000000
462139790 1000000
326699109 1000000
731915943 1000000
430237117 1000000
435258609 1000000
797210930 1000000
331817371 1000000
713568529 1000000
669499852 1000000
637570188 1000000
54537499 1000000
929443400 1000000
215414461 1000000
63926628 1000000
949818391 1000000
239620033 1000000
861682731 1000000
876890932 1000000
852659230 1000000
946326243 1000000
920652083 1000000
654951537 1000000
827444951 1000000
826420175 1000000
587330537 1000000
959222017 1000000
876364555 1000000
865850489 1000000
478220384 1000000
695358917 1000000
651085442 1000000
555972239 1000000
790753788 1000000
449643208 1000000
92600831 1000000
424666957 1000000
665593277 1000000
472430276 1000000
918308302 1000000
334486602 1000000
798424623 1000000
246095120 1000000
825427517 1000000
933486794 1000000
111455349 1000000
477021682 1000000
766515410 1000000
360166861 1000000
883804982 1000000
369593443 1000000
828176658 1000000
509843256 1000000
337249227 1000000
397976190 1000000
298695479 1000000
65914231 1000000
607505389 1000000
787398337 1000000
472550110 1000000
368285403 1000000
485056155 1000000
996565152 1000000
933576133 1000000
760686778 1000000
842595276 1000000
15913103 1000000
52394832 1000000
119145315 1000000
649858538 1000000
692808423 1000000
749547361 1000000
666142276 1000000
864652064 1000000
541208627 1000000
871925072 1000000
