101
996703431 1000000
114152092 1000000
928400883 1000000
177571934 1000000
375823293 1000000
630537909 1000000
522528623 1000000
894060499 1000000
800446188 1000000
1000000000 899999899
824849712 1000000
651291518 1000000
982631375 1000000
668266005 1000000
88286851 1000000
57906458 1000000
867018302 1000000
998727697 1000000
684041192 1000000
10091774 1000000
139188203 1000000
891742108 1000000
645466890 1000000
260740527 1000000
464994402 1000000
932036902 1000000
120548628 1000000
252251689 1000000
257233495 1000000
338613308 1000000
674120567 1000000
591414246 1000000
145513288 1000000
274469243 1000000
595056288 1000000
51966072 1000000
853466884 1000000
113989380 1000000
36459206 1000000
164731350 1000000
184234518 1000000
535734657 1000000
490663439 1000000
396501923 1000000
11472084 1000000
574584716 1000000
568657826 1000000
391140850 1000000
349667696 1000000
253891743 1000000
813524910 1000000
834607302 1000000
378352158 1000000
625569479 1000000
416411482 1000000
144760447 1000000
331207226 1000000
513903658 1000000
539017498 1000000
779177825 1000000
272269494 1000000
962492959 1000000
985123227 1000000
226176098 1000000
648763549 1000000
514733718 1000000
651175826 1000000
396368909 1000000
186934563 1000000
417075071 1000000
547633750 1000000
631128179 1000000
902346879 1000000
147374744 1000000
663171178 1000000
83552138 1000000
561451523 1000000
100364574 1000000
833043480 1000000
832943419 1000000
178924010 1000000
821890717 1000000
736862354 1000000
424168626 1000000
309119612 1000000
777303711 1000000
914785675 1000000
697973895 1000000
739532598 1000000
380141493 1000000
191253941 1000000
294402300 1000000
236293437 1000000
124298967 1000000
512001479 1000000
993884140 1000000
226717270 1000000
630954375 1000000
767118225 1000000
494753945 1000000
252319881 1000000
