4999 5000
1094 4586
262 4995
1608 4338
391 4729
1660 2456
710 2164
3392 4118
94 2859
1125 2219
575 1172
365 4725
1471 3412
1634 4573
1645 4589
2061 3999
134 552
392 1045
1130 4526
1676 4402
173 963
243 1249
882 4246
1803 3836
133 4514
820 4851
82 540
1094 4978
806 2021
18 4433
3709 3934
3318 4881
2392 4937
4293 4887
328 4396
2161 4390
440 4205
591 3968
1658 3448
520 4253
548 1889
794 1952
2229 4262
3991 4373
4062 4712
106 4964
992 1545
516 4950
3102 3729
3849 3894
2610 4957
68 4883
624 3938
233 463
1709 4805
686 4274
810 4447
980 4335
1687 4682
3398 4299
162 4302
1515 2288
26 568
553 4983
1509 4112
984 3794
65 4804
1017 4466
2330 3258
1164 4448
682 784
2117 4269
1737 3208
513 4566
906 4208
2383 3535
916 3197
3134 4642
1400 4775
220 3992
1317 4415
568 3729
305 3044
1432 1719
1534 2173
2732 3983
946 997
421 4610
2933 4563
2995 3869
315 1607
83 4924
1215 4066
2330 4955
4238 4616
122 4445
622 4520
1682 4691
2536 3706
1193 1466
610 4356
3237 4726
1501 2828
828 3196
1528 4732
58 4780
3370 3990
88 4863
174 4786
2202 3100
456 2228
2506 3916
181 3980
2188 4337
1470 4750
3654 4244
213 3045
386 4331
1249 3709
2101 4111
2127 2195
1349 4610
595 4272
244 4942
3227 4960
559 4289
335 2357
1187 3540
2120 4191
740 4899
494 4783
4660 4851
2417 4739
1667 4421
797 2620
1728 4184
591 4087
624 2446
169 4805
2937 4614
350 4473
351 3429
602 3269
1068 1656
304 4589
910 4436
1786 2215
2597 2944
1131 4452
1897 3964
2653 4837
1589 4918
715 3166
2483 4344
247 4617
3443 3468
1273 2875
1199 3657
58 4998
1883 3539
460 3794
1388 3518
123 3133
20 3780
103 4716
1575 4091
1890 2826
383 3793
1200 1343
1864 2777
1687 3558
1130 4915
2171 3702
36 4817
1475 2814
1222 4857
2091 3803
1870 2212
95 4168
742 3341
1890 1955
1164 2405
960 4044
123 3868
3 4962
1593 3946
1553 1878
1076 4873
762 4712
1365 3432
2665 4844
2245 4619
640 4924
1826 3334
256 4023
159 4964
3314 3671
147 4995
279 3657
980 4757
721 1868
254 3984
317 685
1512 4750
127 2729
2935 4953
1053 2697
1079 4532
186 4918
123 4228
455 3822
2622 4013
1552 3400
2688 3951
208 3892
113 4315
1327 3067
161 4868
146 3475
445 1877
1430 2468
2548 3022
362 4933
120 4148
374 1768
526 3786
2360 2656
113 4346
6 3748
2140 2816
2715 2815
1483 4005
2570 3139
619 4934
2454 3570
2495 3792
1181 4375
1970 3250
889 4789
494 3371
194 2299
2403 4246
348 3010
291 4431
17 4984
1189 3594
943 3714
1239 1380
2968 4576
2599 4037
690 1282
31 3270
1366 4953
276 4331
250 4976
1717 3627
3424 3686
1038 1517
3022 3808
1618 2598
242 2730
203 971
2212 4071
1488 2845
414 4927
239 4721
381 4846
574 3499
3946 4552
874 3440
182 2366
88 4277
134 4911
1893 2859
287 1308
1411 1888
72 4384
107 4453
3160 3962
3308 4698
31 4997
605 2279
850 4732
1545 3989
964 2662
104 350
1463 4338
2257 2562
2210 2960
3936 4634
283 4744
778 2153
367 3910
3657 4738
740 4290
768 4712
3336 3371
2771 4244
341 1562
136 2188
648 4751
89 4665
4427 4637
933 4976
2284 3050
39 4761
172 4385
650 4127
670 3431
39 4990
909 3974
227 3180
2001 3316
3592 4889
342 4438
28 4326
917 4636
52 1898
1924 4831
1609 2201
235 3616
332 4289
117 4429
615 3148
3083 3328
899 3974
416 4334
1314 3097
1582 3515
2397 4898
653 4782
1329 4569
958 4008
4042 4580
3080 4780
904 3806
1213 2852
958 2509
177 4544
21 4996
993 3560
718 4853
188 1209
688 4200
1410 1783
2423 3558
3969 4399
152 4773
2503 4375
1907 2349
1275 4018
3831 3963
3534 3569
829 2414
1614 4924
617 2363
1883 4692
654 3012
877 2894
2436 3468
3040 4180
2407 4988
509 4734
483 2090
4271 4714
1218 1249
922 3399
1631 4820
1661 4277
501 716
68 4987
887 3048
3348 4913
812 3882
1677 3591
68 4253
2054 4029
1100 4738
1993 4888
737 4712
2011 3646
2157 4377
2330 2968
1323 3297
848 3609
1864 3583
446 4465
370 4425
329 3114
395 3530
2858 4964
421 2293
364 4640
2692 3354
366 4326
273 4935
819 3390
2582 3174
210 4381
1261 2880
176 4286
1892 2513
102 4408
3613 4333
1386 3274
872 1783
823 2945
3811 4837
219 3606
110 4897
2088 4947
4571 4581
402 3696
2420 4857
911 4499
310 4024
831 1786
69 2498
924 1104
51 4986
2505 4910
592 838
776 2248
198 3397
1590 4728
40 4925
1082 4885
1905 4865
1643 2903
1374 4973
1627 3412
230 4444
757 3069
667 3487
528 3844
419 3988
319 4753
1011 2685
194 792
85 998
44 4973
4384 4564
2786 3554
142 4733
1401 1626
3616 4275
206 4215
1963 2954
1483 3887
1505 1727
2151 4826
441 4812
288 3327
742 4189
2763 4664
367 4629
1639 1840
1056 4730
444 4818
2786 3409
46 1392
1715 2140
238 3913
861 4115
71 4816
413 4974
513 4961
38 4910
122 4659
2299 4654
3127 4806
3406 3502
1527 1987
1775 4536
1948 4709
594 3381
415 4520
1684 4583
4204 4902
168 4267
2352 3831
3586 4284
2003 4905
945 3037
92 4952
31 4908
1124 3502
871 2451
1743 4967
2309 4111
419 1962
1034 3061
2690 3568
943 1744
1410 4297
3027 4276
20 3994
597 2271
1848 3963
2831 4051
155 3890
653 1879
214 4496
2773 4627
75 4480
804 4890
113 1650
184 4875
197 2769
823 3735
931 4495
391 2325
1617 3929
361 4675
2152 2296
78 4418
217 4127
1969 3046
322 4979
143 4793
564 3718
2923 4837
1181 3297
873 4034
372 2172
200 1464
1739 4463
1441 4873
3132 4996
999 4953
422 938
184 4817
1539 2486
2385 2558
4316 4857
119 4925
2227 4240
2676 2800
25 4249
75 3783
1883 2356
1204 1821
3401 4487
387 2209
1064 2959
2209 2825
1232 2330
1130 4393
367 4107
1739 4775
4049 4968
936 4930
547 1987
1185 2091
3701 4119
1309 1327
2328 4069
1440 4905
2711 4039
718 2883
195 1329
859 1680
1490 4744
1575 3396
91 4976
1690 3654
3234 3370
157 2454
467 2268
525 4411
1574 4101
218 3792
529 4519
881 3943
55 4663
1099 2926
2336 3962
1582 4698
3819 4999
383 900
875 3814
614 2289
1405 3253
278 4837
1543 2184
851 2483
503 4733
45 4926
392 4584
444 3457
2312 2946
2592 4620
103 4854
9 4353
1663 3189
186 1008
211 3085
8 3718
221 4989
59 4258
1793 2520
1900 2713
289 4992
1512 4589
272 2425
586 4174
466 4616
548 4515
1028 4207
971 4385
588 3801
1071 4973
152 2946
209 1970
425 4844
671 4529
437 3968
195 4733
486 3702
1471 2061
2273 3535
3120 3914
595 4727
3863 4049
1317 4619
1400 2736
4644 4826
2431 4064
1226 4735
2107 4267
864 4616
1206 3137
1619 4062
452 3807
250 1142
1820 4291
393 3718
2018 4927
965 3538
934 2058
969 4254
2973 4514
1363 4104
598 3153
2507 4568
1803 3858
1400 3032
538 3693
469 3613
3551 3769
495 3518
1291 3445
3739 3854
1133 4499
218 3522
1512 4762
1409 4599
587 3869
1251 4954
757 3472
1230 4364
124 3082
2792 4411
1433 2959
1943 3884
448 3958
945 4907
789 1368
3466 4088
1067 1948
3544 4923
2628 2921
1062 4075
892 2936
895 3940
1430 4085
1742 1999
150 4989
3787 4103
94 4829
19 4927
2652 3981
2916 2977
794 4049
1541 4678
2020 4558
321 4393
1247 4861
437 1951
2208 4684
4512 4849
1106 2060
1669 2241
2240 2544
284 4707
92 4917
2859 3150
20 4947
638 669
1799 3643
154 4156
193 4748
727 4834
390 4286
641 1190
2117 3464
2023 2715
1881 2547
3 3184
603 4945
1202 2915
77 4498
3318 3647
315 4057
1081 4551
331 4913
2621 3697
446 3986
1504 3666
1830 3682
1996 4453
3521 3842
242 2042
734 3894
583 3830
216 4518
2561 4419
3441 4299
1285 1771
1987 1991
3483 3888
580 1158
1239 3741
1201 3699
415 4733
1336 2123
86 4955
61 3419
687 4964
592 2994
1443 4739
236 2449
733 4557
2067 3917
2670 4542
995 1585
1359 1473
4001 4817
1016 4106
247 2946
3399 4790
605 2796
2235 2417
1182 4994
192 1315
2096 4613
1162 1727
169 1105
201 4946
976 4269
242 4745
15 3739
3230 4422
103 1884
276 3422
4583 4586
180 865
320 2534
4377 4817
83 3630
1813 3602
855 4968
1827 2941
195 601
1737 4074
1091 1896
332 4960
1749 3394
1362 4650
2415 2476
126 2979
94 4067
1934 3985
364 4818
850 4909
1383 4709
1048 3645
482 4087
2621 4945
4857 4923
9 3852
1 4999
3531 3759
442 4483
31 2054
1279 3938
23 4989
932 4822
972 4315
4449 4932
681 2008
1366 3654
2281 4920
139 4823
104 4757
2060 3861
2525 4992
40 3882
2639 3554
1020 4998
291 1822
2501 3377
11 4876
106 270
2314 3903
613 3070
3108 4802
1689 3957
2139 4831
2344 3470
1497 4951
8 4984
485 3905
2559 3000
1032 2832
1005 4509
624 1141
167 3009
764 4651
2300 2781
771 2115
123 4978
1862 3445
1771 2392
2320 3105
104 4111
236 4977
1447 4625
442 1674
1991 2727
2307 2620
1320 2541
1985 4137
69 4536
16 4916
3 4998
1409 4120
1605 3594
533 1592
10 4942
1306 2585
227 4894
2675 4498
2939 3421
872 4516
1450 3318
1625 4397
25 3826
131 4923
411 4101
867 4649
107 4918
2124 3856
1458 4737
2633 3724
2094 2499
210 2952
34 4993
4 1981
320 4834
484 1037
697 4901
2276 4938
368 4934
677 4232
2200 3609
2762 3087
1914 4892
23 4949
67 4790
802 4737
7 4379
992 4811
1310 3572
866 3103
462 4274
147 4883
1174 4778
761 1680
15 4170
268 3966
1711 2003
1643 4889
1611 1747
1474 1649
1114 2583
3682 3904
1380 3566
97 3804
1364 2510
4 4222
3078 3932
112 2608
1266 4203
972 4479
1210 3383
1692 4840
373 3312
1055 3312
2192 3281
726 4435
141 4040
628 4580
266 539
1659 4896
1494 4893
2809 4518
2085 4655
128 4341
761 3838
2885 3757
1629 4769
1049 3791
1800 4251
976 1448
2658 3064
51 4988
3302 4122
2434 3663
12 3455
2704 3800
919 4580
2260 3162
230 4509
1606 2994
3258 4690
3244 4623
1506 4163
2137 2721
995 3113
1574 2381
519 3774
2760 4753
3835 4211
310 3246
229 4752
99 4691
2394 2797
200 3151
1022 3278
123 4005
1527 2422
479 4989
1465 3826
35 4947
2111 4801
369 4915
3923 4396
3435 4836
81 4836
62 1878
182 4403
446 3168
13 4132
1979 3163
56 3609
913 4894
828 3946
341 3945
1122 3977
1893 2071
257 2985
3399 3803
5 4962
2782 4456
1409 4904
336 4298
198 1367
1965 4474
252 4683
1129 3057
1479 3950
307 3440
520 4275
4021 4749
899 2963
458 4840
3 4982
4502 4751
2813 4382
492 3966
221 4445
9 4569
261 4903
713 3922
1772 4186
865 4725
203 4586
386 1929
1504 2863
140 4838
65 4628
42 4494
29 4971
1287 1452
706 3375
565 3459
44 4854
154 4577
1858 3244
599 4401
1104 4893
2228 3506
145 3968
139 2198
74 4996
1094 1199
1557 3226
3654 4855
2158 4170
600 4183
1695 3969
2776 3845
604 3362
1417 2444
291 3860
97 4816
689 4869
1104 2443
1634 2532
333 3097
2291 3310
634 4042
1644 4090
202 916
2048 3145
2766 3484
2984 4055
1486 2430
980 3114
2314 4793
3961 4917
1307 2392
472 1524
1754 4943
630 3715
3282 4397
674 3005
79 4227
3738 4240
1834 2954
410 2719
1241 1879
2154 4557
4678 4742
2077 3822
1298 1581
1082 4313
1506 3876
236 2684
2378 4793
372 4056
607 3763
304 4872
248 4071
61 4671
1362 1716
83 4975
646 4730
932 4485
1949 4514
54 2003
1231 4619
30 4905
2992 4689
969 4043
115 3585
3933 4567
1116 4865
332 4224
2195 2569
114 4587
3325 3509
188 4921
1580 4001
97 4775
212 1269
2049 3229
1135 1936
108 4347
3513 4043
1561 2721
2419 3486
2556 2825
585 4933
2372 4699
2092 4860
3422 4849
522 1846
654 1304
715 3626
1919 4181
1259 2648
413 4631
2362 2966
1940 3805
747 3840
1148 4824
314 4710
21 4410
1987 3235
4444 4649
18 4598
594 3979
3208 4644
1250 1664
109 3177
5 4997
1979 3926
670 4868
1062 4234
1813 2870
4777 4943
3343 4888
61 2817
190 4856
38 3830
176 4350
1639 4637
272 4895
293 4905
1174 4857
166 2691
579 3577
2648 3807
2108 3346
1005 4922
1434 3690
1058 3411
2092 4257
1002 3876
2 4999
17 4975
278 662
2252 4633
354 4297
1034 2634
648 3505
3053 3895
2 4526
948 3125
2 4269
1704 3509
2922 3184
747 4163
60 4806
915 4282
2551 2593
642 1954
117 4545
1388 4705
109 4869
380 3826
816 4902
4317 4625
4166 4386
1920 2563
1586 2554
1139 3543
55 2451
852 4893
1279 3958
3005 4838
1 4917
2647 2812
372 1790
1154 4103
2240 4265
583 3676
1091 3553
1925 2671
1303 4971
384 1022
142 1037
1086 4032
3501 4503
2406 4659
2249 2294
501 1598
1263 4275
193 4663
1512 3830
2860 4079
4 4997
1232 2456
4385 4423
201 4280
164 2392
2814 4385
1416 3664
370 3052
1549 4616
779 4090
1527 4591
1571 2388
860 3882
2113 4935
616 3496
2067 3177
725 3674
115 4761
16 4825
237 327
1330 4680
260 3156
30 4987
570 4863
721 3562
396 3844
984 2794
3511 4227
3015 4554
34 3822
47 4819
214 4948
2595 3085
112 4759
1394 2791
1821 4845
3002 3532
2532 4814
3974 4231
1014 4547
524 4881
519 782
1820 3267
169 4106
18 4232
501 2238
537 2317
741 2793
315 4057
94 3334
215 4871
1339 2081
761 4571
927 1921
1132 2893
2769 4989
278 547
1347 4823
500 2092
1779 4972
2826 4376
3021 3374
2154 3309
2765 2799
761 3741
160 3421
1786 4550
978 1501
1148 4289
547 4329
265 4649
1278 4133
238 4760
1420 4957
1797 4529
647 3630
1429 4519
160 4456
1903 1918
1544 3040
438 3970
1182 2544
2343 3177
166 2030
2031 2728
101 4875
1941 2808
2422 4898
55 4236
692 4870
2169 4623
2806 4262
1894 3774
1184 4681
1641 4879
58 4932
211 3924
982 3567
3530 4474
1701 2701
682 3934
2162 2391
1595 1667
115 4973
829 1932
587 3615
2420 2956
3402 4659
1999 2896
2240 4735
2585 3051
3704 3858
282 4897
2807 4721
122 4626
245 3373
400 3992
1239 2785
745 2634
174 3215
1091 3905
4134 4708
944 1274
1444 4512
113 4757
118 3968
976 2111
1074 4744
3320 4535
49 3397
1045 4298
581 3360
55 4028
4445 4757
1919 3668
332 4605
1623 4958
993 3164
30 4952
1311 1489
169 4861
242 4694
1531 3702
1460 3620
2678 4908
597 1906
1666 1728
542 3641
596 4808
1846 4888
2946 4325
1 4998
2718 4634
563 3619
3269 4624
294 4701
171 4764
32 4954
975 2292
3638 4645
713 3399
2552 4163
1533 4955
1822 4971
176 4645
2105 3950
3749 4362
1709 4805
613 4345
260 4988
953 4517
367 3666
256 4432
1904 3034
200 4584
4280 4509
1423 4555
1012 4226
672 3427
639 1039
1122 4450
743 1364
1096 4054
1850 4207
488 3130
1113 4720
1002 4754
3263 4393
2103 3663
231 4897
2858 4672
1168 1735
2216 2870
2908 3081
1751 1869
177 4650
794 2905
82 4937
1397 2801
738 2064
1761 4151
2148 3769
1271 1327
1120 4767
1485 4800
38 4951
1512 4231
2282 4488
2243 3637
258 4972
932 3441
92 4791
3064 3789
931 3258
729 4633
2423 3798
567 4283
1568 4491
23 4897
3358 4672
691 3079
2807 3481
2018 4288
1300 4795
751 1269
84 4949
337 3268
1998 4587
45 4539
3457 3992
1275 2572
2656 3185
4304 4374
224 3888
3737 4795
402 4918
425 973
1472 4999
372 1655
193 4779
527 4116
92 1462
451 4562
616 4543
77 4367
17 4778
111 4259
736 4443
726 4791
25 4270
1622 4699
1523 4187
543 3415
2930 4775
686 1288
476 4729
2627 3474
82 327
52 4969
219 4560
1899 2825
1295 3605
2484 3831
103 3037
971 3076
1478 3211
733 4637
157 4941
3168 4544
910 3506
32 4892
302 4974
3774 4732
2346 3313
1742 4484
1871 4423
2877 4699
2834 3578
1165 1687
1600 3392
81 4756
1485 3506
205 4548
496 2732
742 1036
2960 4205
887 2362
933 4968
630 1884
2331 4544
464 4552
4166 4898
1561 2841
301 3711
843 4060
355 4800
125 4945
348 577
390 3441
195 3569
2138 3803
793 4630
1517 2004
1232 1739
1509 3375
2542 4230
157 4979
21 4849
2042 4330
1965 2937
487 1148
1744 4742
1080 4888
3244 3523
1408 4393
659 1484
1272 3206
3468 4306
4290 4921
1040 2247
272 4310
1971 2116
2183 4536
1361 4770
899 4352
320 4822
529 3861
377 4655
2831 4883
170 3658
2543 3642
318 3345
2952 3325
926 3713
1254 2508
37 4937
1 4998
1894 3867
881 2969
81 4851
1425 3573
2006 3862
1 4994
137 1133
1724 3147
902 1200
1121 3926
928 3732
3058 4411
565 1919
2184 2935
1778 2684
1916 3492
165 4375
302 4578
2410 4041
4356 4839
1001 4309
2647 3550
1036 2287
336 605
82 4853
129 4925
196 4332
1468 4883
426 4176
61 4955
1777 4482
1818 4780
790 4977
982 4402
1061 1283
1650 2264
296 3872
339 2575
1155 4764
443 1025
2668 4432
80 4614
1893 4404
43 4521
1492 4526
1510 4044
1632 4103
411 2964
786 3763
4065 4883
66 4158
2021 3872
1748 3876
2109 3843
1652 4347
511 4711
687 1446
279 4416
3457 4094
1131 3603
3045 3840
181 4553
3606 4793
694 3642
3378 3881
1167 4947
524 1123
2012 4044
1168 3701
270 1901
119 4754
2064 3544
29 4970
2937 3149
112 4762
194 4960
633 3815
445 4934
289 4915
28 4959
619 3867
105 3529
1680 4759
1474 3003
2866 2933
89 1487
2292 4702
2396 2457
340 1535
1547 4965
2511 4358
1128 4939
1695 3450
2181 4046
1933 4505
3365 4895
4504 4919
755 1110
2445 4265
615 2910
391 4539
847 3400
3530 3625
2461 3805
1788 3555
1065 2066
1823 4763
745 3750
1300 2374
1032 4294
704 4777
83 4671
1309 3680
57 4915
3749 4493
1286 3420
24 4016
222 4923
1521 4476
939 4434
1438 3433
997 1571
355 2753
963 1002
1702 4162
366 3128
1286 4853
2376 4002
806 984
410 4760
285 2338
469 4441
780 2663
909 3540
475 4797
723 4485
2235 4628
31 4948
727 3871
1128 4454
1720 3762
70 4723
1897 4064
143 3721
1223 1272
527 818
1719 3568
2162 4737
558 3959
3112 4485
2334 2407
3327 4680
1068 3026
1457 3235
196 4978
774 3649
610 3720
1368 3332
2570 2804
522 4764
387 4815
313 4927
206 4970
2154 4570
4106 4531
135 2413
1712 2927
291 4987
1056 4835
950 3915
1974 4687
9 3369
437 4945
925 3610
2724 4569
227 3135
29 3205
277 4934
60 4959
1830 3717
66 3891
148 3290
1111 1628
705 3157
143 501
1065 1651
1625 3307
17 4310
729 4155
371 4998
528 3365
1417 4747
4650 4670
262 4721
4174 4237
884 4241
1 4070
1442 4668
2993 4378
846 3431
989 1217
143 4578
23 4744
517 4370
11 4820
2940 4110
2639 3426
2761 4094
3536 3795
63 4987
4205 4863
147 4986
536 840
1114 3541
3195 4806
1363 1660
2546 3419
16 4893
599 3085
1879 4409
1970 3185
1424 2394
39 4989
1529 4206
421 4975
670 3186
79 4351
216 4825
2168 4348
1757 4634
448 1980
614 4351
202 3915
706 4992
1587 4676
3930 4151
1404 2975
692 3938
2002 2688
2794 3729
2635 2891
1168 2612
677 3579
40 4658
2617 4658
1466 2947
874 2989
903 1456
1471 3394
2863 4002
3665 4813
168 3339
365 4802
82 3955
1207 4265
574 3370
2914 4159
57 2299
3922 4585
839 3086
1727 3992
238 4998
2613 3899
1293 3934
268 4180
434 4992
2995 4239
1663 3421
908 4150
1455 3820
496 4796
479 3850
519 3942
1026 4790
268 4013
873 2913
1714 3677
2110 2869
101 4898
2241 3890
2247 3167
1078 3594
1125 2491
112 3480
2661 4149
37 4833
293 4796
755 3424
890 3396
2892 4965
315 4759
500 2798
2180 4259
299 3232
96 4717
281 4972
530 3352
960 4324
128 3434
504 4819
4316 4577
1463 3623
52 4540
994 2781
1595 4219
157 4885
1356 4387
3218 4325
2661 4342
275 4879
63 4446
2910 3943
50 3746
1909 3754
331 4675
7 2297
2665 4450
2705 4401
2278 3817
2859 4739
210 4956
665 1642
234 4195
2143 4920
2599 4921
1151 4742
498 2586
1663 2161
1892 1949
178 4362
3127 3822
2064 2169
1993 4017
628 4940
864 4830
364 4901
14 4948
646 3017
867 3633
622 4875
156 3918
1363 3734
2196 4612
2191 4083
1608 3316
1216 3869
114 3901
76 3454
200 4709
542 1152
472 3237
75 3044
109 3945
1050 4754
1359 3907
108 4147
2131 2919
208 4372
2382 4990
26 4953
532 2506
336 4054
2797 3826
1996 3973
3035 3833
825 3020
56 4947
2571 4912
2656 3733
2590 2835
973 3019
1012 4901
590 1308
215 4269
93 3900
3360 3868
1354 3588
1214 4886
486 3616
780 2854
466 4550
3220 3556
1948 4232
213 4392
1054 1888
457 3065
331 4979
658 4981
1571 2755
1512 3871
47 1670
1504 2595
439 3039
194 4622
1003 3187
158 4873
322 4034
129 4646
1490 1700
541 1613
2298 3290
3479 4978
903 4823
319 3214
1462 1582
3859 4564
295 2742
1545 2344
1653 4383
11 1463
1755 1964
117 3134
1407 2492
684 3109
3991 4818
2596 3134
97 4620
373 3266
268 2518
1686 1900
747 4222
422 4843
446 4312
797 4682
352 4774
1510 4812
1623 3642
768 4454
3010 4949
2216 3261
2279 4648
2145 3269
2112 3977
3542 4452
2720 3117
257 626
705 1500
3819 4976
586 4591
841 4686
1304 1634
14 4936
3508 4189
1048 2676
554 3672
2136 4392
2123 4650
1838 2565
285 4345
712 3409
669 2390
3216 3937
591 3155
1171 4550
3883 4345
237 4775
1078 3838
3568 3887
3998 4347
2134 4843
443 1786
1187 4707
1971 4266
85 4952
1166 4797
225 2143
381 2437
1045 3863
389 3248
1390 3271
74 843
37 3799
2952 3501
440 2523
856 4070
3220 4984
1055 3900
1671 3531
1843 3717
2317 2555
3220 4592
1503 3909
246 4959
3633 3637
2390 2561
432 4202
3751 4001
1795 4623
4 4951
1952 3556
2070 2267
912 4480
2348 2969
564 2478
18 3784
2141 4799
241 3681
2804 3469
1649 4774
1769 4803
2399 3218
1886 2955
1919 2880
1635 2910
1787 2061
1075 4351
3407 4728
137 2934
1197 3110
562 1613
1380 4860
381 3934
24 4949
808 3597
196 3523
650 4460
965 3242
101 3734
357 2607
1758 3154
1840 2167
149 1930
4933 4954
917 4871
316 4363
667 2468
231 4919
361 1931
2464 3219
1756 4528
986 4459
497 4722
2412 4625
654 1840
1874 4032
3336 4834
1154 4175
1593 4136
790 2317
1944 2180
297 3451
2170 4470
2226 3525
994 2825
80 3323
1 4961
977 2356
1388 2510
247 3869
2212 4942
393 4388
3079 4868
879 4397
7 4971
109 3749
244 4670
1806 2607
1287 3168
502 2140
1455 1995
474 1459
3528 4796
1807 3255
658 4844
179 4967
1067 3539
1031 1350
2243 2874
1280 1479
48 4383
1213 3744
2675 3325
217 4967
178 807
28 4186
3392 3470
989 4673
1020 1694
114 2717
162 4543
1252 2738
2432 4446
245 2339
286 333
1454 3071
294 4931
57 4725
1977 4202
2418 4797
212 3846
751 4742
513 4782
300 4471
1505 4027
2196 3995
1380 2390
78 559
209 2636
219 4903
1471 4479
525 4763
1313 4354
831 4965
1320 3708
75 4996
588 995
1639 3829
27 4744
3675 4746
120 3996
349 2145
711 3498
932 1130
108 4878
172 2346
606 4503
198 4422
1960 1963
2174 3848
531 4609
2555 4972
57 3958
481 1547
472 4784
641 2111
2787 4803
785 1768
919 2959
1200 4030
282 4935
1408 3406
3215 4423
698 4238
2240 2996
2793 4805
958 4537
1285 3636
1820 3009
1276 3221
972 4942
1536 3720
2835 4851
198 405
2612 3093
866 3396
680 2600
725 4048
1078 4539
920 3921
190 3774
471 1446
1246 4791
180 4479
246 4983
2079 4837
878 4303
512 4757
1344 4904
142 3613
825 4382
393 4937
585 3984
328 4212
10 4863
1107 4983
555 1308
734 1898
61 1334
2065 4780
59 4986
1034 3492
1626 4305
600 1392
1563 4922
130 2366
948 4934
2724 3312
1477 3217
495 4450
3538 3734
1856 3984
1295 4603
114 3984
3969 4280
812 869
1380 1947
83 4956
461 3829
673 3490
2033 4535
1134 2923
994 1559
13 4158
4769 4855
51 741
746 1636
1232 1437
1284 3219
165 4378
1225 4682
107 4878
3200 4247
1190 3145
3801 4489
2024 4156
13 3334
446 3399
2799 3369
2846 3097
2293 3513
579 2636
593 2487
151 3988
4736 4872
30 4927
201 1363
3632 3927
90 4886
855 4041
947 1286
817 3077
856 1894
318 1461
735 3313
1713 3486
3471 4112
3317 4005
53 3744
2473 3185
559 4473
949 4953
867 3775
491 4245
918 4195
871 4964
1276 4773
132 4420
869 3403
1756 4983
2145 3374
3080 4143
1858 4843
12 4967
2560 4626
65 2470
124 4896
1865 4538
303 2220
1893 4217
410 3034
33 4783
2596 4542
45 4995
578 4500
239 3654
591 1026
218 4594
142 4468
312 2402
2857 3969
44 4955
2302 3257
3619 3960
2865 4551
3070 4812
305 3818
3673 3697
90 2568
1217 4985
966 3308
3038 3385
1747 1883
3384 3619
309 4644
1851 2005
829 3239
1113 2162
167 4102
84 1315
1939 2679
2557 4641
2079 2890
821 4827
2527 2797
508 4697
1296 4993
146 4447
337 3477
702 4800
1429 2676
1730 2530
2689 3209
1621 4409
4135 4499
2437 3894
3475 4881
126 4907
1526 1869
3050 3255
544 4646
1481 3579
2916 3017
181 3529
1581 3120
766 4990
11 2039
13 4983
38 4758
318 3476
495 1993
1396 2198
329 2068
464 1689
1379 4030
2218 4900
1102 2558
185 3583
870 4584
1342 4701
1609 2036
2754 4941
159 4538
739 4848
2339 4683
264 3590
342 3941
2787 4712
479 4147
324 4551
3535 3926
427 3346
1 4367
1838 4407
734 4900
1374 4952
48 4953
2331 2961
2242 4066
1012 1034
229 3304
852 3700
515 4684
2047 4328
956 3892
478 2323
631 2568
351 2847
38 3422
2473 4625
844 2086
3662 4783
3329 4705
182 4785
483 4789
381 4183
150 598
918 4812
1382 4170
17 4999
2728 4018
2259 3782
1469 4808
450 4112
1284 2850
1056 3472
961 1965
321 1636
451 2202
176 3471
237 4667
87 1075
1107 3138
595 3001
1115 2209
367 4050
964 3175
2860 4643
1834 3953
865 4804
2415 4161
215 4963
343 1360
422 4694
3471 4772
1652 4850
307 4576
857 4979
1033 1683
625 4632
762 4772
2680 3280
834 3504
482 2926
2616 4109
3738 3852
2535 4731
1263 4559
1014 4957
850 4782
2718 4079
1543 4258
370 4633
2133 2600
949 3210
1487 3497
1806 4968
3418 3425
1686 2441
649 4924
678 1391
2381 4899
14 4988
928 1179
334 2627
99 3865
855 3815
695 1738
771 3988
19 4998
975 4253
203 4787
1027 4733
328 3845
3693 3914
1385 4963
368 764
246 2339
207 2444
532 3894
1120 3846
2071 2709
407 4863
1105 3724
194 1220
1041 2300
2652 4962
105 3823
1497 4435
422 4587
321 4602
1388 3757
1036 4746
4521 4528
147 3487
3879 4873
713 4179
15 4926
3040 3464
679 4178
380 723
2620 4820
682 4317
782 4932
1563 2614
2909 3726
945 2979
1068 1454
26 4834
2685 4869
1287 4690
2909 3225
39 4572
338 3858
99 4502
157 1372
816 4263
2583 3630
3001 3117
240 786
81 4823
598 2916
580 4906
245 2703
1158 2170
1399 4791
2562 4939
2154 3298
661 4862
2718 3160
1482 4546
2618 3439
1334 1827
165 4766
838 1353
1758 4920
2999 4941
870 1115
955 2114
1504 4035
2666 3580
2293 4035
338 1005
51 4988
304 1758
813 4300
788 3993
1044 4925
987 2086
1263 2947
660 4490
32 3336
2206 3548
3861 4414
1656 1756
1957 3476
1371 4053
89 4593
1510 3669
2680 2829
325 4049
173 3894
958 1644
452 4584
395 3969
119 4990
280 1741
498 4923
1692 2983
1312 4761
602 1906
305 2989
1089 3919
3712 4607
1318 4049
473 3595
1816 3498
2948 4669
843 1387
1394 4239
1040 4869
136 4830
3480 4992
1408 4973
47 4106
655 3122
219 4840
148 4736
373 4908
439 1517
2486 4018
26 4903
1572 1754
2102 2104
206 4343
1384 1697
382 3182
42 3808
39 4990
61 3547
1722 3165
563 4364
667 2463
1327 1742
1056 4803
522 4850
3720 4617
367 4989
57 4763
1674 2759
284 4465
121 4946
4374 4447
966 4918
2440 2596
280 4508
47 3855
697 1998
148 3230
380 2637
244 3995
2167 4242
454 4924
334 2308
1499 4852
4031 4096
1308 3137
616 4919
1005 4182
372 4028
2305 4068
1299 3304
524 4584
3268 4533
291 4138
4410 4798
312 4108
285 1609
625 4887
272 3958
1888 3332
40 4632
2638 4713
2773 3503
651 3939
244 4216
1893 4384
1945 2492
188 3564
1163 2314
1825 3449
608 4824
1999 2809
588 4833
1533 4268
3433 3449
396 4411
1203 2271
378 4499
2077 2611
642 4338
1974 2266
1547 4048
1203 4485
2455 3691
2320 3587
2746 2782
597 1512
2153 4317
2624 3695
1251 4536
3763 4423
3392 4179
540 3904
2120 4890
3117 3640
167 4401
211 4737
1341 4668
919 4470
1097 4508
320 4887
2201 3192
309 2948
629 4065
209 974
1462 3457
836 899
128 3922
3331 4416
195 676
215 4737
195 4679
410 2738
1832 3438
301 4948
801 4998
182 3274
2154 2701
1957 3397
1176 3503
195 4944
2112 3240
814 3542
1098 4425
129 543
2104 4637
4559 4647
889 4949
4207 4610
265 4280
426 3846
3198 4575
1191 4865
169 4133
4019 4072
131 4962
2399 2408
225 2408
353 3861
468 4984
57 4552
229 3817
827 4777
1391 2744
186 1970
1495 2874
970 3932
94 4220
721 4160
263 4640
801 4926
44 1578
1860 4987
285 1906
1863 4007
289 4606
1732 2972
791 1903
2968 4557
50 1529
722 4513
3981 4474
3397 3832
320 4093
2088 2722
3462 4226
1568 4209
619 4312
582 4336
13 4992
3655 4114
2228 4776
321 4712
4464 4732
303 2897
742 1465
253 4741
961 3794
731 3505
297 4756
1425 4924
416 4959
2210 2945
3866 4121
1207 2074
1560 4882
831 2107
1497 3795
359 1669
2242 4704
163 3688
284 4584
1840 4064
2255 4365
1877 2714
804 1346
1541 4737
1161 2910
499 4050
3067 4926
1253 2170
14 3874
232 4905
16 4991
830 4914
1253 3759
281 4486
700 3239
2033 2125
1002 2220
739 3738
1337 4950
1215 1619
2064 4117
2065 4134
1095 4845
71 4806
161 3773
337 4404
2422 4304
467 4824
1226 2123
1457 4656
84 4126
781 4679
554 4095
205 4253
2773 3265
486 1726
478 4529
71 3502
1030 1196
1142 4057
2118 4106
88 514
937 4674
820 4325
1317 4569
1747 3409
1496 4851
143 4299
397 3141
1236 3982
1930 3859
1073 4319
3945 4404
27 4986
1738 3447
1048 4965
1924 4124
18 4821
594 2692
124 4091
101 4151
13 4985
256 4462
407 4252
3005 3568
927 4346
924 3439
1135 3227
1404 4695
4334 4813
912 3015
3431 3648
1859 4659
1709 4154
882 1563
1724 4915
1576 2581
52 4860
11 4719
40 1813
1585 2070
941 3932
1462 4021
1306 4933
392 4676
2435 4731
609 3792
28 4786
1128 3682
2803 2907
828 4819
1545 4373
15 4717
2104 3946
192 4832
3424 3575
1111 4017
1502 3223
58 4640
32 4688
136 3833
800 1665
2594 4222
193 3227
42 4978
2567 3064
1461 4075
532 4782
3040 3688
1445 3685
4600 4602
1419 4039
44 4963
3019 3054
1275 2096
9 3439
1042 4840
4659 4756
1263 1768
19 4773
501 3930
1013 4620
697 3999
2034 2399
981 2949
2645 4569
155 3734
1072 4383
3094 4954
675 4396
2888 3567
79 3808
1075 3686
1014 4188
1838 2639
1921 2238
1288 2820
4 1888
1249 3123
974 3138
136 4892
569 874
12 4745
143 3366
1083 3172
308 4674
3788 4829
681 3199
1150 2521
3376 4385
1091 3143
1381 4940
20 2548
3416 3516
27 4990
1138 3742
1194 4093
73 4908
131 2238
1144 3617
342 1990
4849 4904
1793 2654
1742 1972
485 4611
187 4399
1359 2514
2441 2981
187 4503
583 1577
147 1448
932 3206
1739 3717
44 4335
1801 3540
2655 4669
325 3009
2507 3178
399 4760
1793 3035
967 1356
4053 4151
1578 4887
80 4942
1875 2535
2950 4704
1242 2238
810 2299
1451 2692
269 974
57 4939
2233 2438
364 3235
2467 4870
3136 4755
119 4893
616 3904
42 1597
150 4968
1755 4381
3049 3435
71 4179
1301 4870
605 1836
1746 4323
749 2846
1986 4736
2527 4993
85 4924
2281 2335
946 4619
1596 4829
3001 3190
2179 2581
19 4797
354 753
3078 4134
871 4424
249 3957
228 4955
1148 3916
2243 4220
387 4997
3961 4139
1333 4173
24 4875
2873 3628
173 4757
682 2098
2010 2434
618 1740
476 1312
2781 4304
5 2681
741 838
7 4991
357 2579
455 1023
1379 4286
744 4814
556 2951
934 1430
3382 4040
188 2948
339 3333
1370 2251
393 4993
597 3910
325 4808
1026 3735
652 4835
2910 4480
3434 4359
2638 4618
1847 4261
362 3576
44 3712
1157 4596
1725 3431
291 3426
733 4360
409 4945
11 4993
1122 1232
2495 3670
1952 4414
1411 4237
2851 3435
398 4175
331 2158
598 3793
17 3222
844 4797
2504 4638
4117 4404
599 4907
332 4183
4249 4755
947 4963
381 704
1066 3620
929 2495
1102 3214
665 3534
291 4175
913 3223
468 1072
1284 1373
161 3656
64 4815
933 2968
195 4404
755 3478
19 4925
1810 2930
296 4619
810 2265
629 3955
5 4894
2496 3257
362 1531
2508 4042
1804 3513
51 4967
3781 4075
1919 4243
565 4583
556 3016
1564 4825
419 2537
1192 4523
25 868
173 4861
2523 3353
2049 3909
1722 4788
1030 2886
1022 1670
549 4386
3507 4551
193 2371
531 4759
863 4787
1073 4381
133 4728
2225 3682
2680 2699
369 4836
474 4220
2872 4041
1831 4475
254 4917
1587 4841
2 4963
662 3012
323 3349
68 2379
3659 4886
436 947
394 4999
8 4231
2729 3673
272 3064
119 2549
1303 4066
399 4739
989 2806
264 4912
457 2916
768 3688
1227 4851
18 2662
2260 3408
308 4922
288 1073
2190 3453
437 3598
602 2452
1318 3682
461 4985
678 1431
1193 2267
941 2796
3077 4538
3318 4739
1148 4671
2800 4990
678 3213
397 4908
2783 2813
432 4582
979 4018
754 4994
153 4711
107 4931
592 4857
290 4819
1035 1785
155 3185
3567 4960
988 1835
365 3202
482 4902
181 2554
421 430
700 4628
1256 4628
316 2708
952 3054
467 4448
80 4880
777 1188
2058 2775
3157 4844
1874 3220
1498 3650
2579 4459
1588 4039
104 1448
2279 4173
3637 3805
34 4886
49 4380
887 2197
244 1086
2092 4370
163 2122
1095 3544
1468 3718
1631 4855
1048 3926
477 4221
2105 4346
230 3324
3736 4792
2515 4972
1135 1659
1124 3412
2583 3856
293 2953
1808 3611
106 4608
479 3534
191 4977
2606 4528
2036 4953
819 2590
2732 4905
284 4869
404 3069
216 1656
522 4288
501 3818
211 2714
2334 4911
999 1424
748 3567
93 4404
1970 4783
874 4207
343 3813
2909 4801
3494 4256
2576 3074
918 3073
1014 2739
733 3441
410 4950
1514 2455
155 4684
29 4173
987 4607
2061 4384
1342 2907
271 3810
4200 4480
866 3357
1668 4040
931 4227
670 3070
82 1807
2841 3833
1413 2387
3614 4433
2004 2865
20 963
515 869
2508 3136
615 4094
85 3959
191 4840
1382 3909
367 2711
719 4178
337 3877
1396 3712
1426 1455
1323 1740
1058 4844
1200 4986
752 2551
1202 4755
1275 3237
2770 3474
787 3639
428 4928
1299 2631
2210 4744
29 4739
1601 3446
259 4766
1161 4700
225 2815
4 3445
806 1787
1055 4778
196 4742
74 4952
632 4819
1360 4663
230 1058
790 3462
260 4552
539 4868
1483 4928
1516 4589
139 1104
2781 4851
1108 4757
570 3093
2860 4329
1825 3492
1641 3721
3556 4533
2241 4927
1634 4625
606 4903
245 4855
373 4973
211 4858
254 3941
1445 3426
501 2687
52 4983
1468 2332
407 3639
659 3818
516 614
501 3374
1934 2083
2844 4035
710 2333
967 1500
3993 4775
2057 2473
33 4963
808 2573
1008 3978
1038 3594
2246 4798
2210 2661
2365 4692
904 3558
59 4969
764 4529
866 3313
1984 2168
492 3607
690 1102
1981 2096
3357 3695
1860 1917
100 1098
4616 4905
290 4413
2298 4930
338 4490
2624 4477
999 4278
1993 2185
1449 2639
3818 4005
3056 4105
1459 4466
2937 3123
3740 4506
879 4391
1599 3616
135 4922
99 4998
119 3967
535 3857
2231 3990
534 3822
815 3495
505 4833
1963 3542
3524 4138
519 4180
308 2120
968 4808
23 2795
2917 4268
470 3829
1863 3639
1204 4255
1199 4971
760 4601
3085 3904
220 2749
2071 4454
560 4947
1054 3535
3451 4148
110 4500
499 4824
899 4142
131 4938
55 4339
2711 4240
912 4204
1198 3535
433 4977
241 4727
124 4956
2510 3415
653 2471
1193 2740
1856 4995
566 4688
8 4978
3013 4842
2371 3745
222 1636
173 4981
1298 2381
2110 4687
269 1855
1268 2468
2256 3446
333 4208
1097 4901
841 3768
3999 4942
658 3890
737 2489
801 3920
1783 4809
217 4852
368 4721
2219 4091
766 3268
1800 4390
5 4496
1779 4820
1602 4738
496 3594
2762 4774
1684 3835
1844 2510
882 3499
3864 4619
2791 2921
3513 4973
21 4942
1181 4677
566 4953
1582 2539
3246 4917
1818 4363
2046 3447
1314 3802
1853 2602
1969 4386
1437 4130
346 3559
652 4925
549 3843
528 4062
3156 3483
1424 4838
1330 4682
1192 3370
8 4268
1162 4597
1035 2954
2840 2858
290 4642
2283 3255
360 3343
1530 4624
3405 4333
1549 2065
1133 4566
1749 4247
637 4234
1741 4737
841 1832
3627 3757
573 2462
403 4584
1331 4145
1005 2010
134 3491
2196 2938
2652 2776
102 3825
4280 4780
1923 2889
473 4822
21 4772
1264 2595
3560 3679
92 4858
972 4054
848 4869
257 4470
327 4486
240 4180
342 4651
900 4985
604 1655
117 3755
232 4731
228 4472
552 2908
1746 4564
1871 3109
2085 3238
639 1443
227 2109
218 1957
110 4192
922 4614
596 4164
295 3377
220 3821
935 4987
1816 3227
907 4664
1340 4982
1028 2622
166 4539
984 4191
559 2319
1864 3679
24 4408
1042 3574
440 4369
199 3942
1369 3743
1205 4563
1 4997
2338 3838
1169 2593
2098 4991
1711 4661
342 4594
439 3684
777 2885
948 4001
151 3486
180 956
995 2961
603 3530
2126 3767
2274 4990
1759 3496
17 3738
412 4449
485 2956
1983 2908
809 4368
4151 4718
1454 2287
529 2865
2635 2709
234 1720
2657 4103
152 4855
3374 4132
3612 3678
1832 4876
1330 2669
266 1695
707 3558
2702 3943
3655 4341
3137 4274
1525 4169
5 4826
372 4294
433 3512
1740 4047
2285 3744
1768 2728
56 635
2557 3056
254 4191
148 3547
1781 3344
268 1040
3594 4457
2603 4829
2647 2947
373 4535
1971 3633
512 4812
1111 4787
2030 3956
642 3989
129 4147
962 3258
435 3761
2508 3617
18 4860
369 1992
4232 4287
406 1565
3683 4076
2683 4947
3516 3742
208 3923
267 1162
1194 3330
662 2028
1162 4674
489 2748
40 4728
750 2779
2593 3655
811 3564
264 954
416 2205
4757 4948
310 4421
2935 4076
1198 2227
209 4932
24 4969
202 3572
18 3692
10 3893
873 4490
530 4924
2912 4236
334 1040
330 4619
592 3359
530 4770
1017 2785
4639 4698
1188 4327
1817 3727
1030 1186
1058 4769
2790 2882
395 4797
263 4545
1788 3931
1377 1984
922 4859
1822 4354
180 4480
2033 2930
261 1136
83 1122
717 2796
1332 4135
1225 2447
544 3874
549 3230
2435 4323
884 3512
1910 4487
113 1544
4809 4907
3748 4407
330 4969
130 939
598 4407
2692 3117
540 2991
257 4605
1338 1711
248 2133
1304 4975
785 1106
2298 3870
1717 3792
470 4822
78 4797
1233 2000
13 3466
225 4379
223 4169
1107 4823
3142 4913
2986 4977
121 4789
480 4212
4543 4747
11 4879
102 4544
427 4724
593 3145
1122 4962
803 4503
266 2586
619 3745
1114 4317
3077 3394
539 4127
1828 4630
1862 3727
1845 4282
136 2745
125 1763
1057 3135
317 4460
316 4974
58 4249
163 3504
591 4124
894 4342
793 4758
2081 3482
324 4999
3047 3947
2091 4735
99 3704
771 4788
3846 4499
1101 2529
169 419
2573 4467
1734 1799
3491 4238
618 2636
314 4681
2042 3948
1244 4683
3291 4087
621 2692
344 1574
256 4486
13 4939
3320 3345
688 4896
2047 4143
159 4871
1456 1823
499 4755
926 4289
883 1176
2356 3752
1168 4933
295 4936
1480 3681
649 3905
2650 4770
86 2552
4250 4602
885 3472
649 3388
1345 3371
321 3116
1051 2021
1391 3004
512 4977
256 4617
723 4421
543 4079
273 451
21 4508
520 3064
2963 4299
1497 3495
1392 4542
25 4843
317 4082
17 4880
185 4570
944 3863
612 3137
443 2665
1885 4593
127 4176
260 1975
946 3221
2034 2799
1133 3278
2258 2923
1123 3506
100 3957
764 3063
1439 4782
3757 4114
1699 4322
2083 2771
926 4817
1573 2016
908 1709
1140 4821
359 3690
737 4390
852 2840
464 4805
1144 2230
1791 3926
80 4748
247 4942
1552 2115
4479 4489
4009 4567
1723 3300
1445 2012
999 2793
3139 4980
709 3026
524 4662
663 4455
1709 3583
1135 3312
2468 3362
2673 4627
542 2626
432 4443
1033 4291
889 4351
1055 2349
4418 4552
2155 4616
362 1591
865 4228
2348 4294
22 3281
580 2226
2001 3974
639 2628
821 1622
2423 3960
2388 4064
1156 3469
627 4095
1173 1463
1446 3677
265 4656
960 2964
328 4830
1050 4733
722 4378
480 4883
2867 4936
1225 3379
464 3400
157 4090
1133 1140
605 4808
1820 4816
767 974
930 2668
529 2307
3497 4187
1291 4367
1165 1703
1933 4912
564 1508
838 2572
718 4072
2941 4439
3350 4287
128 2999
1521 4829
261 3435
79 1995
1925 4586
811 2232
1643 4143
1687 2214
247 2180
42 4842
1679 4506
1870 4342
1093 3752
136 4984
786 4075
313 2978
402 812
1360 1526
589 4847
2297 3171
1354 1401
452 4621
570 4222
980 2475
1000 4729
1002 3845
182 3783
101 3994
469 4256
2406 2859
923 4476
4293 4536
783 3645
1550 2786
8 4977
331 3936
489 861
1532 1783
1004 3231
3087 3865
564 2264
1719 2509
738 4502
577 3823
4448 4552
3123 4538
900 4479
250 4843
176 4910
1922 4683
629 4682
697 3495
3087 4188
259 2932
924 4302
992 3596
51 4904
237 4891
1260 3837
221 4418
476 3858
7 4019
451 4745
308 4004
524 772
3194 4762
2936 4551
557 4635
428 1240
886 3041
2862 3215
10 202
2028 4857
1283 3305
2156 2438
661 891
495 4901
965 2328
3231 3479
1942 4413
18 3441
1166 1861
1310 2687
180 978
1441 4934
576 635
687 3083
341 4315
1276 2499
1459 1635
352 4980
762 2629
700 4825
38 4851
191 4730
4769 4890
1524 4705
1074 4778
428 4682
869 1986
264 4860
1491 3975
3344 4341
1467 4485
1053 3071
726 2944
215 3550
483 4906
2376 4118
634 3942
1778 4424
13 4907
302 4516
223 4951
419 1804
3240 4887
599 3482
669 4871
473 4134
467 3904
486 1641
40 4990
4077 4346
230 4890
607 4298
2450 2642
371 3795
316 2534
2902 4299
817 3736
478 2865
2989 4078
2400 2479
1937 4666
2276 3318
511 1875
678 4217
1525 2813
1391 4895
1435 4234
759 2115
4282 4625
2533 4948
2261 4278
321 3377
118 4767
266 4415
2287 4473
120 3491
112 136
1240 4846
3452 4343
1576 4416
766 1884
736 4700
453 4269
414 4697
110 4559
844 3901
3900 4229
15 3548
3575 4795
872 4784
3078 4557
1863 2272
2600 2832
1253 4985
407 3596
2303 3556
885 3027
118 4736
2016 4181
11 4996
1486 3308
977 4780
2325 4523
323 2308
1657 2580
2388 3121
65 4964
1548 3713
323 3893
1046 3148
581 986
912 4841
179 4987
1349 4433
1278 2971
113 1283
362 4103
3387 4681
1662 4273
60 4914
2989 4451
650 4364
596 4572
429 3895
1309 3187
2817 3567
700 2025
1199 3316
2371 2464
515 1109
14 3746
191 4983
2550 3883
3137 4817
2131 2748
235 4675
2069 2674
2029 4292
1921 2755
1003 2906
555 4798
132 4988
1048 4082
1047 1048
975 4966
613 4536
1862 2351
637 3850
3842 4483
2536 4587
353 4985
535 4063
205 4696
213 4760
59 4981
1398 3264
738 1769
2238 3683
382 2942
315 4829
288 4852
1223 1406
682 1084
17 4065
137 4900
1172 4126
597 3448
1579 2718
305 2166
837 4330
4381 4913
72 4973
1413 2400
2596 3777
112 4527
5 4993
270 2652
335 733
2032 3105
2847 4737
2220 4591
2749 3572
1919 4685
16 4949
1805 3668
66 4979
3570 4973
95 4513
2995 3530
680 3933
10 4853
997 2786
266 2182
682 3806
125 4753
854 2264
360 4857
1219 4171
218 1152
1105 3412
3427 4297
2755 4331
407 3961
881 3374
931 1929
54 1781
505 4944
2160 4538
3295 4762
3181 3925
2993 3149
1829 3867
190 686
1751 4274
625 3906
3055 4712
994 4376
48 4584
533 4503
292 3656
2756 2991
2557 4634
27 1947
3323 3890
1031 4659
109 4910
230 1285
658 3708
318 3434
1503 2643
828 3355
859 4594
58 4859
2066 4174
4112 4150
1076 1984
1692 1757
160 1775
882 4607
2327 2573
2788 4895
1814 4383
3 4992
2335 4023
266 3149
2977 4862
155 4725
410 3249
419 2268
152 4638
181 4472
80 4778
1488 2677
1496 3618
1095 4684
309 4193
675 4666
243 4415
1579 2424
1361 4731
158 1602
493 1427
1724 4464
120 4192
74 675
1895 2974
839 3680
668 4076
3299 3945
172 422
3445 3996
1614 3818
1615 2413
1904 2725
2414 3185
1576 4612
2937 3711
2332 2591
359 4804
151 3745
797 3117
1881 3972
2227 3176
296 4953
2397 4520
294 4950
288 3972
394 3701
339 4819
2661 4117
431 3504
1043 4274
829 4476
3162 4512
1031 4093
2106 2360
195 4748
102 3848
3449 4683
1191 4809
2943 4565
1144 4218
93 2946
578 4860
2547 3589
1719 3150
611 2452
1907 4389
1632 2805
458 2911
69 4940
9 4985
1605 4296
1239 3457
574 4726
1909 4072
3071 3117
1699 4445
2930 4700
396 4998
3472 4804
828 4624
649 3527
1433 4078
1116 3415
2026 2554
823 1448
556 3230
3500 4113
381 4232
630 3039
1419 3745
948 2787
3247 4858
1377 3794
149 4321
1337 1572
970 4472
2415 4582
17 4741
2551 4222
1306 3651
4626 4875
68 4864
147 491
421 4231
768 4923
244 839
598 3002
14 2448
688 1835
1075 3299
521 1317
4497 4804
1537 4408
1558 3424
1703 3426
88 4826
497 3517
183 2877
2794 2904
560 3696
130 3171
1088 1162
21 4996
961 1906
1297 3012
732 4090
2867 3787
91 3998
4501 4725
3448 4222
1370 4145
1916 4891
1927 3678
1043 3907
1009 1354
1021 4945
1741 2752
2961 3884
1002 4861
54 4975
657 4805
859 3693
582 2049
14 4935
3269 4915
2729 3379
1169 4063
428 4774
424 3490
857 4077
1920 2958
355 4957
3341 4347
2106 2772
269 4904
3602 3779
241 3377
1362 2046
1819 1869
2351 2622
1695 4815
29 2479
664 4091
659 3682
1218 2167
907 4831
1710 4648
3311 3522
18 3141
416 4541
2731 2829
430 4164
235 4957
3786 3845
662 3767
705 3105
379 1178
247 4983
849 2637
3618 4044
1563 4324
902 4632
947 4224
875 3813
4059 4875
2135 3965
676 4230
816 4800
1827 2658
1274 4570
489 3483
210 4909
2596 3927
23 4966
1500 1952
331 3457
287 4936
2088 3308
1279 3413
1237 4397
1045 4336
1959 2776
487 1924
410 4945
251 563
1349 3536
520 1618
756 4966
310 4431
492 1232
58 3228
100 4610
82 4843
951 3600
1880 4855
529 4087
2070 3327
2363 4654
105 3741
147 3353
404 4736
6 4002
571 4844
1833 2568
288 2380
1966 4438
610 3097
1658 3606
890 3721
2244 4675
2147 3990
3981 4654
861 1120
25 4713
1856 4372
1170 2372
1619 3207
866 2861
242 4037
3439 4461
2693 4219
1879 2439
586 3619
3723 4798
626 4962
701 3657
29 4999
282 4960
2082 3016
2184 4896
1456 1616
474 4598
170 2615
70 1975
1913 4886
404 4683
824 4721
2617 4130
617 2550
664 3551
318 3326
888 966
883 4902
1117 4722
603 3524
436 2629
1074 3415
448 1384
3695 4459
2251 3333
62 4485
931 3002
3409 3921
277 4092
2326 3231
1363 4737
33 4896
2156 4178
1693 4782
280 2152
1 4976
243 4569
2984 4165
4158 4988
361 3363
15 4987
1392 2827
694 4971
1991 3955
807 4309
2663 3027
187 3265
1923 2909
1454 4712
1449 2951
3940 4171
1053 2824
2911 3881
68 3026
259 4244
347 3972
2860 4720
363 4489
169 2443
1321 1831
1106 4226
97 4731
1702 4564
4 4994
2875 4106
18 3908
605 3985
778 4526
418 4421
511 4107
80 3404
2049 4762
3537 4427
19 1037
614 4284
161 3847
28 4464
56 4760
3284 3970
1674 2542
2030 4038
648 3575
241 3722
3 4999
3825 4670
864 3821
479 4414
1443 2507
306 4810
1594 1832
346 3639
993 4046
2028 4716
2464 3949
1019 4239
83 4661
1822 4128
3283 4148
1 4852
1872 4467
1235 4980
164 4486
3536 4921
1868 3468
300 3985
1962 4503
2153 2444
1300 3296
80 4675
444 4793
109 4037
2436 4796
4047 4515
4071 4955
3727 3806
4139 4792
901 2128
1289 4693
722 4489
787 4745
964 1382
2833 3466
246 3979
999 4298
2655 4126
1560 4431
1157 2368
956 1234
1235 1686
1076 2196
33 4269
794 1890
336 2217
1802 1921
2536 3950
488 2403
7 4970
2099 4152
1351 3720
874 3837
842 1316
791 3464
2585 3101
77 1258
658 4845
1898 3433
323 852
1250 3723
2236 2869
2579 4864
1023 1155
2511 4678
387 4950
1 4989
463 3226
391 4654
1403 2638
593 3879
177 4602
502 3623
1887 3827
583 4964
294 1362
1344 4590
518 2293
295 3576
2679 4739
2998 4376
16 4962
2021 3894
11 3175
1967 4513
1050 2985
699 4636
310 3592
513 4580
83 4991
2 4997
461 4435
1285 3560
432 3550
1479 4766
157 3331
470 4942
28 1599
406 4542
2186 2237
11 4967
1138 2846
1113 1545
3309 3611
309 3643
867 4032
1715 4573
42 4173
1606 2451
3308 4580
2299 2808
2927 3742
1401 4738
896 3328
219 1861
3252 3927
1238 4328
1394 4474
819 870
2509 3604
2416 4127
688 4867
237 4130
329 1611
352 2196
4539 4984
30 75
26 4851
535 659
1009 4168
681 2786
198 4297
1491 2764
2998 4982
381 4930
3799 4895
3828 3965
5 4992
591 4427
1543 4175
251 3281
1348 4702
285 507
688 4140
1151 4244
16 4260
2379 4696
619 4645
12 4530
3421 3603
1377 3767
177 4201
1312 1449
707 880
1932 3310
73 4496
2251 4330
120 3108
403 4262
3571 4088
455 4835
660 1011
2486 4762
258 4990
357 4704
680 939
1067 2088
82 2703
86 4674
73 4955
3006 4827
2918 4131
467 3434
445 2497
561 4972
825 4886
1341 3674
3895 3922
135 3123
1614 3171
1745 4234
482 1916
2339 4410
561 3658
1745 3707
1065 4629
22 4718
1524 4792
1475 3128
895 4395
685 3269
352 2884
99 4918
123 4845
2852 4109
1472 4497
453 4527
361 3698
625 3929
3226 3242
507 2049
2125 4768
2122 3872
178 4650
833 4959
3327 4806
790 4902
2089 3925
4385 4817
149 3888
340 4388
1565 3068
18 4965
1101 4302
358 3568
1873 4043
18 2453
688 4879
899 2780
132 4257
1380 3183
1774 4841
4185 4445
1594 2329
349 4991
668 1755
1700 4961
125 4675
2327 4110
913 3497
2704 3747
753 3943
369 4761
1483 3345
61 3858
487 3780
1461 2469
309 3315
1028 3425
3726 4354
1127 3880
1832 4457
145 1043
925 2958
186 4373
181 4457
1437 3507
354 773
2317 4320
338 4482
1397 3400
1871 1899
1465 4688
1037 3760
560 3666
785 3802
2469 4885
1208 4048
1071 3335
1291 1649
2481 4534
204 1033
203 4235
175 4984
3000 3898
242 2186
146 4729
2886 4289
691 3290
498 852
96 4860
1736 2258
1203 1468
394 4480
451 1789
2203 4790
1561 4316
398 3767
317 2479
27 4974
23 4911
734 4889
393 2570
989 3292
1885 4701
9 4202
1381 3222
830 3247
894 4282
1110 2941
2703 4615
3274 4433
328 1572
771 2041
623 4868
14 4632
740 2526
4158 4700
797 1624
2304 4602
1268 3933
2539 4643
3277 4724
495 847
586 3781
4181 4505
600 3361
947 2942
1232 4127
2428 4401
1905 3871
176 4470
912 1464
609 4228
833 2959
2537 4212
467 3860
1305 4877
378 4846
1073 3690
331 4542
2381 3828
762 4886
435 1779
896 4257
7 4995
1479 3522
1039 1418
1294 3272
599 4635
922 3543
693 2656
215 2963
722 3969
4352 4408
1395 4751
160 2077
77 4930
1949 4204
4238 4750
19 3332
1864 4370
2450 3363
3066 3390
1760 2931
162 4705
932 1957
1952 4883
514 4851
2619 2684
1555 1950
2174 4542
1213 4292
2634 4873
1027 4525
164 4083
3296 3588
1308 2355
208 4938
1865 4565
434 3433
571 2691
133 4169
322 4194
233 4199
947 4999
689 3886
1041 4576
3103 3639
608 4450
1418 1682
1538 3480
1025 1949
1480 3626
1260 3964
10 4549
1936 2744
1183 4414
4440 4475
3733 4088
780 4621
264 1606
852 4628
2580 4531
52 4384
152 1003
1191 1288
914 2967
442 3840
890 3615
358 4134
1228 3586
172 4748
102 4655
102 4977
2870 4341
224 1356
770 4930
1431 4648
28 4100
169 2418
960 4369
2347 4987
160 4827
274 4522
174 4805
135 2712
1970 2525
2451 2541
188 4652
2824 2958
4606 4625
125 3594
381 1768
507 3819
68 4572
2681 4251
176 1373
74 903
1479 3129
581 4304
896 2626
452 3442
1068 3865
1357 4885
1247 4582
1778 4756
1788 2092
715 2850
1337 4794
1011 4008
149 4822
927 2390
1183 4696
3328 4495
892 4714
2813 4781
599 1457
1162 2985
1112 4517
35 4641
3695 4566
400 708
1938 4246
799 2931
46 4143
2293 4014
2885 4923
50 4997
1982 4441
3959 4059
858 2957
1639 3562
179 827
111 4572
1003 2325
1330 2878
1394 2647
209 4795
1266 3459
114 4922
4388 4401
1228 2893
98 3069
2592 3275
42 4786
564 3993
454 3361
2295 3571
232 3774
1000 4521
1681 4754
154 3976
922 4856
1255 2385
1198 3422
19 4409
2972 4165
2653 4908
2244 3654
1771 4483
2356 4508
1087 3777
4071 4909
414 3065
2861 3099
1400 4145
2764 3964
940 3031
492 3596
73 4584
383 4418
326 4717
1266 4810
2570 3225
912 4472
4500 4696
468 2736
2634 3702
204 4731
2222 4853
1594 4476
3669 4617
44 3007
1911 3200
1191 3863
2682 3260
129 3954
1761 2132
307 4955
217 4409
1417 2722
23 3472
1979 3109
2576 3391
249 4177
2995 4571
537 1781
1513 1547
472 4954
194 824
1988 4843
307 3912
255 4991
2265 3825
2046 3875
891 936
487 2138
2214 2844
576 4435
601 4597
50 4850
2224 4987
642 1311
530 3386
801 4509
68 4612
2109 2209
2139 2677
853 3961
491 4069
103 3036
911 4736
524 2783
2232 4947
1411 1562
770 4237
2200 4021
4067 4720
