5000 5000
73 4624
2575 3451
877 2523
1662 4768
1178 4447
3765 4427
3636 4757
1712 4174
1638 2934
170 4870
740 4701
164 1062
132 4074
2022 4439
580 3728
2866 2872
2547 4119
3775 4458
203 4822
1033 2604
83 4963
381 4768
223 4582
3249 4302
766 2971
847 2921
55 2846
1039 4321
2666 4683
1677 2207
870 3905
114 4567
103 4947
220 3483
1290 4318
646 3289
79 4946
1104 2001
130 2732
363 4655
1974 4867
786 4116
999 4830
1661 4607
1631 4971
2038 3759
224 2110
177 4898
1181 4545
2147 3802
682 4770
491 4916
1422 4949
1501 2986
1871 4752
361 846
1145 4461
159 894
1563 4381
1339 4268
81 4911
768 3610
49 4477
2170 4085
3500 4503
125 4683
1977 2922
1105 4987
1 4993
744 3989
1223 3131
84 4258
2881 3251
1728 2458
507 4229
414 3546
1054 1723
1672 1939
674 4713
184 3375
442 3237
3933 4621
1555 3133
1568 2596
1300 4933
1749 4188
528 4880
98 4601
2399 4864
2744 4345
143 4307
1400 2058
1821 3358
30 4915
1658 2520
553 4638
1662 4078
1289 3501
2084 4029
1840 3691
307 4984
722 1285
814 4575
752 1210
1005 4424
1034 4779
1311 2490
1444 3636
2090 2697
2306 2976
752 3566
114 1905
389 4963
67 2152
477 2541
2354 3982
1981 4086
60 4796
736 3667
3467 4286
339 4199
2941 3868
1410 4809
2962 3244
540 4266
557 4038
312 4878
472 3622
4139 4519
4544 4852
116 4857
1360 1712
1445 3769
142 3981
198 1239
1112 3591
302 1323
65 4557
3154 4690
501 4970
57 4389
839 4321
1937 2136
197 1385
71 4306
169 4871
1702 3082
1394 4947
447 4232
28 2720
402 4794
388 3628
133 3547
7 4787
767 4799
916 3112
2547 4631
745 1447
28 4406
478 3461
1675 4977
1737 3461
59 1154
617 3123
148 1753
371 4304
947 4104
5 4226
129 4765
1027 1858
1466 4682
1683 4214
559 4838
978 4337
828 3631
3327 4933
209 3628
337 4783
3799 3805
4286 4899
333 4628
2042 3746
1881 3219
983 2121
2374 4087
2362 3928
308 2569
58 4943
248 2699
3204 4694
203 4662
592 2437
209 4842
1320 4528
297 4876
1190 4420
802 4748
1970 4843
429 2587
848 1553
615 2294
214 2593
3653 4000
1197 4000
3482 3855
710 3429
1426 4903
135 3492
846 4999
939 3728
369 4091
4233 4523
555 2454
812 3759
2972 3040
699 4841
845 1992
2103 4856
1097 3401
195 4842
104 2144
357 1289
3496 4627
277 4950
1275 1801
972 4222
294 4989
593 4823
3445 4806
2318 3300
169 1777
1500 2974
785 2616
405 4325
1051 4348
1594 2828
587 3725
113 4848
326 4884
1729 2083
615 2564
1914 3495
991 3115
211 4833
1267 4469
2405 4225
4050 4966
422 4441
1173 4670
1052 3221
3079 3181
125 4970
1117 2380
1941 2586
3814 3970
1725 4919
269 417
4515 4558
252 3598
403 4992
368 3666
2364 4909
127 3974
439 3632
2073 3178
1431 3597
4813 4894
158 1926
678 1218
91 4944
269 4330
800 4822
650 3923
542 4164
1168 2989
45 4959
204 2764
34 4972
530 4512
2236 3433
1404 4381
196 4763
95 2526
606 3496
1398 2490
1159 4708
63 4616
715 4048
988 2741
2155 2342
529 4072
561 4651
3015 4123
258 4175
1988 3968
3029 3763
125 4717
165 4052
297 3956
761 4025
1936 2048
2078 3974
356 492
1828 4128
4143 4584
1616 3727
4571 4735
1537 3741
284 4908
3120 4351
986 1500
1926 3838
1528 3876
626 2009
1757 3261
2201 4616
947 3867
369 4878
688 1218
294 4277
3518 3878
2494 3996
2385 2927
3228 4171
2192 3303
239 1174
162 4538
549 2249
679 4532
1730 3956
3712 4438
598 3793
52 4794
1562 4925
4150 4193
257 4836
755 1030
274 3518
7 4520
958 3730
2629 2687
662 4989
347 4943
784 3478
3036 3109
1313 3602
585 1586
533 1258
1050 3620
1765 4008
1283 1399
2840 2970
2151 2401
531 4752
353 3232
944 4699
308 3963
335 4906
46 4962
328 3348
908 4470
1951 4735
2023 2857
3173 3226
1086 1760
1154 1797
891 4937
3031 4609
2232 4631
4171 4484
273 4967
23 4999
1309 2744
991 4143
534 3938
1149 4533
1312 2925
146 4355
1841 3997
14 4993
98 4416
116 4823
2114 3359
2389 4624
1916 3669
907 4893
4149 4283
596 2481
1730 4763
2760 4654
3557 4289
1406 1546
2982 4303
47 1439
2289 3421
105 4990
1421 2851
3162 4798
1553 2506
319 4738
714 2924
3169 4075
527 3470
57 4941
76 4489
445 2056
1450 4828
1695 4573
192 4104
1483 3753
3981 4894
683 2792
2876 3867
414 4210
602 3630
160 3082
1581 4486
516 4720
968 4676
253 4932
86 2871
468 3133
2365 3950
135 4936
1003 3723
69 691
1233 3971
1121 4834
1351 3548
491 4820
2962 3734
2577 3493
488 4412
1743 1961
2222 3614
1609 3916
1445 4399
15 4860
1216 2750
2102 4396
1256 1667
390 2266
1869 4957
1884 3591
222 2182
3581 4219
4856 4968
2116 3595
2769 3566
1217 1691
2611 4827
3651 4607
2881 4900
650 4253
4106 4576
619 3786
1667 2490
1328 3570
1158 4820
3845 4868
18 3059
1326 3365
38 3725
590 3542
1772 2620
246 4432
157 4869
207 4209
141 1866
1182 1210
222 4018
42 3555
2193 4070
10 3530
2860 3426
485 4861
619 4696
640 2378
1405 1584
150 1503
869 4501
285 4817
1740 2557
2588 3695
370 4730
32 624
1285 2946
1297 1429
928 4955
4793 4869
841 4628
1314 4916
520 2267
1897 4630
1178 4600
2316 3959
895 4579
2382 3814
347 4729
2216 4486
224 4800
268 4566
563 4905
52 4864
1035 4277
3007 3795
496 4656
1172 4698
164 3504
1059 3975
3277 4264
1602 3472
1932 4576
1168 3117
3143 4958
1391 3308
525 4483
1593 3890
3006 4680
172 4446
16 4995
2582 4159
78 1704
2172 4821
343 4473
83 3987
471 4380
1490 4912
2491 3840
433 4729
610 3213
1381 3610
3345 4477
1233 2369
445 4883
3268 3335
607 1313
2035 3305
1165 4877
522 2941
3950 4497
635 4809
1791 2353
30 4967
2827 4861
1583 1632
1274 3712
282 4859
2513 4832
147 1766
1654 4710
263 4695
458 2441
465 1668
919 4768
2552 4050
937 1799
169 4581
571 4915
1846 4548
692 3686
746 4887
127 4936
197 4116
198 4729
379 2152
2869 4197
418 4928
3593 3670
954 1015
3916 4758
1527 4699
1857 4443
1429 4633
815 3102
317 4611
571 2098
4167 4376
511 4805
1070 4503
1201 4030
774 3797
2724 3697
2928 3962
265 4408
1226 4032
1297 3702
451 4605
281 4994
160 3242
346 1337
1645 1799
228 4998
1965 4863
1106 2365
1158 4991
966 3212
1225 4296
2076 3919
82 4842
1250 3664
424 734
118 3940
3681 4123
634 4655
2913 4922
1760 2131
216 4649
945 3748
59 4588
238 2848
772 4248
774 2175
1188 4959
154 4820
1346 3384
351 2900
1633 4269
931 1235
5 4994
1755 3344
927 4488
3020 3171
138 4956
141 4711
265 4917
2713 4922
1726 3068
234 4246
623 2794
1653 3114
742 4460
1686 3300
366 1766
528 3153
882 1158
440 4733
36 620
1762 4448
3123 3909
1910 2217
677 3630
455 4020
3186 3307
666 4287
409 4906
3246 4994
577 3387
681 3530
668 3128
2852 4540
471 4264
142 4618
68 3525
79 2768
388 3942
3066 3784
786 3784
2270 3816
77 4267
859 4937
1950 4858
792 4149
648 2178
499 3439
2992 3651
1297 3605
856 4420
10 4996
1097 3980
241 4167
1060 2765
1294 2278
1215 4709
3731 4238
474 4915
589 3935
2120 4723
1428 4706
706 2493
916 3108
374 3701
3638 4366
551 1256
1847 2502
878 4828
2136 2140
2439 4523
1257 4142
2568 4847
1894 4478
1179 3908
593 4133
1251 4723
679 3663
746 1273
539 2051
3627 4498
1325 4729
820 4780
2571 4664
287 2896
1422 3744
2590 4091
1133 3856
560 2208
303 892
470 4457
492 1291
1698 3291
2735 4165
138 4783
3190 3586
125 460
160 4821
3096 3910
3771 3854
745 2121
1244 2013
64 4893
415 3422
598 2756
1057 2519
790 1627
1368 3289
816 4445
2321 3596
741 3901
10 3623
613 2773
635 4568
2714 2972
320 4741
3791 4100
971 4533
613 3496
1284 2729
914 4874
78 4869
2287 3221
559 4194
138 2871
1626 3937
2661 2909
115 4806
98 4733
1329 4668
15 4974
2421 2895
2283 3909
1898 3787
670 1809
657 1642
1260 2993
224 1777
332 4815
3207 3892
1332 4570
832 1437
1826 3682
3023 4938
2682 4492
359 3892
62 2734
3426 4840
2389 4176
3638 4993
537 4367
729 1505
665 4931
2105 4095
143 3873
111 4485
555 4395
182 4367
2576 3449
1313 4340
314 704
1380 4685
306 1351
109 4474
759 829
1393 3410
1906 4662
10 4145
78 4940
29 4172
4235 4748
741 2238
41 4401
199 4989
1651 2902
1929 2885
1728 3106
478 4345
175 1968
1166 4891
4440 4689
40 3245
1450 2721
2482 4736
361 4996
1478 3555
325 1928
49 4933
912 1639
359 3897
369 4529
1990 3958
477 2803
83 2029
3107 3438
1239 4709
158 2284
1409 4446
1591 4031
839 2712
48 3966
79 4833
292 3986
1767 1909
2135 4975
1123 4549
1535 3726
1346 3447
3047 4280
3200 4541
357 3848
2306 4607
1691 4287
592 1789
539 4950
23 1261
784 4963
364 4596
729 1440
2157 3892
490 4770
2856 3061
2494 4274
125 4636
1091 3943
2308 2565
1839 4410
606 4473
299 3234
644 4259
1079 4975
450 2818
227 1744
1176 4194
4054 4338
976 1688
37 4309
104 4693
2812 3569
1977 4083
6 4994
3332 4264
114 3699
209 4970
277 4590
11 4913
1024 3815
1437 4562
3896 4578
683 3869
1023 3605
2564 2741
50 3431
218 1520
413 4322
1629 3723
2807 3587
491 4964
320 3137
2879 4618
753 4872
3867 4230
2075 3922
450 4337
323 4327
3268 4860
165 4813
1403 4930
465 2828
2004 4167
151 4715
400 4843
267 2695
1853 2364
1522 4636
348 4629
695 3113
532 4943
115 5000
162 2316
416 4940
934 4308
334 2871
1515 4780
86 4446
611 4566
374 2080
2501 4289
320 4555
5 4780
2338 4366
1170 4450
182 4222
437 852
881 3454
334 3404
2933 3134
335 4847
184 4695
118 2707
2282 4787
1395 4950
473 3571
322 2833
506 4451
1173 4568
572 2971
618 1999
1969 3801
46 4671
2097 3523
639 1595
1025 2851
83 1155
598 4367
1431 2016
1799 3374
282 4578
33 4970
3767 4073
2593 3126
887 3653
4169 4539
389 4870
1019 2274
1840 2866
687 4512
1967 4480
504 1620
1760 3383
15 4791
1571 1939
4158 4278
404 4900
3372 3574
878 4185
133 4821
615 2719
974 1815
289 3940
127 4918
95 4953
328 4304
1033 4519
1547 4721
1785 3383
3054 4435
368 3499
338 4880
1138 4141
627 2864
2512 3757
101 3780
1207 4605
1768 3237
320 4107
312 3825
627 3993
396 4519
1284 1888
15 563
147 4140
382 4941
1573 4680
251 4797
1045 2133
1146 3461
28 5000
943 2167
1629 2956
1065 4446
1947 3080
695 1395
1781 4632
246 4297
1579 4037
694 3791
750 4567
1084 1338
4104 4662
38 3107
1905 4278
1528 3951
221 4697
1342 3448
3267 4542
14 4865
3224 4356
3735 3929
18 3118
112 2166
451 1490
2334 3916
1316 4961
956 4424
45 4843
740 2768
1710 3601
368 758
215 1856
811 2601
1301 4893
343 4660
1868 4121
2953 3028
1095 2083
241 2609
433 3665
1533 4853
145 4584
55 4882
1318 4434
2493 3115
1105 2923
287 4947
1390 4116
911 3719
2510 4488
2458 2940
3274 3735
408 2535
194 3882
462 839
1647 4863
982 1442
378 4293
280 2540
742 4124
140 4840
3974 4418
27 4874
608 3648
3512 4869
2123 2927
1203 4264
1042 4731
3296 3533
3041 3784
2209 3741
2185 4726
785 4945
1131 3773
1102 2176
1771 3311
96 2445
1315 3885
1460 4229
198 2669
38 4507
405 1076
1547 4155
584 4321
262 4953
393 4866
82 4511
602 4812
874 4529
2734 3285
182 4273
2066 3183
1684 4444
3372 4043
382 4712
147 3630
1675 4954
132 2047
1326 3950
3269 4307
696 4117
415 1826
1062 1562
2256 4633
176 3920
1339 3539
479 4176
82 1407
1998 2796
810 3795
811 4572
854 3473
343 3285
181 1065
3622 4162
238 1628
1986 3947
361 2889
1069 2953
308 4293
3383 3987
275 1677
1777 4086
934 1824
4335 4944
1797 2467
2896 4748
293 4841
469 2897
2059 3172
1102 2812
1108 2860
1290 4380
42 825
1167 3181
1334 4813
212 4239
2314 3959
3311 4387
332 2225
195 2127
700 4945
714 1956
2526 4178
1645 4892
3496 4999
1787 2390
1 4977
651 4629
87 4541
2797 3218
73 4990
1092 2837
1738 2839
2255 3560
2275 2661
1616 3726
2062 3762
2373 4530
704 4732
2077 3874
525 1632
1426 4889
1008 3865
1404 4268
127 4952
1249 4627
80 4549
2405 4594
541 1651
490 4699
796 3226
2020 2537
2773 4375
1200 4050
1665 4417
1837 4368
2067 4954
2609 4281
903 4954
193 2353
2510 4575
2139 4409
13 3703
996 4054
1972 2069
1606 1911
729 1852
614 4082
1277 2796
703 2524
2004 3868
277 4302
1971 3904
381 2735
1015 1934
896 3629
2795 3961
2271 2617
674 4925
219 4681
422 3799
544 3103
696 2816
2526 3026
929 2819
1004 3856
121 4670
715 1584
3029 4923
372 4392
22 102
17 1904
70 4777
1484 4933
1643 4311
208 4348
761 4887
878 4450
117 4890
378 3534
181 4680
601 3493
443 3341
1212 4240
112 4998
1364 4287
397 4459
1704 4389
499 4877
406 3439
1408 1669
2372 2761
268 4747
109 4914
101 4214
1566 4022
300 2041
1144 4298
1148 3189
54 4906
2700 3647
646 3406
146 4784
1238 4739
848 1559
400 2616
2447 4984
766 2743
1234 2653
623 1338
2581 4760
365 4183
979 1957
587 4566
3988 4088
1359 3854
617 3727
741 2378
647 4725
73 4545
138 4754
349 4972
3932 4712
270 4971
639 3027
236 4910
119 2367
830 1785
4349 4534
2335 3646
116 4141
4527 4880
86 1551
2855 4498
157 3732
373 1923
705 2149
662 3901
680 3921
4151 4732
135 1383
3510 4308
2978 4368
2377 4240
593 4484
1486 4029
1957 3197
1079 4871
852 4472
4210 4560
35 4776
165 2564
545 997
488 4761
3591 4655
3253 4657
2469 4169
4203 4595
404 4725
672 4355
1904 2939
1785 4760
190 647
995 1277
717 2240
1635 4157
1627 3690
303 2835
645 2835
21 4859
1730 2340
138 925
1078 2054
197 311
387 4082
176 3225
1866 3902
3049 4279
497 4899
2239 4855
753 2525
1020 1268
357 4810
2861 3002
652 4973
3243 3904
1471 3456
33 2455
1313 4143
2139 4620
2121 2554
1999 3217
32 4931
597 3881
445 4356
940 2806
1011 3901
1221 3245
932 3175
3709 4493
637 4742
1229 4817
1512 4639
305 4932
661 4379
846 1260
443 4661
915 4400
218 4449
3093 3957
77 1009
2390 4664
1850 3543
2512 2737
246 4875
537 3820
250 4927
776 4404
1687 2071
211 4489
3264 3344
545 3677
2255 3023
330 4172
113 2121
56 3861
349 4606
601 2573
241 2497
1455 2833
3356 4942
865 4769
3642 3878
360 4756
8 4997
3023 4792
718 3428
431 3249
653 812
260 2037
1054 3638
189 2586
364 3376
1783 4050
896 4611
1662 2119
490 3189
1214 3869
3858 4313
61 4940
775 3644
998 2898
249 4014
151 4335
453 4934
2602 4370
1317 1408
361 4604
92 4945
3260 4356
279 3320
1685 3436
255 4536
1904 4216
1700 3446
1074 1997
688 4938
2734 4756
1761 4639
28 4963
84 4901
294 4464
927 4105
762 2058
1702 4808
114 4739
1746 4647
1413 4144
1181 3299
452 4711
682 4831
3488 4489
594 3692
479 3529
1159 2837
572 4561
1104 1298
2043 4887
77 4681
3484 3531
13 3837
884 4100
1698 4004
1747 2157
1912 4321
65 1524
3563 3604
3052 4994
164 4338
187 1772
233 4983
328 3462
129 4982
2509 2911
1401 4300
3129 3363
96 3671
38 4506
2336 3836
1210 2066
283 3092
1281 4933
1222 3420
2882 4042
722 4631
345 4793
1155 4534
247 4819
3068 3226
4136 4891
1538 4603
140 4866
261 2604
6 4268
1117 4567
804 2498
347 3534
596 624
136 4817
1418 3979
23 4989
2671 4374
1880 3281
1146 4855
4134 4413
606 4327
961 4846
3 4971
183 1644
1943 4361
4558 4559
3576 3717
1229 4735
879 899
457 2859
1897 3385
456 1355
1827 2446
2093 2581
2191 3145
631 1902
617 4842
177 4953
3231 3755
774 3317
2786 4839
195 915
605 2965
3380 4805
10 4474
922 1225
131 3670
1477 1900
1005 3730
2764 3473
190 3929
2163 4590
221 2754
2536 3107
1934 2771
93 4980
63 4878
1833 3449
925 2822
631 2126
56 3604
2020 3430
822 4770
2209 4091
47 4309
13 2915
1360 4026
488 4398
280 4344
890 4693
219 4871
815 835
2903 4733
3333 4398
1515 4890
196 3699
2212 3002
277 3432
1038 4791
1235 1274
1515 4364
2044 4427
1251 4606
468 4911
806 3023
523 4643
44 4984
242 4154
114 4227
995 3810
299 3663
2802 4846
792 4874
3068 4416
13 4987
2564 2925
745 4576
508 3998
2468 4135
2604 3369
319 4863
2597 4244
2321 4537
809 4831
1944 4300
25 4835
1727 3320
12 1759
1115 1317
2403 3400
240 3928
2002 3060
41 2759
1925 3980
4413 4635
71 3170
32 4563
538 3618
1254 3222
439 3563
877 4744
1019 4495
3992 4776
336 4546
1252 3371
2244 3382
259 2587
1586 3235
1713 3632
2867 2968
652 3264
259 4207
80 1469
3089 3780
1103 4895
1267 4438
2071 2117
579 4599
1023 2915
1758 1863
246 1375
3079 4225
212 3970
482 4321
2356 4144
1909 3455
2589 4056
201 2071
1527 4608
1806 3602
894 4380
879 4595
532 4505
106 2852
2493 4933
930 4978
374 1390
419 4934
1364 3907
1454 4845
895 4142
4621 4955
395 885
402 2944
337 4518
1511 4002
304 4970
163 4911
670 4974
109 4630
34 4721
1146 2378
1 4948
1359 2149
3200 4534
446 3952
899 4455
249 2188
172 4856
832 2386
3017 3625
2676 4955
3189 3729
2017 4664
189 4379
113 4807
3754 4987
1252 2543
2312 2665
1565 4785
499 3451
1401 2626
501 4789
3238 4997
1246 3591
1931 3690
3879 4148
220 4929
571 4013
1482 4976
131 3413
2177 2865
2358 2875
1800 2569
563 4747
601 3461
27 4217
7 3995
501 4703
417 4389
2236 4597
448 2299
129 3320
2063 2447
3121 4167
1408 2943
1663 4805
876 4646
1892 3819
325 4744
207 4235
3369 3517
371 4515
1531 3915
3986 3999
571 2916
72 4252
2359 3055
119 1201
128 4628
31 4795
50 4723
3526 4186
2801 4255
786 4792
2450 4572
254 4187
1841 2986
61 4842
701 1921
40 4998
294 693
4072 4968
1511 3150
2067 4296
879 2558
2 2600
228 4639
968 1248
199 3422
2473 4187
473 2455
1659 4815
1107 2658
886 3525
192 3580
2716 2813
2358 3024
2462 4748
44 4041
99 1156
898 4396
1353 4673
1595 1689
4152 4950
1186 4640
1103 4540
496 1484
1203 3750
2302 4772
3520 4304
483 4766
1413 4402
400 4211
190 3031
1669 3588
43 2389
1408 3886
1015 4715
3387 4559
308 4624
1103 4569
1642 4423
3707 4433
394 3877
779 2380
476 4939
2373 2628
407 1603
1689 4712
427 3093
1260 2826
3281 3923
1134 2944
696 1986
1289 1765
3609 3642
879 1966
1417 4830
373 2031
554 4961
2300 3015
1908 4009
1120 1220
165 1957
3185 4660
2372 4793
3311 4858
2379 4790
1869 3398
1854 3905
1201 3103
1792 4077
755 4104
1709 2827
989 4003
46 4996
525 3671
489 4627
729 3484
372 2068
3250 4432
3384 4026
1210 1298
747 4003
49 4905
562 4662
85 4631
1068 1222
3589 3767
262 3371
65 4740
432 3511
593 4015
476 4524
539 3586
4136 4704
23 1625
1338 4972
100 2781
1176 4727
450 4735
3793 4843
1207 4956
767 3267
111 4457
848 3661
694 4462
1209 4973
2754 4788
17 4514
389 1764
295 4375
749 3913
32 4616
3190 4589
101 3589
700 3091
11 4909
2006 2197
363 4498
1353 4668
758 2328
776 3468
1384 4431
67 3848
1610 4651
410 3891
12 3301
862 4921
7 4820
1799 2620
290 4528
87 4599
58 3732
4185 4229
1310 3992
580 2500
814 2826
3196 4758
750 1463
2394 3605
2875 3065
3437 3478
2819 3365
1558 4013
2142 4283
410 4767
1534 3229
1058 4587
2242 4432
600 4745
1553 4133
616 4657
55 4947
159 4481
1361 1387
1332 3052
126 4776
2423 4942
2158 4155
296 4805
243 3836
2003 4812
331 4890
334 4353
404 4609
122 4014
2583 4439
2943 4513
95 3985
257 3595
591 4866
425 4713
1668 3857
550 3929
1443 4519
283 4684
726 4970
1028 4000
3772 4790
7 4185
3374 4406
2033 3682
680 2379
2259 4300
2777 4350
980 2192
1765 1838
784 3382
3656 4599
2041 3910
1571 4353
1022 1316
2482 4461
21 4885
3423 4582
2925 3182
819 3517
96 1412
824 4261
1525 2772
451 3072
2024 3709
3704 4137
735 3387
694 3689
1336 4502
783 4398
2454 4385
2209 4269
1700 4337
651 4345
678 1592
183 4307
4646 4959
442 2599
912 1144
64 3810
1315 2610
186 2767
356 4845
154 4680
2154 3556
1416 4293
481 3249
345 3946
1366 4583
93 4972
260 3242
932 3121
561 3070
2363 3950
721 3316
923 3241
745 4875
2725 4936
1829 2771
2382 3211
1062 3167
506 2995
442 4727
3204 4841
2211 4119
498 3296
30 4370
992 4459
81 4391
59 1559
1902 4740
1742 1807
3146 3275
3191 4916
952 4786
2776 3929
43 3924
30 2759
1221 3280
640 1380
508 4973
298 662
546 4579
2447 4076
1044 4589
76 850
645 2313
927 3792
693 3204
3039 4393
3695 3832
298 1697
219 4797
232 4734
117 4895
483 2563
690 3176
207 4200
2318 4094
1275 2769
494 3929
1047 2563
3799 3889
850 3573
2509 3414
1528 3163
1154 3719
440 4997
2293 4737
842 1875
375 4666
640 1775
3106 3764
1654 2990
3601 4783
318 2542
3479 3890
402 3723
521 2244
865 2241
1635 4583
189 3257
1992 4780
159 1168
228 2884
680 4151
1591 2984
3130 4654
173 4377
486 4002
1212 4605
533 4938
671 4446
692 4546
1003 2362
3594 3697
14 5000
865 4700
13 4854
3637 3791
1135 4215
336 2401
1692 2598
427 4817
1358 1665
1266 4624
2332 2491
356 2706
1509 2837
442 4742
242 4575
1948 4295
2908 4319
399 4912
315 3391
1700 1993
250 4890
4679 4730
1030 3111
341 4431
995 4275
670 2171
940 4846
51 4978
2353 4332
57 3236
429 4862
664 4862
3008 3604
1150 3469
299 4998
3897 4966
4592 4603
224 4003
905 2782
307 443
915 2342
1447 2532
581 2807
1469 4505
6 4999
1614 2249
185 4735
3993 4835
630 4521
23 3446
976 4227
495 942
790 2647
578 4163
1534 2307
78 4217
1582 4402
43 3743
1394 4415
1632 2460
258 4887
168 1584
1214 2447
1681 3066
2639 3324
1436 2698
315 2319
223 4792
2568 4425
1748 4013
285 4023
3178 3444
1786 4199
1666 4771
123 4399
4319 4897
63 4167
885 952
1802 4664
2238 3691
645 1087
785 2568
882 4870
140 4875
1028 2462
414 4694
2693 2882
3328 4933
1208 4609
515 1412
2428 3717
789 1214
241 1210
1440 3139
2170 3214
1295 2333
1966 3842
493 4888
1356 1957
868 2473
248 2879
2054 3160
11 4922
2739 4999
2082 4548
2771 4340
179 4862
763 4156
2013 3380
2381 4763
1665 1842
1442 4554
1089 4841
2585 3969
442 4419
2379 3180
302 4943
65 3540
1669 3374
1248 3546
925 4102
16 4975
33 2335
647 4629
3229 4245
1136 3490
1522 4819
1125 2677
215 4193
929 4041
15 3261
2584 3199
299 1057
4 2174
3206 3937
409 3493
125 136
178 2744
255 4729
426 4207
245 3912
2492 2991
15 4981
12 4890
860 4352
3156 3232
1212 3620
782 4680
97 4919
658 3096
86 4953
889 4312
3264 4429
418 4945
1143 4205
77 4157
1520 3973
784 2101
2072 2708
2318 4371
4102 4855
1955 4837
1635 2682
1834 1848
1771 4336
467 3125
274 4829
459 4887
1038 4509
2882 4428
1843 2828
613 4942
18 1568
2307 4563
4215 4942
332 4243
1745 3026
1296 2125
3901 4936
978 2062
4121 4516
3223 4931
774 3111
539 4910
279 4821
1527 3620
1591 3982
2613 3495
381 1814
1921 2501
157 4999
733 988
72 4723
2232 4535
254 3586
890 4146
1477 1669
733 2657
924 4127
433 2054
506 1999
1362 2442
378 3711
16 4932
828 3951
1971 2997
522 4639
2727 3401
2043 4234
112 1978
511 3511
434 1384
155 2093
2303 4837
2543 4034
6 4988
2346 2842
1018 2802
869 1384
78 4945
190 744
3431 3650
1351 3432
1332 4439
3791 4082
543 4375
259 3196
86 4994
1164 4611
204 4810
1333 3257
2873 4950
785 4794
74 3680
691 2509
2793 3238
707 2902
993 2361
869 1636
1821 4221
1249 3422
1141 1905
334 4734
266 3480
93 4443
73 4941
208 4937
386 592
290 436
1415 3106
284 4533
672 4489
1772 2613
1796 4964
313 4989
841 4141
1174 3041
1601 4251
248 4567
125 4869
1936 4635
1477 3885
655 3336
1070 4840
688 1642
2561 4442
561 4903
2295 4822
238 4491
862 3464
881 3967
476 3503
3582 4360
913 4898
594 3739
1978 2458
760 4760
544 3366
2918 4734
3046 3846
2435 4588
233 983
192 1473
703 1560
1122 4234
1892 4273
1084 4290
4094 4873
1094 3106
1008 4938
2070 3484
1832 4998
907 1340
862 3532
3016 4323
2514 3270
1635 2119
475 4957
1100 4745
327 2599
1894 4128
624 2187
522 4330
32 1890
137 4280
161 4787
974 3211
2245 4576
545 4036
3884 4798
617 4835
2817 4691
1158 2788
3652 4974
835 4094
2239 2248
4512 4662
126 4817
2523 3849
2818 4419
97 4940
1090 3556
2543 4515
1504 1592
184 721
774 2547
1154 3415
42 4882
1289 3926
408 3546
246 2643
268 4993
1892 4011
867 4393
2354 2604
1816 4504
2562 4934
1500 1847
3471 4433
1484 4329
1700 1885
4163 4997
263 1369
848 1446
1853 4075
3096 4656
1188 4011
103 2548
501 4295
773 3413
3739 4460
400 3997
558 3689
1064 2645
2061 3302
3838 3974
1769 3152
336 1274
355 4716
760 4974
2957 4399
1781 3026
197 4546
533 4985
1059 4867
1926 4978
982 3544
1816 1928
330 3088
279 3846
2328 3134
3005 3842
40 2009
619 995
424 3692
156 4640
6 4754
244 2885
973 1204
708 4728
2936 4329
1309 3146
332 3556
433 2540
2412 3325
2630 4822
3 3757
1149 3198
1974 2510
209 2716
152 4470
1454 4814
80 4894
174 862
1681 3859
2092 4934
948 2941
1583 4975
2524 4318
54 3906
742 2156
679 3701
2154 4200
542 4036
234 645
156 4995
830 4521
344 2489
16 1118
144 3956
1384 4621
93 2804
1456 2380
246 4834
327 3470
58 4780
391 4714
357 4743
2196 4372
1360 2025
2722 4362
134 4896
172 3170
1273 2982
269 4778
2546 4168
504 4404
2647 3484
1730 4413
299 3549
1470 3878
2875 4189
2548 4522
474 3855
440 4609
163 4143
3094 4543
1683 3012
41 4967
580 1656
4229 4440
532 4780
1106 4317
145 4780
1113 4840
758 3433
409 5000
237 3272
991 4601
3047 3738
127 4969
16 4938
1078 1294
1162 4192
90 1947
2887 2967
786 1719
1190 1370
1611 4410
348 4485
1765 4844
933 2960
593 4521
1312 1595
3092 4032
945 2413
4674 4697
3382 4359
506 4153
570 2990
79 3645
262 4366
1547 2837
1035 3136
202 855
2693 4111
3081 4948
177 4996
1057 2937
1971 2902
466 4849
87 2786
2719 4513
372 3452
3137 3497
29 1689
31 4691
1503 4189
565 4957
2851 3787
1137 4529
460 4537
603 4729
789 4180
1862 4260
301 4686
449 4755
557 3013
2463 3723
694 3961
2326 3874
1312 3513
210 4410
700 3094
1002 3127
21 4995
1603 3697
259 4428
2022 4080
230 2808
959 3730
124 3797
174 4831
9 4998
127 3919
797 3890
1763 4396
676 4913
1669 4848
2216 2582
1862 3511
132 4219
286 785
2092 3165
653 4033
506 4358
2056 4455
70 4562
53 4985
439 4492
1112 4468
102 4938
4877 4990
1089 2491
1468 3576
1056 2803
217 4206
109 4839
2573 4308
675 4684
598 4987
767 4449
1270 4420
266 2279
4168 4808
142 4931
42 1336
3057 3112
76 3070
1830 2226
3157 3757
2795 4721
1036 2917
714 2229
969 1326
1483 1918
544 3744
709 3691
171 4801
26 4981
836 4400
2260 2976
3480 4833
1829 3890
1154 4408
355 4889
612 3315
2195 4957
529 4328
2447 3384
223 2861
159 3998
516 4864
809 4910
557 4725
1008 3285
708 3923
821 4029
520 4912
589 4451
1506 1665
1155 2579
3400 4608
3757 4224
154 4714
3321 3755
1 4994
383 1994
658 3394
1834 3134
721 3424
1843 4462
2451 3937
378 2138
911 4476
1137 4602
1470 2815
2650 4597
91 3716
1222 3425
3657 4933
300 2735
2012 3569
830 2678
173 3247
189 355
3655 4148
1136 2315
35 4888
443 3327
1553 4574
1021 1758
1914 3923
514 4114
212 4044
70 3240
2238 4772
118 2775
333 2745
1458 2839
16 4142
940 4155
1765 4306
880 2867
432 3892
1722 2067
40 3849
417 3299
1352 4845
20 4999
408 4033
310 2952
186 4923
473 4246
578 2848
4081 4696
675 4191
721 1689
2741 4606
1472 2116
3442 4454
3059 3172
1954 3710
775 4335
1167 1708
442 4883
425 2680
212 4239
1960 4541
74 4498
798 3593
679 2884
1995 3472
1638 3707
2420 2707
330 4707
961 4290
34 4741
142 504
1634 3262
1266 4351
1290 4532
2742 3659
2146 4605
1696 4964
2952 3773
880 4626
1899 2255
1963 2353
148 4560
4371 4818
1644 4212
1160 2231
2685 4092
1381 1398
224 3209
945 4666
2796 4961
315 4809
2980 2991
1578 1956
276 3153
307 4560
1961 4583
1131 2594
1069 1181
1833 3831
361 978
2621 4352
257 2369
1308 4936
858 2514
3793 4754
360 4406
775 3881
1636 2506
2717 3595
314 4740
138 4004
67 2638
770 2265
470 4933
2434 3329
702 4731
158 4866
912 3192
220 4868
2913 4043
167 3612
1127 2562
403 4673
3188 4267
937 4318
2652 4791
2636 3318
1737 4864
162 4265
15 4006
1887 3715
2217 3248
1364 4433
881 4357
1389 4552
436 3720
1357 4861
818 967
297 4281
2032 3500
1206 3707
322 4658
1062 1400
2768 4666
114 2308
1124 1756
272 1431
1812 2622
1836 2786
56 250
2076 4698
3466 4419
716 1723
564 1662
615 3161
4410 4983
1069 1173
112 4726
84 4347
398 3835
98 1457
385 1278
1272 2794
402 3877
2343 3246
49 3768
183 4300
104 4295
1319 3529
41 96
831 4913
2543 4843
18 4920
708 4232
1543 3079
2528 4055
690 4883
43 4517
585 2033
1423 1780
4225 4876
907 4337
1603 1680
962 2493
1498 4056
178 4730
544 4112
321 4496
350 4970
1495 3812
644 4429
764 4050
50 4919
1499 2982
4589 4840
1293 4180
556 3765
241 4082
117 2814
91 1591
750 2203
1708 4444
1524 2956
28 4707
1875 4043
3702 4753
549 4092
163 4487
1858 4480
388 4891
4 4970
691 4438
1456 2421
4504 4788
2584 4999
2397 4934
289 4744
949 4276
710 4196
254 280
195 4973
2653 3602
4332 4686
3191 4297
885 4006
648 3884
1469 2950
1243 3222
750 3353
3262 4428
189 2812
1056 4116
2292 3432
238 2291
1019 4117
884 2504
109 4871
3541 4907
78 3504
2214 3891
239 1736
2242 4765
2066 4867
287 1116
64 4561
430 2113
1996 2551
206 4900
3566 4866
225 3603
96 2870
503 3615
204 1429
632 4701
1206 4322
96 4508
2629 4506
171 3963
4612 4909
4027 4236
1405 2157
3185 4659
214 4437
839 2561
916 3151
16 1869
1091 2622
710 4632
156 4904
1012 3054
2484 4228
2844 3718
2307 4956
2070 4301
1666 3946
954 1237
399 3314
2481 3195
1607 2580
281 4538
346 1926
509 4207
1542 4091
269 1306
932 3309
2940 4868
2184 3877
572 4665
2854 4746
275 4934
3905 4093
1089 3897
294 2881
1939 3108
4 4970
3432 3644
1893 4050
1141 3649
379 1667
124 4888
216 3943
10 4885
634 2955
852 3326
1800 1819
921 4676
223 3545
4176 4735
1631 4328
2827 4894
1272 4882
2623 4030
41 4665
666 4971
2153 2578
260 2047
294 4813
1350 4507
803 3157
2618 3061
1325 2478
274 875
100 4769
478 1614
580 1395
249 918
2239 2258
535 1260
2853 3508
69 4979
2160 3976
4242 4581
232 2128
1508 4273
428 3403
1901 3982
1456 1531
3104 4587
441 3092
3058 3914
1059 4305
323 3968
40 4967
782 4816
60 3811
4283 4659
381 4879
2149 3457
1982 2618
4302 4425
1921 3704
1860 4723
472 2829
441 4637
120 2682
510 4776
1012 4978
138 4236
2335 3559
91 4867
2280 3813
2265 3639
1496 3521
869 4841
3404 4332
1646 4918
32 4986
103 4795
2291 2469
1943 4060
3 4829
555 3802
960 1772
2073 2207
584 4995
486 4881
339 1526
2650 3887
1689 4179
62 1877
1524 2732
262 4924
2193 4021
1690 4865
1299 3956
97 4916
573 2656
2003 4006
1197 3967
1670 3884
1747 2041
285 1284
2094 3007
2188 2305
2301 4442
3289 3797
2508 4315
197 2747
3003 3954
197 4958
140 4591
394 4998
344 4848
1861 3947
101 4433
289 2890
98 3274
710 1622
114 4794
305 4341
520 588
1581 1993
1351 2655
245 4621
3844 4693
310 3332
3807 4876
1265 2036
231 4891
2631 4294
121 4331
1590 3614
133 4793
20 3908
384 2421
1145 2077
1086 3980
575 1804
371 2731
570 4871
288 4473
2768 4623
28 933
674 4250
499 4420
2060 3194
1325 1689
2837 3866
405 2456
3404 4452
1742 3403
7 4816
3434 4351
87 3908
508 3422
37 4988
971 4293
26 4950
1675 2063
1800 4488
846 3016
370 4493
3040 4455
3422 4021
748 3808
970 4985
224 4850
252 3657
1611 4361
3418 4490
1030 4934
5 4621
3060 3119
1131 2155
838 3859
3217 3346
28 4926
1615 4649
406 4905
1417 4893
541 4776
146 4810
967 4463
152 1349
1335 4629
3130 3190
307 4536
4451 4960
256 2197
870 3997
3039 3761
219 3119
2477 4340
1906 2876
1182 4838
1031 2874
100 4943
3580 4201
3408 3791
3742 4307
2320 4615
3078 4958
3312 4497
1617 4720
434 4311
2519 4535
1326 4936
543 3594
1083 2916
3878 4214
453 1405
1798 4860
68 3790
2607 3749
2041 3805
1737 2211
602 3743
70 4946
560 4838
1216 2287
258 4882
288 4797
317 3648
512 4306
972 4576
709 2505
27 4916
352 4938
194 4405
221 4896
1941 3635
2865 4780
1160 4778
790 1585
13 5000
3000 3900
274 4983
1111 3915
252 3530
2229 3724
327 4787
854 4741
3069 4105
263 4345
783 4608
1894 4158
40 3745
3569 4892
1261 4081
2010 3699
93 4995
1700 3281
16 4410
956 4860
2903 5000
3243 3290
1587 3396
3663 3977
249 4135
446 1204
2051 3756
728 4106
1492 4627
1299 4541
2061 4281
906 3365
1677 3446
341 4548
537 3655
573 4985
1692 3213
2026 3649
1031 2680
12 1555
267 2506
179 2465
1609 4918
489 3564
59 4990
2613 4650
3979 4200
897 3917
4623 4972
59 4279
51 4172
863 4915
1244 3304
11 2783
3164 4061
3913 4305
3590 4622
512 2617
26 4544
1186 4910
1474 3292
183 4510
854 4890
1205 4200
1324 2615
1025 4634
1620 4319
752 3572
20 4789
1208 4896
672 847
1497 4090
1521 4649
1935 2199
865 3384
349 3289
1668 3833
986 4968
2073 4568
1711 3814
959 4883
347 4937
1526 2789
431 3213
2853 4601
3291 3656
128 4901
1427 4253
3447 3914
2247 4050
1159 4672
52 4978
4 4964
458 3679
104 4960
726 2836
3991 4857
1165 4970
1480 3741
2760 4805
351 4898
877 4242
155 1328
1489 4207
4048 4058
579 3011
5 4751
4493 4510
855 2668
3250 4973
291 4314
2171 4765
343 3730
3534 3997
2784 2905
705 3351
99 380
3012 4083
221 4729
3581 3866
1405 2257
258 299
2133 4996
435 3232
3181 4087
2361 4424
2118 4165
2752 3837
1223 2269
1682 1780
3149 4347
217 2340
318 4918
182 4450
1590 4989
619 4019
753 4725
1899 2508
1348 4011
872 4958
1070 4836
1114 4754
156 4967
3282 4435
2014 3078
198 4987
179 4923
2538 4461
3604 4438
760 3556
170 3218
359 1072
84 1761
1573 4747
3769 4376
513 4274
1543 2728
305 1715
3515 4365
1828 3037
937 4740
4335 4463
1769 2149
2871 4106
3266 4272
3147 4740
865 1045
872 2981
205 4870
2597 3411
8 4990
2090 4254
1567 1643
104 1003
148 4682
614 4569
1543 4537
3737 4468
597 4777
881 4964
2096 2610
3204 4833
430 4960
3385 4216
46 4543
2328 2395
1674 2865
400 3791
687 4908
634 4293
492 3575
302 4719
1267 4470
1260 4730
3369 4393
1076 1852
225 4452
1443 4942
393 3910
218 2441
2452 4505
202 4908
3983 4149
780 1907
1291 1665
1115 3817
1630 2245
3691 4115
1789 3973
58 4482
1359 4419
2767 3941
1303 2494
1166 2546
58 4849
939 3059
280 4915
181 4492
47 4901
768 4030
3353 4103
2185 4574
335 3887
3822 4593
1167 1684
1635 4961
121 915
12 4999
1254 4920
712 4891
1270 4912
1376 4833
232 4808
1696 2916
189 4934
661 4142
802 4455
2958 3715
281 4925
1968 3334
523 4086
79 4986
2635 4440
1393 4922
740 4821
99 4593
1244 4424
1699 3837
15 639
893 2260
2320 3622
808 4471
2510 4822
2024 2650
2019 3743
1866 3024
229 4584
2254 2858
70 1287
2067 3000
3069 4900
555 4535
116 4385
973 3079
433 4942
562 1172
984 3482
600 4912
1395 4975
3645 4878
1832 2683
348 4201
1269 4177
1597 1984
2748 3351
267 3900
399 2656
1681 4508
714 2026
3666 3993
1293 4029
23 4349
2539 4175
545 3264
609 4773
51 1748
1633 4417
2493 3589
1059 3334
228 3725
497 3173
158 2078
1861 1936
3347 4752
2365 4152
1587 4659
983 4124
3510 4808
3908 4508
1277 4871
313 4791
252 4839
4539 4938
591 3957
815 4011
24 752
266 4632
1846 3494
129 3683
483 4216
4153 4868
346 536
2251 3909
713 3325
713 3864
1093 3803
1663 4410
510 4551
2240 3852
915 1808
339 4883
4447 4735
80 784
372 4062
2495 3480
1620 1629
3664 4227
1037 4853
235 4144
176 2183
1121 3130
461 3584
1563 3339
2413 4206
625 1211
542 4613
677 4082
2066 4274
574 1900
55 4081
151 3941
170 3187
3452 4306
130 4962
1002 1723
264 4694
175 4432
197 4678
1816 4664
10 4889
46 3811
10 4293
1394 2936
300 2656
815 1689
259 689
1828 2165
3746 3999
114 1880
1570 4126
54 4289
644 4859
163 4734
1214 3213
761 4597
1637 3273
788 3534
939 4621
31 2877
2379 2715
516 2326
2295 2813
1508 2399
723 4982
669 2598
2500 4342
3963 4295
200 4900
535 4861
179 4304
123 4780
429 4335
415 4434
3767 4469
1889 2745
1985 4734
652 4877
2983 4681
3952 4339
944 4750
135 4805
249 4968
196 4440
337 1373
1668 3615
1120 4290
210 458
917 4691
977 3617
1274 3083
582 4474
116 3166
379 2576
1756 2194
853 4968
615 4778
494 3316
2889 3040
1673 4837
3844 4155
2351 2676
465 4318
1220 4618
2525 3857
1478 4469
1062 2695
1739 4188
401 466
155 4885
12 378
38 2152
2517 4271
3029 4784
2900 3816
2337 4279
3185 4890
62 4939
2484 4709
3356 3663
3241 3503
638 3185
3183 3866
3028 4014
1349 4004
193 4070
741 4214
2271 4276
1636 3320
3935 4321
3182 4401
325 4358
3618 4884
1937 4992
2793 3836
171 4962
2931 3377
1645 3952
231 1844
689 2872
509 3798
250 4047
19 3180
2136 4723
87 2179
257 1778
169 3878
2310 2589
1256 1353
74 4859
200 2245
3048 4603
2099 4126
1504 4052
949 4881
939 3748
2304 2541
2231 4543
690 1911
636 3552
616 2904
747 4782
73 804
2116 3617
463 3072
148 1422
1340 3572
1444 4100
2885 4456
940 3438
19 4803
760 3703
42 4256
2453 3737
1176 3248
1960 3844
2912 4010
1484 4598
3016 4918
1426 4818
2115 3699
3562 3564
468 4894
2295 4213
3584 3958
3784 4496
240 4232
264 2680
2124 3016
466 4539
930 4255
13 4980
1504 2217
76 4939
629 4165
613 2395
839 4448
1103 4652
911 2178
108 2175
616 4338
699 4590
3602 4265
1389 2606
708 3382
776 1478
2420 4348
559 3879
3688 4248
38 4660
820 4204
296 4269
204 1768
1637 3863
3 125
577 2775
1063 2317
84 4723
2051 2083
1146 3624
13 3097
3026 4220
807 4360
1643 3636
89 4705
307 4947
582 2998
156 4948
169 4983
1468 4604
1887 3102
229 2526
1168 2419
2593 2750
421 4322
2303 3118
1109 3985
7 4565
1770 2230
2263 4524
983 3700
501 3464
614 4662
435 4927
38 4913
570 1816
1538 3169
1226 3178
246 631
64 4978
1816 3630
781 3038
760 4080
736 2761
125 3312
45 1920
12 2701
2424 4623
1441 3888
530 3625
4428 4803
2635 3632
2529 3837
837 1854
207 4841
996 3970
778 4468
1052 3975
717 1351
1264 3309
1088 2053
1154 2404
268 4067
3176 3649
1289 2176
2536 3688
3846 4539
3614 4839
805 3355
64 4802
177 3030
2218 4502
2645 2820
3445 4607
17 4921
208 4543
2402 3359
773 1506
350 4931
2376 4403
1323 3106
343 2710
1489 3820
292 3515
1258 4328
1149 3610
1333 3340
446 4081
2623 3726
414 4828
594 1013
2426 3791
311 3849
3340 4098
362 3926
2773 3241
336 4065
195 4870
1107 4624
807 3565
125 4203
1393 2406
2439 4572
777 3884
2717 4856
1916 2843
885 3375
268 2713
998 1733
1115 1712
52 4943
105 4671
4078 4917
317 2004
1709 2805
789 2075
1215 3579
2104 4226
283 3895
281 289
1582 3516
232 4914
329 2772
622 1297
925 1173
2091 3625
2520 4205
3108 3917
2714 3612
2006 4316
2558 4800
877 2173
619 2814
2068 3542
181 1819
208 4288
408 1020
1382 1987
2095 2777
2068 4656
495 4949
3180 3585
1123 3887
977 2168
416 3074
1120 4572
3349 4516
2336 2594
397 2888
875 3950
119 4683
510 2091
2209 3596
981 3408
494 3051
3445 4837
2136 4451
2664 4609
1285 2683
1123 1621
162 4891
2405 4016
1160 4963
241 4507
293 4473
839 948
34 4889
2649 4441
631 1420
180 3190
78 3167
231 2152
1886 3275
177 4279
590 1575
437 2032
1378 4137
2580 4185
1097 2931
930 2925
928 2417
1108 3108
1940 3363
950 1696
9 2711
25 4865
160 1462
715 3118
898 4796
62 2153
2552 3871
130 4666
1604 3098
3397 3726
149 4661
43 4947
1387 4750
518 3970
743 3529
29 113
1318 3438
125 788
532 2956
432 3600
835 2002
183 4170
146 3442
342 4011
2137 2202
150 4940
418 4442
225 3146
1700 4855
2338 3842
2832 4889
217 3202
2819 4194
589 4804
1106 3427
1048 4862
4084 4565
329 3578
208 3839
322 4159
3429 3914
1142 2666
719 906
2010 2524
93 2964
1444 3509
18 4756
897 4322
44 4995
1609 2987
825 4414
91 4907
839 3866
3307 4671
121 4322
996 4727
214 4895
2661 4340
121 2196
652 4186
974 2538
785 4286
470 2690
1781 4742
11 4938
35 4630
218 4815
1443 2057
706 2262
46 4965
67 624
2141 3795
342 4816
1870 4360
2215 2724
673 3431
1817 3086
4016 4512
3472 4005
3506 3593
2479 2734
573 4023
332 4586
1073 4282
2227 4566
551 4251
438 4203
3316 4859
3121 4693
2304 3628
151 4952
43 4546
116 4745
660 4844
1823 4747
1320 4201
1875 3346
182 3971
828 4083
704 3177
3611 4521
1422 2744
344 2278
2881 3554
145 4652
2746 4334
1482 2973
209 4994
844 4086
2805 3806
322 2477
93 4845
2722 2727
1862 3151
258 4865
471 4759
4215 4770
612 4502
874 2486
652 2822
814 4555
1456 2010
1801 2178
187 4251
1911 4309
644 1125
1105 1244
413 4854
4342 4453
2631 3758
2397 4258
839 2819
17 4471
1663 3423
1597 4116
2483 2759
465 3333
503 3438
1155 4385
1306 4557
3062 3758
1019 3752
25 4982
975 1814
272 486
751 4768
278 4473
1113 3072
1799 2633
1552 2505
1058 2266
1027 2813
22 2142
397 4709
1989 2413
2404 2420
2629 3472
591 1702
10 5000
872 1106
3283 3708
2153 2810
943 3678
2361 3172
19 4966
1016 4649
2655 2717
37 4967
905 2238
979 4454
360 4235
10 4627
52 2189
323 2511
345 3628
1242 4382
893 3410
2338 4706
1093 4534
32 4491
912 3560
30 4914
1903 3972
4576 4726
524 4367
1321 4587
809 3793
4571 4571
118 4816
54 2548
84 4811
1805 4976
1386 2433
473 4141
1175 2974
1446 2634
31 5000
6 4047
1306 4132
922 2446
2142 4151
530 1311
1674 2492
347 3209
4442 4449
239 4799
3221 4790
647 1508
1093 4529
821 4906
262 2375
17 4250
1338 2856
937 4093
31 4874
77 4023
882 3424
2683 3091
3371 3588
3213 3626
171 3133
477 1719
131 906
3201 4654
1312 2753
632 2344
337 4750
86 4687
73 4405
3742 4566
753 4652
1273 3822
374 4821
1351 4995
3605 3983
246 285
738 4892
514 3339
824 4847
3400 3785
1017 4675
3266 4480
384 3145
2115 2494
3908 4301
2040 4032
1119 3648
3337 4911
863 4912
2572 3615
620 4188
760 4516
255 3982
1629 1809
505 808
1329 4278
218 3677
1606 4613
112 4810
330 4211
2119 3436
209 3234
1374 4929
987 3914
669 4262
222 3873
3162 3181
2448 4966
802 4619
2927 3418
1514 1737
2808 4909
550 4909
989 1485
463 2977
2296 3643
3406 3649
316 4610
2368 4423
1717 4864
1920 2676
374 3345
1179 3779
682 1704
485 2155
3409 4156
1088 4478
935 4269
2155 2840
1045 4286
2404 3788
90 4817
816 4077
830 4570
111 4925
1419 3192
3008 4823
637 3277
718 4900
802 3069
35 1356
186 4985
337 4869
1597 2954
49 3959
1463 4702
10 4871
3685 3872
4003 4590
1613 3176
2458 2528
672 4920
3199 4428
1835 1928
3796 4364
1540 3663
3 4998
1197 3471
464 3755
1631 2787
247 4762
584 3047
2306 3817
198 4828
386 3238
1983 3156
95 4294
1012 3678
955 4781
367 3847
4514 4817
3157 4988
2090 4773
824 4613
2980 4416
1832 3430
905 4967
4084 4422
93 2734
610 4021
453 4273
1210 4540
1528 3852
1829 4234
3430 3791
3468 4036
301 4906
3407 3589
2013 3994
906 4616
338 2010
1042 4983
2502 3703
1531 4890
3192 4060
43 4614
264 571
1886 5000
65 3335
1975 3542
23 3199
2380 3021
1151 1466
1123 2217
676 3388
1862 4947
632 2714
1630 3044
3542 4506
1221 3581
279 1398
88 295
3582 4011
4211 4655
363 4996
349 4001
14 4908
1397 3107
2031 3454
227 4291
177 2127
529 1619
338 4854
213 3357
482 4944
895 3763
310 2070
1024 4917
4548 4734
83 3554
162 4905
3 3990
1189 3644
1562 3306
81 4885
2833 4992
1814 2516
3624 4956
1958 2757
84 4845
759 1815
66 4806
1658 3966
798 4339
292 2662
235 4805
805 4883
1005 4607
1746 4166
3182 3323
1530 4143
71 3422
741 2381
2755 4577
41 3812
1606 2669
1355 2893
3233 3622
733 4800
137 4884
446 3743
2687 3694
1900 2024
2 4940
497 3785
280 411
984 4667
343 4602
1738 4168
888 2143
2813 3917
742 4165
1371 2424
3350 3870
835 4321
3076 4516
111 1286
2699 3295
237 2639
2674 4662
1052 1517
1578 2788
926 2093
649 4504
2046 4494
580 4959
68 4889
192 4523
2357 4014
145 3180
2338 4199
1766 3531
1923 2940
1296 4861
4087 4764
1465 2448
86 4806
521 4556
3757 4277
1201 3915
171 4892
1671 4167
479 1801
464 1115
2299 2875
46 4547
1421 2201
1315 2741
108 1924
677 4842
69 4899
1264 2549
462 4555
40 4811
329 4694
1206 4131
852 4709
702 4300
2472 3864
343 3675
223 4811
135 3574
2204 3413
2238 3263
1309 3965
2081 4032
3750 4209
1298 2551
1546 2687
2020 4536
1580 2394
24 4976
2718 3812
1978 4552
3039 4734
890 2997
3189 4145
431 3248
3516 4819
906 4413
404 2690
1004 2794
194 2386
226 2925
1236 1817
931 4738
522 3013
309 4438
319 4209
309 4839
3043 3918
133 4796
465 4846
1284 2396
1304 3437
272 2785
137 4712
225 4782
230 4760
925 4454
938 1659
89 682
297 1882
2038 2181
292 3881
1942 3799
159 4919
2078 4360
991 4677
2350 3222
1873 4652
2100 4052
931 3966
3876 4836
1782 2705
163 1989
528 1494
2504 3575
607 4271
294 4946
610 2849
128 4679
387 3960
1015 3813
917 4920
140 1549
2578 4441
4318 4722
305 3780
2247 3634
771 3220
72 4025
2229 2282
146 3962
1130 4129
2754 4816
50 4655
373 4584
2467 4680
1013 1227
3543 4319
347 4981
369 985
2501 4859
173 4278
414 3985
319 4793
4177 4454
181 3468
402 4023
2058 4498
596 1211
342 4677
1744 3127
2728 3064
22 4550
720 3234
1430 3130
1564 2846
14 4774
1887 4854
1564 4769
3895 4746
408 4645
311 4389
366 3599
265 4988
364 2322
28 4982
1773 2928
1010 3206
1226 3588
992 3631
142 4584
1136 1280
1494 4622
3897 4639
880 3712
1763 4531
883 4235
141 4265
518 4937
223 4055
1573 4141
2637 4914
1372 1824
818 4385
492 2045
163 3560
810 911
806 3763
4229 4587
2074 4796
435 4227
428 4492
178 4816
178 4887
20 4991
199 4802
3355 4561
2137 3751
1580 4806
4402 4663
2450 4531
4493 4494
1380 3368
67 4782
1466 4101
948 4093
343 4728
939 4434
2309 3265
1049 4774
2772 4063
109 4345
41 4650
876 3377
52 3540
357 1627
523 4857
982 4675
514 1810
1203 4047
1713 4158
714 4768
14 1878
455 4052
108 3336
2410 2739
482 3733
45 4980
3502 4554
333 4012
1719 4341
16 4918
1700 4522
946 4143
471 4422
204 4967
1780 2992
905 4876
233 3097
685 3665
463 4258
364 1829
254 3939
1879 2200
1155 2486
4531 4740
2442 4030
2760 4443
541 2294
1451 3892
3035 4804
2925 3053
2157 3690
1918 3911
3578 4210
396 3246
238 4622
3032 3680
208 1825
3229 3489
1633 3409
132 4865
1053 1944
305 306
3980 4775
457 4847
79 4953
2340 4815
2259 4885
2700 2900
375 4348
684 818
170 4823
4106 4639
2197 2938
1659 2270
1214 2390
1366 2988
1843 4763
481 4941
2332 2416
1225 1791
208 2290
439 4242
79 1004
1025 4273
1730 4868
2323 4536
1744 2249
395 4673
1186 2436
337 4494
967 4894
142 4859
544 1291
269 4575
830 2711
21 4958
640 2790
960 2946
1366 4894
277 3321
1368 2769
320 1663
233 3614
1916 4854
81 4960
64 4571
2580 3118
2083 4877
658 4581
1698 3916
283 4295
677 1731
216 4932
47 4704
365 1544
1268 2856
20 4912
1924 3754
3415 3528
4210 4750
3162 3764
1085 4659
378 1524
2070 4265
262 1606
3233 4289
1277 4847
1741 3496
1725 3792
2559 4015
644 4932
34 2368
592 4749
141 4267
414 3986
17 4361
2071 3732
3558 3892
1191 4869
1154 4434
1298 3198
581 4405
591 3846
85 4680
94 3301
4087 4450
34 4852
1169 3656
16 4932
3297 4230
264 2386
1035 1475
3215 4152
371 3896
441 4477
76 4848
147 4886
1780 4136
3158 3665
2876 3791
528 3926
1376 4215
1235 4011
868 2011
77 1591
2276 2301
848 1729
1042 1202
2645 3588
114 3217
1032 3133
2366 4638
434 3227
4088 4532
3181 4893
683 2695
22 4973
849 4433
2246 4826
3542 4774
1509 4759
1185 4392
1177 4721
125 3951
352 4906
187 2627
704 765
642 4860
393 4940
1460 3933
1967 2864
113 4913
401 4552
279 4643
1313 3594
307 4242
1308 3000
1459 2929
1504 2935
1249 1403
73 3868
672 1948
384 4388
471 2499
2281 4916
409 3827
150 4492
929 3671
475 4173
566 2639
2696 4568
1010 2477
1809 4163
121 636
2065 4652
161 3483
570 969
227 4882
3861 4548
223 4785
104 4844
2211 2757
1100 1228
1494 2586
1662 4208
57 3274
1825 4508
2180 4540
1435 2734
822 4233
2076 3604
251 4773
2585 3984
46 2182
1106 1385
295 4583
1340 3461
1215 4346
2769 3929
1691 3612
96 4826
4240 4304
2373 3181
648 4650
680 4398
31 4938
2931 4058
223 4506
2012 4122
879 3179
768 4368
683 3670
1477 2708
237 1054
1200 4355
437 4134
1644 4064
538 4704
623 3564
1588 3973
140 3237
175 3759
503 3855
1073 3472
1593 2203
615 4889
3196 4342
843 2991
642 1528
596 3199
284 3317
1656 4620
2650 4661
332 4765
2058 4582
90 4918
1795 3360
290 1835
691 3596
225 4982
1204 4162
1384 4669
4097 4953
103 4998
811 4819
2291 4069
1446 3259
900 3577
26 4109
656 4711
1927 4015
1094 1391
548 2917
694 4558
2374 4877
2932 4334
2034 4848
1021 1105
588 3374
1824 3150
3892 4869
1134 1354
278 4442
231 4685
582 4700
1623 3942
2166 4655
1165 3941
419 4976
737 4662
42 2497
95 4711
456 4754
3560 4961
57 3451
285 3758
2 4993
1221 2772
224 4990
2646 3041
2789 4749
848 1150
13 4905
86 4893
430 2862
1830 4923
3458 4975
40 4976
1829 4030
134 4788
873 1467
2429 4856
4533 4637
1898 3445
604 4655
500 4678
3082 4587
1186 2621
100 584
930 4193
1822 3651
128 1911
3256 3543
3061 3478
2093 3982
373 4431
337 4594
3864 4979
21 4951
399 2918
4106 4202
89 4671
1828 2281
2345 3235
2203 3577
3200 4021
153 4631
490 4141
183 4859
17 3356
354 4783
1706 4594
512 4848
1520 2271
993 4806
3473 4520
2238 4434
3747 4819
1251 3908
1603 1921
1005 4740
1138 4304
56 4934
878 3435
2506 2818
624 2521
2038 3068
1332 4147
1933 4118
417 3821
488 4479
209 3599
362 2948
625 4841
398 2104
2470 2821
18 2580
1079 4195
1517 3518
2907 4931
1077 3942
2507 3932
1718 3585
1941 3151
1935 4704
573 3788
2111 2800
1429 2035
2991 3196
1873 3481
226 3929
554 1447
2310 2400
169 4872
639 1546
1739 3456
299 991
1132 1523
856 4365
210 4994
1 4981
2284 3996
1043 4291
554 1860
1109 3295
674 2944
1291 1634
1330 4550
967 4883
606 4611
1266 4619
89 4916
47 4459
252 2288
695 3062
372 3836
904 4355
573 4123
944 2270
193 4693
1159 4865
2041 4958
58 3763
632 1498
2735 2780
1355 4179
3173 4199
1841 2433
3453 4743
2874 3478
2672 4005
2893 4356
336 4934
186 3472
165 3891
933 2652
2119 3961
463 2945
649 3458
624 3610
17 4864
698 4713
107 3844
128 4372
2277 4801
78 1817
1326 4377
1922 4982
4477 4708
2499 4150
2566 4630
159 4110
3951 4993
22 4994
3753 3772
1101 2092
514 4969
2398 4439
3067 3203
837 4533
440 1996
667 1403
2957 3414
4276 4528
2335 3591
4058 4368
2778 3396
623 2596
251 4527
771 4895
3647 4246
213 4391
451 4984
1786 4787
588 4532
330 4222
33 4926
926 4024
2442 4944
1524 4758
3246 3457
2155 2581
1411 4487
3 3378
972 4552
623 3519
2953 4691
64 4900
1274 4819
2953 4107
1058 4186
690 3729
741 2918
2771 4551
1002 3318
228 4389
1162 2331
1378 1395
426 4231
2621 3040
689 4617
939 1688
1154 4494
1381 2031
89 4837
1205 1830
3217 4637
2396 3611
1756 4823
1431 4475
764 4193
23 3221
516 2098
1442 4110
416 4049
125 3516
1729 2930
725 4499
2284 2840
392 1945
1263 4741
694 4272
909 1084
1933 4646
3081 4479
456 2614
117 4491
405 4984
99 4978
380 4263
1656 3671
579 3533
1293 1843
1257 4824
3130 4650
34 4944
1243 2884
1327 4984
234 5000
22 2023
233 4521
229 4515
968 3989
618 4545
268 2510
3272 3331
113 4150
407 4976
3977 4369
1778 3188
812 3130
74 4899
64 1932
119 4739
