4999 5000
1758 3318
77 1018
398 3082
1231 2932
67 4912
831 2012
47 4878
441 3393
2044 3712
1016 2458
97 4577
1113 1308
3363 4185
14 4284
2645 4586
2901 4526
833 2051
1260 4436
3010 4791
2342 2838
1666 3283
310 4680
112 3450
706 4665
141 4070
144 702
2626 4497
593 1993
1205 4539
414 4932
2354 4885
1932 2707
2623 3498
990 3371
78 4629
1382 4386
151 4882
2635 4849
2426 4267
1629 3995
1038 4704
2031 4220
769 3304
1454 2535
1399 3513
3365 4075
419 2381
2779 4976
226 3411
1018 4757
218 1006
96 4476
1564 2243
1774 4113
678 3958
428 3311
579 2700
822 1421
261 4278
3414 4830
378 4690
1149 2237
241 4193
2083 3889
1470 1756
838 4860
109 606
506 4573
1416 2792
500 4889
3582 4420
7 4908
349 4991
3700 4949
18 3698
113 4911
502 4973
299 4888
2926 3304
1486 4474
1593 3277
1350 3124
2354 3065
4437 4885
3449 3871
615 3378
716 1727
3516 4312
480 3091
2046 3099
2599 4813
2547 4173
492 4913
23 4993
1082 3883
293 4595
406 4183
8 4887
2657 3218
1617 4556
496 2717
2183 4401
49 4967
2598 3618
1565 4433
3514 3644
626 3524
1493 2969
617 4865
97 2985
4323 4535
897 4688
3424 4151
298 4048
682 4990
2618 4236
101 4947
1626 3180
45 2369
1698 2349
1379 1904
946 2005
2850 3187
3122 3790
1027 1205
587 4399
443 4635
759 4765
454 4908
1736 1865
1240 4330
100 3918
917 4336
348 4820
3444 4800
1053 4834
371 3396
1654 3982
272 4230
1329 4669
83 2798
869 4871
195 4830
146 4035
628 4947
1024 2174
15 4964
301 4132
2010 3045
530 4728
1747 1847
3080 4619
1074 4342
64 1275
201 4644
239 4418
1891 4927
2025 3138
2672 4086
962 3957
3053 4928
496 4414
839 2179
1916 4571
784 2723
1672 4926
777 4601
2086 2224
1731 3887
3251 4557
645 4761
3124 4295
90 4375
1544 4580
256 4841
1744 2395
3753 4134
1934 3843
2518 4875
728 4785
3375 4508
405 1867
478 1733
378 4531
1398 4803
2868 4588
1372 3635
699 2689
1208 4625
44 4639
51 4723
93 4994
910 3951
198 4736
3507 4314
2089 4744
2483 2618
68 3999
475 4783
974 4700
1635 2246
557 4963
1251 4844
55 4976
508 3546
275 4782
167 2945
1558 1656
1032 4992
3333 3753
1920 3615
595 1530
1338 4928
366 2782
144 4961
683 3093
4425 4910
1501 2970
4708 4952
2526 3338
3097 4356
326 2611
472 3875
88 4800
4633 4778
593 4989
577 2826
34 4884
73 3567
140 4962
857 1298
253 3495
1233 2546
1298 4151
122 4566
1528 2598
1561 4573
776 3118
2516 3880
71 2407
3075 4020
286 4989
461 4951
758 4306
3673 4749
23 4975
454 3503
1581 4026
1163 4870
1414 4564
1091 3851
3238 4025
1604 3232
433 3359
106 4949
496 4546
783 1505
473 4239
678 1395
1309 4237
933 4779
624 1948
92 4997
651 4995
705 4513
2302 3912
632 1131
3621 3654
1499 4824
1292 4397
2516 4052
1757 4689
1092 4653
436 3322
1176 3751
2445 3046
575 4073
771 1330
3399 3944
41 3753
4296 4361
1271 4792
693 2552
4839 4851
1905 4690
908 4723
946 4786
318 2077
4091 4229
4016 4610
1339 4824
1397 4496
168 4690
46 4874
2064 3195
2313 2482
632 2446
651 4983
349 3694
552 4914
1317 1674
328 4233
4262 4665
1156 4021
1910 4267
971 4507
666 4216
1003 4411
2925 4488
1041 4900
1841 3087
2742 4100
438 4737
2642 4620
1286 4002
692 2255
2283 4697
1198 1936
3451 3718
1272 4979
3596 4364
2516 3156
36 4512
1040 3533
919 4580
940 2040
2362 4946
3251 4516
275 4911
222 3625
64 4125
2217 4901
66 3268
515 1577
842 3139
2799 3888
606 3601
933 4708
2875 3728
3201 3909
803 3144
2499 3098
2497 4502
526 4616
471 3963
353 3598
144 2862
1717 4799
821 4949
3043 3398
822 4919
25 4365
1574 3704
227 4467
1385 2782
981 4372
19 3918
2286 4932
2563 4766
256 2013
3037 3815
3464 4845
816 2387
290 4901
1666 4869
3466 3683
703 4736
1196 1213
1080 3755
77 4906
1130 2428
869 2042
1043 4416
805 3279
1186 2875
3934 4740
407 4285
2291 3116
664 1599
228 4124
1615 4837
507 4798
923 3298
190 4747
1205 3638
1279 2419
234 4869
436 2201
734 4736
1329 3670
7 4575
344 2963
994 4380
910 4367
718 4210
56 4451
4614 4824
999 2994
247 4860
2573 3188
416 4715
36 4823
645 4394
1857 4951
1629 4844
794 1555
571 4320
1048 1395
2668 4739
605 3701
1263 4710
275 1289
1949 3448
1187 4679
270 4978
1143 4059
311 4750
331 2902
968 4211
615 4476
1916 2297
4009 4468
1463 1984
1396 3900
10 3384
963 3004
1426 4938
1142 1588
626 1171
1057 3459
1504 2902
213 1472
2096 4100
3015 4373
257 4368
83 4447
2670 3718
442 2740
220 2261
1615 2067
3094 4262
308 744
871 4219
1213 1884
1856 2514
2583 3899
4 4863
2436 4730
310 2475
52 4981
104 4892
741 2821
237 2066
2379 4903
2776 4133
2882 4267
1775 2289
333 4599
3402 3835
69 4986
1823 3173
409 653
153 3638
256 4770
479 4051
288 4722
745 3912
796 2068
43 1944
102 4234
1984 4652
1210 3192
49 239
1647 2652
1857 3099
197 3218
2177 4607
547 3972
4199 4473
107 1651
2173 4399
89 2102
224 4932
524 2476
411 4938
739 4766
3014 4443
646 4986
594 4504
453 1851
1517 4619
3166 4471
1589 2962
1724 3423
6 275
1707 1744
683 4730
401 3744
109 4311
2191 3737
206 2044
274 4977
3532 4764
770 3956
1592 2305
1067 3743
516 1948
1770 2745
122 3283
1479 4224
76 4978
587 4138
1069 3900
567 4856
1831 2578
1892 2983
1137 4930
3016 3407
230 4616
1581 3053
1042 3506
1334 3841
1159 2956
870 4554
1510 4228
1128 3086
152 4993
247 4705
2411 4547
1030 1511
122 4640
515 4848
2527 4455
285 4154
1989 4296
120 4848
128 4518
1459 4642
62 4722
1707 2034
738 1701
1237 2602
704 1960
4375 4580
747 4157
2017 4577
2741 4294
376 4728
5 2568
468 4850
378 4748
560 4381
440 1584
1170 4793
350 2373
1003 3691
1962 4116
1861 2863
2493 4082
133 4932
955 4836
322 2550
2862 4401
8 4994
451 1946
2556 4146
2543 3464
1103 3673
817 3802
732 4763
1837 4067
126 1031
130 4710
544 4234
513 1804
4644 4779
2470 4727
1552 3372
2253 3586
42 4955
62 4135
3783 3820
2604 2763
473 3408
1393 2116
173 925
666 2114
224 3494
1113 2306
1371 2665
921 1708
282 2206
1264 4387
1631 3738
812 3376
1873 4554
166 410
1892 3990
1549 4556
230 4718
1191 2859
71 4799
790 2856
1341 3947
297 1051
1435 3195
624 4548
807 4040
1007 4307
3159 4425
228 3878
2452 4021
3161 3260
2806 2985
210 4308
726 4394
1191 2742
230 3931
131 3491
162 4692
1015 3836
194 4663
497 4945
1694 2544
859 1267
510 3480
3324 4585
1221 4719
2241 2348
2787 3118
4217 4747
40 3261
3167 3943
2779 4965
1112 4288
1419 4074
2026 4957
1368 3111
1018 1040
1010 4140
165 4257
1430 3715
2444 4770
1108 4369
67 3713
90 4989
679 4422
2657 3953
258 4723
75 4999
172 4750
1888 2279
273 3575
10 4537
4732 4890
112 4613
1612 3519
542 3203
945 3751
4439 4744
2006 3008
906 3510
294 746
1890 3733
1267 4900
23 4671
965 4075
21 4675
8 4993
1185 4321
4456 4911
70 4693
459 4009
908 4730
504 864
823 3646
2762 4122
2299 4195
1921 2708
1497 4345
3194 3878
165 967
178 2876
2208 4807
901 3827
1696 4690
888 4169
2634 3406
2086 2958
1679 3534
1661 3570
631 2321
3916 4469
584 4856
1132 1536
720 4933
1962 4310
929 4024
259 4018
571 2341
156 1154
626 669
3187 4120
1144 4196
586 3102
705 3986
969 4181
197 4361
132 2106
2496 4297
712 4261
172 4953
677 4506
341 4965
520 4511
3418 4548
210 4954
575 1208
2540 4163
1118 2519
193 4534
601 1230
1394 2866
425 3663
1497 2429
2388 3294
1104 3106
82 4096
810 1321
184 3937
875 2988
964 3981
442 3931
17 4669
1085 4178
599 4568
79 4812
64 2338
356 2287
3785 4772
1102 4782
778 2148
1364 2121
171 3946
245 4202
2219 2769
95 4933
728 4195
64 4586
2359 4846
2214 3127
2629 4822
1275 4920
900 1817
1565 1615
1731 2732
627 4841
1523 2596
2671 3216
204 1904
4040 4383
1086 4865
2299 3804
1716 2176
3520 3538
242 3463
179 4671
210 3246
40 1021
649 994
818 4753
73 4973
40 4762
839 4455
1320 4902
895 4087
834 1874
227 4855
1567 2803
954 2100
620 2495
1705 4825
4156 4651
2608 3648
2000 3926
528 3284
207 1306
2135 2348
1182 4477
657 4007
381 4595
449 4706
3159 3849
4098 4267
2480 4495
578 3989
711 3872
1764 3844
1771 4169
1667 2681
337 2359
1560 3136
18 4830
2487 4701
2191 2577
843 4794
206 3572
809 3883
3268 3919
1591 4235
545 901
719 4251
394 4841
657 4315
166 2279
547 4935
2432 2814
22 2411
191 4984
1971 3630
345 4896
2963 3559
2000 2428
237 4142
1052 1716
1409 4709
546 2349
255 3471
953 1672
1176 4637
878 4250
710 4423
1555 2808
1755 2060
1884 4651
108 4751
169 4267
901 3661
774 4455
1660 2272
611 4713
333 4493
665 4963
1258 4291
268 3723
381 4408
74 4913
892 3242
2622 3742
1057 1718
106 4935
1321 3447
639 4431
42 115
3007 4331
447 970
872 2980
1274 4636
2676 4023
339 3979
138 4678
1416 4629
560 3855
2262 4360
1129 4826
726 3542
1381 4831
330 3087
1952 4699
4001 4761
438 4351
3 4881
3922 4779
1159 4231
132 4906
1409 1503
18 4968
232 4779
2682 3580
1358 3215
2372 3915
970 1433
1012 1985
3334 4883
331 1130
33 4583
383 4985
83 4276
833 1285
4 2211
1309 4356
67 3896
233 4225
734 3592
2794 3294
1612 4655
168 4539
2595 3877
474 3311
52 3554
1139 2247
1533 4464
74 2770
256 2320
610 4943
843 2990
81 2688
1292 4812
1220 4254
1242 2510
1034 3120
2731 3890
277 4581
537 695
3227 4876
2981 4226
1333 3510
1902 3336
815 4259
603 4787
290 4838
3114 4125
410 3290
149 4911
677 1103
1471 2323
1782 1930
575 1418
706 2245
494 4864
1995 4879
768 2622
1408 3751
4385 4690
3150 3252
4855 4957
1751 2884
85 4519
420 2458
1481 2269
668 3979
963 2816
893 4771
1585 3085
432 3828
1361 4258
1777 2549
1071 2368
2008 3646
332 4815
18 4957
1529 1906
423 3973
465 3288
124 1577
1607 3522
3948 4587
1328 3586
193 4405
455 3931
321 4572
2495 3326
404 3653
995 4098
863 2816
1215 3825
673 4098
1530 3773
384 4976
156 2693
920 4897
1770 4947
32 4958
305 779
443 2839
42 612
2001 2626
3277 4805
1084 3900
2276 4778
555 3305
2569 2730
877 2930
392 4860
2919 4148
440 4252
977 1307
557 1476
1491 4045
1832 3574
84 3444
1352 4139
112 4955
2998 4976
1848 3316
2084 2603
1795 4335
378 4927
4079 4526
37 4645
2814 4886
3763 4503
815 1173
87 4465
1988 4904
780 3827
2722 3805
74 4953
172 1744
522 2642
1600 2991
131 4444
4079 4598
106 4977
1002 4206
406 4534
167 4959
1757 1894
640 4084
1993 2874
312 2412
593 856
3747 4569
1008 2106
1290 1717
657 4969
989 4729
951 4043
536 4889
1622 4658
93 4203
1273 1347
58 4858
586 4436
1526 2027
175 4796
962 4175
361 4831
2740 4380
2114 4423
1350 4144
971 4285
706 3362
1271 2991
3316 4305
154 1469
4 4196
2254 4161
1197 3698
1388 3361
563 4414
231 4812
217 4186
1513 4875
703 989
2634 4951
3950 4310
1423 2772
2424 4560
1072 4118
917 2449
433 4195
3378 3596
317 4670
101 4978
759 3026
2254 3240
2763 4902
1307 4458
887 2016
367 2848
1219 3980
2214 4166
1056 3696
57 4726
18 77
371 4255
848 959
1447 4010
3087 3170
4134 4263
1240 3021
444 4982
2723 3879
197 4799
1397 1471
1113 4448
35 4799
1315 4507
1859 3231
1236 4572
2149 4627
1617 1933
2560 4573
227 1677
715 4097
2765 4067
1845 2626
1027 1205
975 4638
844 4433
72 4966
1034 2847
2676 4459
687 3453
1348 2996
8 3840
1289 4345
4175 4371
499 4323
2124 2316
2829 4286
521 2644
4332 4384
1122 3481
739 4995
325 4392
3547 4726
2336 3212
163 4727
31 4802
604 2530
31 4632
1096 4857
214 3742
71 2086
1715 4701
1213 4041
20 4012
297 4501
1010 4320
497 4813
1256 2699
234 4789
2946 3313
2222 3945
1114 4996
470 4673
216 4909
583 2829
1102 3160
118 4904
759 4274
691 1288
1403 1976
1206 4615
2501 4837
82 4799
9 1565
487 1673
363 4529
3230 3858
1619 3748
2919 4581
32 4980
1601 3180
1115 2772
1508 1913
1879 4558
4161 4236
38 4677
643 4735
1769 4331
3246 4710
108 3506
1345 3698
1480 4441
1764 2798
2851 3949
62 4623
259 1501
809 2980
2513 4491
975 4083
637 4123
325 3171
761 4969
31 2071
115 2632
440 4604
956 4317
208 4181
992 4662
2538 4921
1163 3094
167 4636
23 4935
543 4997
533 4670
1183 4525
1150 4775
1013 4842
1282 2610
604 3272
282 2653
103 3974
243 3371
58 3655
1015 3664
1904 3231
256 4746
2735 4732
1792 4965
951 4642
94 3366
24 4959
734 4750
1816 3949
261 1838
427 4087
555 1342
821 4575
282 4822
897 3929
2697 4094
2715 2905
1294 1722
162 3092
633 4054
745 2236
290 4939
260 3284
434 4430
223 1950
431 4499
2352 3412
90 4900
4067 4761
1497 4489
9 2825
1349 4053
4638 4945
2548 4868
974 4767
2431 4111
3606 4897
1426 3380
2900 3808
370 2979
1422 2007
489 2434
1970 4724
2748 2766
1378 2676
351 3992
1267 2629
770 3384
1001 3810
1593 3180
3252 3470
1126 4424
3874 4305
2535 3277
1352 4931
1813 3165
683 4929
1061 1653
58 4610
1923 4939
269 2133
581 2283
2611 2664
4929 4946
1006 4764
1077 4651
2061 4363
335 4916
1985 4280
208 3364
3697 4981
1378 4809
1746 2524
1215 4825
2662 4136
94 4229
339 2040
825 3390
223 4902
2009 4552
3029 3568
311 3561
618 4390
2216 3445
1544 4485
1195 4309
492 4152
1734 2143
4025 4593
1312 4319
2837 3597
1868 2560
2550 2775
2989 3386
1874 2405
1899 3094
916 4306
502 3198
119 4840
1171 4315
425 4426
109 4227
2136 3917
56 4984
1691 3044
11 2505
2154 2707
2441 2475
172 4867
789 3368
3478 4126
339 4958
1984 3332
1235 3054
1079 2035
1690 2490
440 4544
365 1604
290 3764
985 4442
398 481
1003 1358
2954 2998
324 4466
830 4832
3075 3254
1092 3877
446 4315
2327 2991
20 2150
3097 4718
719 4819
147 682
387 4624
1106 3187
3329 3691
3089 3531
3121 4960
1231 2881
1191 2914
3489 3645
2613 2967
492 2875
3128 4357
520 1182
246 1829
60 295
4035 4295
843 1651
322 1775
1635 4269
420 3687
817 4450
339 1863
1830 3263
238 4975
926 2329
602 1087
2282 4139
1761 3912
1670 2178
927 4633
2142 3504
761 4400
1539 4200
931 3076
350 3926
260 4966
3397 3588
2930 2932
123 4555
7 4791
2305 4403
2161 3101
1159 4239
1178 1931
151 2971
76 4930
467 4494
451 3795
1246 4498
1192 3438
1600 2854
1343 4382
2223 4899
3736 3897
179 769
2710 4838
743 3645
459 3213
1711 4555
2116 2163
165 4889
410 2541
367 3547
1650 2234
1505 4991
41 4880
2824 3803
2159 2221
1246 1795
932 3392
608 1654
600 4161
3755 4194
4130 4169
513 4947
722 2697
2414 3725
38 4819
3265 4805
311 3902
665 4954
406 4611
872 3240
803 4036
16 4950
3297 4742
3628 4868
1926 4203
1835 2255
1238 2498
1712 3861
891 3559
757 3783
2495 3474
1438 3032
2660 4877
4131 4807
3459 3768
1943 4786
1678 3938
523 4849
1965 3953
2192 3879
3441 3755
393 3891
1423 4359
1078 4750
162 3482
1409 4293
632 4733
771 2746
485 4491
530 4985
2033 3850
2026 2657
81 4502
3243 4064
1511 3911
3919 4083
2240 4985
126 4625
168 4836
1281 3969
1562 3394
1199 3699
68 4221
3758 4826
678 4657
15 4999
403 419
169 4022
160 4988
1124 2412
2795 4012
3310 4124
713 3032
172 4727
1838 3076
3222 3392
99 4366
2811 3017
124 4334
341 4448
1211 4623
1157 4174
446 2775
48 4667
2144 3163
1119 4883
556 4462
956 3756
220 4992
1533 2712
132 3133
1429 4992
2270 4175
1067 2944
48 4986
87 250
272 4722
1144 3687
58 3955
10 4529
1170 3355
70 4693
1714 3805
971 3852
1189 4834
1278 1484
482 2310
83 4980
356 3172
505 1012
1275 4442
319 2688
704 4955
618 4904
1816 2122
210 2090
254 4342
2213 2475
521 702
1915 4851
4314 4415
101 4415
2391 4600
426 623
2189 4575
2964 4862
875 4880
3399 3618
767 4804
584 3889
54 4795
827 4721
2546 4133
1704 4421
2060 4921
3170 3249
4741 4799
1634 4998
2087 4850
2845 4947
2015 2496
3456 4587
2383 4111
360 4560
3039 3477
3174 4719
4423 4494
1015 3664
2971 4699
1068 4981
273 2667
1450 3348
826 2116
960 4292
464 4199
218 2617
328 4836
427 2122
2341 4445
964 4946
2079 2220
20 4978
3924 4283
1271 2465
3852 4883
690 4772
2262 3114
155 4976
111 4965
276 4533
1091 1174
3769 4561
1937 4510
252 4569
731 4119
239 4217
1064 4839
3629 4292
489 4603
1068 2873
1607 4710
442 2595
203 2355
32 4825
1653 2965
4618 4721
153 3236
212 3233
106 4601
202 1560
81 2735
1856 3143
374 4993
1473 1874
117 1728
911 3133
853 4116
276 3524
725 2127
906 2658
1619 2869
980 1934
12 1083
430 4735
1269 4892
571 3609
1347 4234
103 4147
2166 4030
838 4076
3350 3481
1672 3844
634 2862
2256 4962
446 4138
1654 3700
79 4901
121 4526
293 4602
473 4387
33 3833
708 3278
2837 3444
426 4224
82 4774
2216 2519
1706 2828
155 1229
2214 3851
15 4702
2218 4126
1826 4227
746 1874
131 4786
1483 2549
700 4731
2098 2223
795 3753
1920 4441
1911 2471
1947 4932
43 4844
104 4618
8 4977
368 4918
485 4652
2078 3715
2359 4558
2550 4218
282 4233
2243 3300
1594 4607
3298 4631
3377 3985
2039 2733
956 4116
835 3750
396 2641
880 4574
2327 4930
1518 4228
1547 4986
562 4977
199 4454
341 4857
2419 3938
60 3983
2924 4773
1106 3528
2709 3019
555 2277
1256 2955
726 4318
972 1703
1 4908
12 4918
1288 3734
105 4406
2149 3254
18 4963
1513 4044
1717 4474
834 3591
1282 4199
508 4853
712 4405
1088 3668
185 2262
948 4486
3024 4405
7 4617
1824 3359
787 3368
1651 4887
2011 3611
1767 2230
2962 3339
3926 4863
1114 4498
195 1623
185 3454
752 4114
2535 2551
216 2994
143 4404
3884 4698
41 3158
902 4983
813 4991
980 2155
2213 4723
668 3666
3813 4107
1616 2949
2482 3050
172 4487
8 4908
1890 2185
679 3990
484 3735
937 2510
3547 3974
710 4875
7 4994
4114 4994
638 4755
91 516
1008 1415
22 4986
2739 4121
850 4596
2350 4901
510 3770
395 2261
936 4558
618 4465
1049 2861
674 3473
3647 4804
675 692
432 4824
1692 2380
49 4915
1393 3363
3869 4162
2289 2818
2190 3495
1940 2842
3692 4833
2654 4639
45 4998
587 2492
976 4388
2435 3131
464 4757
75 4832
3502 4856
1830 3238
1640 3538
974 2814
38 2897
548 3255
222 1201
1197 2373
2774 4884
3122 3690
1177 1233
1790 4222
485 3491
1504 2533
2014 4978
1034 2253
2869 4335
2137 4903
1246 3005
4013 4656
922 4887
242 3702
378 4409
1077 4404
1369 3395
11 2652
548 4517
2456 4810
193 4532
189 4954
445 1812
146 976
139 630
74 4739
806 4907
3351 4449
1340 3776
35 4990
38 3391
3398 4206
571 4648
2232 4463
1601 2492
701 4761
13 4988
1892 4927
1869 2335
38 4866
1236 3574
3441 4533
2980 4917
308 4652
4765 4866
1335 1994
1059 2954
484 3406
869 3386
489 4979
2017 2239
2726 3583
307 795
1419 3158
1945 3977
11 3837
3610 4747
20 4962
25 4858
485 2311
367 2885
2038 3018
117 4769
353 4297
1874 3017
365 4722
202 3610
2782 4560
2992 3214
3544 4369
1248 4218
1580 2322
10 4989
1574 4784
162 4955
880 3722
758 1327
3606 4361
265 514
893 2730
152 4411
299 2062
4062 4885
1108 2798
2549 3844
408 3650
357 464
375 2601
3198 4973
36 4940
1036 4412
1322 4110
607 4447
753 4853
1058 2601
2901 4405
152 4737
2202 4927
1965 3385
408 4898
1346 3712
528 4462
560 1168
1765 2584
909 3522
28 4882
74 1312
18 4056
1912 4063
2497 3048
34 3722
216 4649
805 4746
1057 4565
350 3231
3840 4445
2179 3177
35 2304
106 4870
772 3325
669 2197
1200 3992
1914 4123
436 3497
1700 4257
1849 4260
1788 4558
2240 4210
48 4929
4000 4213
3231 3859
858 3386
2970 4734
2364 4753
2666 4111
3927 3931
369 1310
84 4676
1309 3595
2126 3826
1453 4801
36 4609
1277 4915
1 4506
1097 4122
1705 3548
7 4945
2921 3662
2177 2777
376 3228
2280 2956
2926 4495
1818 3567
285 2087
724 3851
4698 4795
160 3250
2194 4241
915 3775
2481 2916
1053 2405
659 3106
778 2833
513 3830
1302 2260
380 4549
494 1299
341 2900
278 4963
731 4943
2634 4833
1118 4346
1512 4749
2531 4359
2528 3020
343 4796
634 4931
1924 2549
732 4521
996 4651
516 4881
2073 4224
59 4095
736 3791
735 3226
2773 3331
654 3485
648 2236
2124 4067
3877 4424
372 3986
2158 4896
2404 4377
41 4242
87 4320
1400 1771
606 1708
2663 3000
798 4925
75 4000
2377 3394
3035 4951
335 3941
3555 4084
1278 4622
1655 4508
2507 4869
484 1751
708 2854
176 4727
1906 2888
3367 3452
365 3596
702 3953
669 4195
638 2670
2052 3179
1422 4742
190 4936
1154 4003
1083 4874
79 4522
198 4997
283 790
878 4210
130 4896
3496 3845
3075 3828
1052 4646
552 3584
2528 3204
369 3226
822 4110
412 4867
1519 4897
717 3822
345 4917
1302 4399
461 4179
72 2470
2537 4945
1331 2170
570 3982
1577 4920
69 4320
105 4720
1904 1994
76 4853
195 4065
2166 3186
682 960
366 4906
210 1137
2227 4656
1211 3520
251 4541
97 2315
3068 4357
1036 1434
3105 3146
8 3452
182 3614
1968 3604
2339 4387
1667 3822
3999 4249
466 4569
670 4802
793 4584
42 1963
27 4986
250 1739
2330 2514
1647 4433
8 4982
1661 4299
1261 4098
1683 4546
1498 3919
171 4974
506 2565
2098 3750
1808 2101
998 4666
510 4950
2703 2959
760 4772
1128 3956
143 2883
2061 3941
1005 2744
1552 4873
655 1732
1813 4928
2 1275
111 4889
355 4040
1144 4056
31 4837
999 2702
3043 4431
1859 3241
38 3997
158 4673
3227 3504
535 4852
678 940
2588 4121
2 4983
211 4861
2942 3015
1017 3180
106 4956
578 1295
214 4856
88 4966
1724 2094
2294 3537
315 4040
1056 4240
970 4962
2115 2321
1205 1917
86 2391
2780 4001
999 4574
1899 3824
1723 1766
2452 3751
435 4738
201 4386
135 284
2595 4632
74 995
3900 4591
136 4980
476 4834
682 4542
912 3602
116 4967
862 3697
1560 4684
1796 2808
232 2800
1400 4892
490 856
1017 4899
1799 4825
224 3465
2200 2583
2532 4321
2037 2701
630 3897
725 4916
119 4487
218 3886
2147 4596
2611 3846
32 4991
1042 2822
429 4098
5 3392
591 4822
519 4688
692 3467
453 2138
1183 3938
480 4716
585 4011
614 2615
507 3903
1224 1593
568 3658
277 4523
106 4998
593 928
17 4409
489 4864
1986 4796
484 2461
2937 4622
3556 4551
1644 4219
730 2663
495 4690
1435 4922
2456 3745
375 4702
177 530
114 4566
101 4796
318 4417
2050 4904
458 2350
857 4109
760 4995
2557 3471
1701 3338
39 4907
668 919
2122 2768
98 4918
926 3174
2400 3060
1280 4126
3368 4352
152 4965
2303 2415
913 3152
2678 2931
409 4694
1385 4737
4637 4678
249 2940
2333 2909
671 2224
3060 3404
856 4976
999 3106
293 1228
1874 4934
1740 4817
2672 4351
134 2058
58 685
801 4801
1476 2759
119 4446
81 4437
544 4541
147 4989
194 3345
296 4968
1173 2150
3260 3720
197 4527
3549 3744
2500 4513
533 4683
1866 2326
824 4627
338 2330
2259 3788
1108 4908
112 4115
468 1056
6 4700
129 1101
290 4197
1952 4253
1139 2062
1127 1750
1633 4200
3278 4208
1163 2470
1661 3933
2 4165
519 4500
3434 4564
1585 4468
361 4531
95 4370
138 4619
2055 4760
1497 4433
193 4161
1953 4985
1983 3391
1567 4858
39 4990
1561 3396
1859 2766
1316 4458
84 3151
964 2285
1098 4231
612 3259
488 4255
1693 3123
454 3719
368 4952
1158 3545
1891 4747
2222 4632
3205 4032
494 4439
113 4928
1567 4078
1126 4053
4883 4969
162 2366
1920 2542
2863 2929
2324 2798
1535 4740
314 1756
2063 4393
248 4338
3129 3817
3194 4890
1040 3727
199 4378
2441 3995
1204 2921
91 2083
792 4145
909 4721
1846 3812
846 4007
709 4953
347 4952
4032 4730
2369 4446
1909 4988
4755 4913
486 4376
28 776
2161 3502
225 4781
3125 3820
175 4226
72 4949
874 3103
3225 4349
1638 3849
1778 4975
2315 2728
2173 4409
1087 4484
2979 4133
445 3031
1396 2492
411 4969
1859 4969
2123 4365
69 949
248 1928
2963 3128
1334 4313
1349 1572
196 1529
88 2585
951 2068
625 4139
2447 2631
414 4913
4518 4779
26 4968
1560 3347
310 3649
2335 3769
389 4774
637 2519
744 4538
578 4713
92 2573
782 4223
351 2013
2114 2177
327 3943
432 4109
54 4759
387 4455
1526 1760
177 4983
372 4681
676 4490
3 563
447 4375
1807 2974
1425 4914
417 3596
40 2795
2011 3830
4069 4456
313 4957
1656 4253
3584 4999
445 1632
2126 4231
95 4875
697 3323
73 4979
40 3293
849 4431
1371 2308
47 516
1793 2016
28 2998
1526 1674
1017 1337
504 4936
1576 4385
3505 4158
3658 4762
436 4281
2161 4235
83 4457
1309 3543
1218 2517
506 3583
443 4764
811 3925
555 1054
4775 4811
4059 4984
2348 4117
1765 2147
42 4613
2095 3515
1956 2285
672 3899
2615 3965
244 3593
310 3053
26 2262
1428 3503
295 4506
1539 1926
1514 2122
3597 3771
174 2405
1168 1997
1868 2133
448 4946
1724 4990
447 1960
1237 2705
2312 4626
617 1626
1724 2569
1489 2634
1042 1105
1141 3155
919 4469
1201 3758
140 4935
147 924
3185 4310
1613 3935
824 1020
516 4474
1268 4745
33 3966
18 4549
896 1932
680 1456
2375 4375
209 2286
3302 4751
406 4453
577 1886
579 2924
983 3837
2395 4984
2072 4714
1495 3501
126 3552
749 3920
708 3106
3734 4735
82 4114
4583 4867
1536 4964
1131 3595
687 2366
52 3692
3571 4571
1440 4407
382 4841
2307 4387
3607 4430
354 4715
1061 4450
206 4937
2189 4179
1081 3640
60 4335
169 4628
869 4387
1313 4000
966 3625
43 518
633 3386
137 4733
2550 4499
71 4607
368 1146
1389 3820
246 1198
286 953
795 4617
469 4041
4386 4618
1322 4711
996 4168
584 4356
548 2853
334 4345
806 964
2903 4058
96 4913
326 1303
75 3647
1389 3601
53 3216
578 4820
2342 3272
533 1420
968 4388
15 4978
341 2206
67 4998
58 4999
2095 4105
266 741
657 4965
762 4251
712 4056
3211 4385
871 3579
1338 3156
160 4714
1897 4969
1671 3521
1143 3532
346 4583
10 3261
3848 4797
102 2915
3613 4460
294 4197
116 4709
2038 4478
254 4897
1390 2249
2547 4278
480 4986
1547 4338
2091 3141
1868 4093
49 4111
1885 4619
260 2739
1573 3272
2189 4378
228 1354
3932 4641
433 4008
46 4264
606 4464
138 3784
3 4999
216 3446
4051 4248
3671 4802
169 4956
1264 3635
11 4462
51 3555
103 4599
2044 3875
1243 4702
253 3745
1885 4635
255 2500
676 4849
343 906
71 4936
1885 4859
114 4836
1255 4002
66 4552
828 977
1136 4843
2374 4659
6 4971
1820 2888
238 1835
200 4926
474 3499
1291 3210
1991 3938
165 3835
2131 4762
551 2573
147 3731
618 4563
3203 3714
1179 4042
171 4491
155 3782
3594 3995
3817 4600
1521 3170
1663 4951
1288 4861
2070 4976
3930 4755
1082 4942
1020 3457
286 4759
600 4816
245 1204
1291 3624
1066 4248
1594 1694
269 2966
517 569
2019 4128
2641 3559
652 3949
991 4855
957 3147
1797 4318
4177 4206
664 3968
25 3249
2154 4838
1406 4814
2064 3657
58 4832
687 4758
3646 4557
1409 3478
1864 4812
1822 4951
110 4747
17 4994
3317 4831
64 4951
888 2853
75 4707
972 4646
30 4979
10 3971
714 3661
1087 2091
4250 4930
499 4360
305 4998
1689 2227
2170 2605
2307 3175
1621 3428
312 4531
795 4325
2980 4992
1754 4659
4563 4618
15 4994
937 2911
502 4410
1647 2668
2721 3503
363 3207
941 4788
3155 3397
1515 3785
1219 2811
1254 3624
1981 4866
1762 3202
723 4678
1097 2337
15 4415
1401 4448
1105 4309
963 3234
378 2440
1987 4651
2580 4996
74 4134
115 4956
776 4715
2763 4613
3783 4680
488 4573
227 4993
612 2480
1110 3328
1777 3978
10 4807
2567 4739
2687 2833
853 3994
2233 2825
492 2933
1272 2387
795 1963
216 4096
1329 4419
727 4544
2091 3576
1766 4126
138 1307
282 4757
47 4752
3643 4523
338 2750
716 3485
1717 3319
1453 3372
1924 3056
29 3662
2721 3011
374 3484
941 4313
4177 4530
218 4918
3204 4774
789 2561
58 4743
1158 2619
480 4351
297 3318
4 4993
1500 4654
3331 3789
63 4416
2275 3494
395 4644
390 2681
1055 3570
1040 4358
574 4193
1799 2072
254 3302
2678 4311
123 4556
3213 3811
2969 3734
2634 2700
3435 4231
2264 4546
2092 2293
289 4293
127 4663
3925 4505
375 4402
1796 3573
1789 4376
430 4915
327 4024
1182 2647
1405 2992
511 2966
188 2698
3624 3693
1926 4404
3704 4398
706 4229
3467 4211
102 4657
908 2493
151 896
2947 4436
206 4151
3705 4017
103 1984
182 1767
1109 4709
441 2737
121 4956
250 4734
1529 3689
4043 4664
491 873
406 4964
1167 1442
320 2440
403 2834
874 4038
1751 4428
3320 4398
1084 2693
3439 4531
513 2504
255 3091
1411 4769
225 4580
1168 2669
1418 2348
733 4793
926 4784
1881 3006
61 2296
2672 4406
379 4832
754 1373
399 2691
816 4408
528 4518
633 3295
861 3575
3094 3467
90 4799
2182 3403
115 4948
586 1682
1370 2485
877 877
58 4783
2075 4131
1182 4216
4627 4816
1670 4012
1248 1691
1450 1887
2051 2698
1747 4270
706 4439
179 476
442 3897
340 4282
73 3681
302 1741
1996 2531
2346 2347
2137 3019
519 4587
1792 3668
57 1157
3539 4521
846 2553
2213 3828
178 4364
1381 4422
1733 3168
2228 4913
2381 4649
2659 4592
83 4434
724 4892
2968 3546
2672 4350
2097 2838
1131 2418
1315 2990
946 4677
427 4977
939 4274
195 4207
2311 3666
39 4085
968 4997
18 227
2346 4255
65 4985
196 3980
1783 4358
1916 3382
1226 4863
1754 4328
1600 3209
3285 4037
4055 4669
734 1885
2053 4235
503 4071
2282 4864
1102 4852
1890 2617
2418 3597
2293 3407
375 3469
889 2237
1202 4078
1481 2155
1496 2913
290 4567
35 3224
49 4916
149 1541
486 3937
365 1442
218 4534
2468 3238
1734 4503
1700 4168
82 2013
181 4837
3770 4740
790 4024
2148 3704
37 4839
11 4953
410 4281
3920 4554
2046 2629
1901 3884
88 4582
136 3134
2522 3216
1580 3413
1117 4370
2164 3120
809 4713
570 1668
1903 3807
1645 3588
165 4880
1926 4153
3217 3345
60 4960
1752 3359
28 1757
3086 3657
4380 4998
2357 4797
4570 4941
3529 4077
1147 4279
154 817
2137 3426
201 4832
1883 4138
106 4078
2012 4497
456 3340
591 914
238 4874
1293 4366
2100 3972
2721 4059
21 242
823 1101
343 3237
2317 3946
122 4761
829 1269
716 3433
1901 4064
1556 2528
1120 4012
1588 2703
1627 2881
808 4129
1575 3186
2276 3807
1001 3242
587 2543
826 4482
1084 4850
328 4222
4081 4886
248 4933
58 4942
3060 3192
621 4659
1945 4839
591 3148
437 4496
32 4927
336 4469
333 4908
152 4550
942 3016
646 3040
2658 3722
2 4996
1160 4915
628 696
1225 4907
616 4080
2284 4467
646 777
3203 4991
3327 4939
782 1263
394 3645
120 1134
967 1239
291 4636
2468 4592
3938 4690
323 3873
24 3270
2223 3947
1951 2061
1207 2993
1302 4943
2746 3974
1494 3003
1559 2267
2397 3013
587 3544
266 4824
49 4716
411 4803
766 3339
1726 3768
1309 4393
1413 3719
3943 4206
154 4585
1082 4691
331 2564
4 4990
3171 4777
742 4881
1985 3720
1458 3992
767 3013
2306 2941
2024 4242
1579 4963
4254 4672
1518 2661
4057 4223
417 2719
2329 4965
209 4939
2034 3809
88 4247
1209 4678
709 832
2949 2973
3688 4969
405 3474
209 2912
840 871
200 3922
2040 3901
419 3802
855 1844
982 4360
4273 4674
983 3420
377 4320
1048 3361
1484 2714
274 4956
1092 4860
2255 3092
1328 3556
1631 1995
1892 4389
1885 4201
3851 4461
715 4871
4092 4483
198 4894
1668 1898
1096 4116
31 4831
2359 4307
117 4341
2861 3751
3421 4219
207 672
3261 3953
1728 4196
2953 3110
1551 4775
25 3372
2410 3418
652 4981
733 2772
3223 4984
2624 4108
2380 2983
164 4759
1251 4746
3322 4794
112 4017
54 4931
3006 4403
1460 2241
753 4232
901 3881
1122 4961
4337 4413
2885 4800
1455 3076
81 4992
900 4862
901 4801
714 4787
1150 4395
1693 3579
456 4695
204 4940
3872 3950
273 4026
1881 3185
2071 4698
1905 2634
101 4082
1121 4224
578 1068
670 3813
391 4670
2503 3999
1897 4616
334 3211
1910 2883
940 2010
144 4875
1479 1804
2236 4927
2827 4805
1151 4617
2933 4938
47 4170
1108 3477
168 4668
242 4849
677 4673
1624 4650
32 4995
1414 3311
2880 2953
378 4950
171 4117
2979 4279
327 4277
342 4884
472 1713
1678 3158
3631 4291
631 4323
274 4967
246 3854
1745 3629
1529 3653
451 1091
1228 2346
1233 1504
87 2746
3384 4709
3830 4369
1902 3575
707 3383
313 2367
1608 4898
432 4788
3354 4956
2262 4208
1750 4086
201 3569
3341 3572
2387 4680
58 4615
405 4414
2661 4734
2846 4373
691 794
491 4570
2290 3013
4285 4794
172 4849
168 4701
1339 2784
671 1048
3336 4047
2820 3879
407 3702
4119 4679
2554 3037
831 2584
1460 3595
2293 4116
4327 4460
508 2490
614 1491
4892 4967
104 826
202 3845
580 1983
2179 2331
188 2342
19 4645
777 4856
424 3832
3418 4217
837 4563
2101 2167
1382 3106
1746 4693
346 2642
1922 3505
1788 4909
130 1805
859 3928
3248 4864
1727 3491
1588 3503
3402 4200
2818 4831
1610 2746
4095 4546
905 4734
1877 2991
1799 4980
2835 4071
685 4832
47 4994
1055 1706
277 3306
261 4967
2373 3316
1364 4116
2086 3241
1490 4740
1098 4536
1097 2986
1162 3929
2680 3696
47 4988
1931 3602
372 1748
1628 2408
347 3635
640 4027
4280 4315
9 3492
1987 3956
63 4784
1796 2988
1438 3997
1095 3430
598 4733
1861 4387
3104 4644
762 4988
1854 3829
1555 2776
2024 4333
3935 4539
1543 3933
1317 3747
2329 4098
420 2959
36 194
181 4788
2973 4613
77 3720
1841 2649
965 3786
1942 2788
375 4946
2114 4794
3264 3382
4 4678
456 827
3427 4458
1277 2300
2784 3231
58 3822
790 3778
4145 4832
3740 4894
157 1803
195 3544
1841 3705
527 3633
695 4604
20 3895
1810 4995
577 4730
250 4184
79 4956
317 356
113 4596
2 4931
35 4291
336 4601
526 2461
1593 2406
2224 2991
1767 4992
172 449
551 3841
612 757
2698 4616
1170 2650
346 4651
2931 3664
2016 2610
3146 4963
1699 4555
1174 1615
31 2775
930 4541
128 4545
2833 4598
318 4811
1178 4903
143 4885
533 4537
67 4914
3158 4912
292 4520
158 4966
3192 4016
812 3779
2483 4374
5 4939
2385 4726
3614 4996
1751 2614
2468 3274
17 4783
947 3471
1376 4040
352 4903
1303 4885
2617 4265
2419 2755
584 3405
705 1636
114 1047
841 4508
3063 3971
906 3852
1400 4311
1062 1831
285 4509
512 2962
39 2645
1100 4285
1911 4710
1587 2806
80 4990
2583 4969
1535 2810
295 4537
1130 1495
2195 4906
1337 4170
2151 4472
423 2555
1859 4462
4 4994
460 2304
6 4995
1381 3363
883 3756
515 4969
1375 4799
2833 3028
71 4995
249 4915
236 4491
434 625
2784 4131
1486 4357
2559 3659
726 4363
1492 4197
41 4970
383 3250
690 4776
510 1208
276 4851
161 825
1770 4392
552 4267
461 3078
1180 3451
2775 4491
1339 4639
980 4934
2 3537
1129 3462
474 2140
1800 4739
451 4210
3073 4707
2049 4919
1079 4380
1265 2024
3176 3788
4766 4776
850 4486
445 4636
674 4803
358 1476
296 382
217 4624
946 2077
1467 3275
337 4654
704 1592
363 4717
2183 2195
867 4686
271 4263
279 1787
1713 4191
1250 4645
299 4821
2711 3796
61 4030
155 3981
1214 2632
1217 4705
935 1885
906 2135
2860 3644
3189 4606
621 957
359 4637
1128 4124
318 4742
680 4725
1141 2144
3669 3791
2470 4580
1249 3769
1106 3209
1765 2302
2624 4427
1550 4834
2407 3863
566 792
581 4379
3585 4217
1313 4827
999 4825
1453 4540
587 3369
351 533
1501 4765
2162 3444
1501 4265
1909 3279
556 4147
257 4483
10 4975
392 4574
108 3353
522 1328
1044 3870
123 4832
314 4144
2453 3194
1333 1489
2866 4618
105 4402
1535 4023
998 3174
818 4527
4395 4528
979 1437
1188 4275
4762 4881
685 4878
1662 4904
1154 3647
3090 3698
660 1070
238 4845
18 1561
774 2352
2382 4346
1507 3545
1702 2409
1030 3540
585 4248
1084 2549
262 4623
234 4901
23 3204
411 4734
1403 3533
2014 4095
68 4996
1129 3143
81 4921
937 4408
2121 4823
1548 4691
365 1476
803 3128
2512 4444
501 4424
642 1878
950 4763
1983 2448
64 481
689 2029
431 4945
1195 1617
640 766
2265 2975
615 4471
2247 4690
1736 1772
272 4709
11 1391
3597 4306
499 1975
147 1601
126 4490
1994 3351
6 3586
17 4749
2285 3566
399 1090
1064 1426
984 2576
229 3407
1665 2579
67 4954
1554 3869
1969 4611
1562 2562
52 3078
3360 4434
300 3095
3030 4177
1312 3213
513 4359
793 4819
2941 3813
256 4167
2441 3177
3264 4151
440 660
26 4860
2289 2587
2528 3822
3556 4629
361 4429
75 4901
154 4923
392 3331
2217 4489
378 2508
2070 3431
679 4459
1669 2951
162 3200
2466 4637
547 1728
3442 4109
2677 4446
688 3787
755 4390
412 3374
1239 4860
1417 3751
771 1550
2067 3743
104 4864
3971 4518
3993 4188
89 1010
1870 3836
7 4994
3409 4346
512 3280
8 3624
1777 4805
456 2995
958 3134
3740 4752
1713 3119
1722 2577
804 4862
442 4187
1382 4513
2906 4061
324 4735
164 964
46 4976
111 4714
222 3832
783 1118
540 2349
2504 3344
999 1286
2579 4462
690 1596
178 4527
1111 4833
1997 4831
185 4059
1963 4529
469 3578
156 4904
89 1780
1174 3944
1346 3440
327 1755
260 541
905 4600
245 1235
35 4974
2957 3991
2506 3664
105 2132
1922 4548
2020 4507
201 4963
1911 2203
57 4486
2334 4851
1538 3155
252 4973
1512 1626
1754 4084
41 3939
513 4500
215 3158
464 4920
1822 4269
136 1817
507 1784
3092 4312
1588 3362
1123 4839
2229 2771
3982 4060
3631 4395
2997 4012
2634 4999
4648 4757
3582 4928
88 2519
722 4964
1318 4955
1928 4145
545 2562
661 2739
82 3000
311 4791
303 4991
1293 1853
3153 4585
2976 4355
150 4495
1154 4853
953 4959
1261 4610
27 4795
233 4494
4320 4643
25 3901
460 3509
150 4026
77 4699
9 4973
3547 4664
208 4455
3403 4704
4239 4539
806 3643
371 4851
893 4892
767 3448
582 1904
273 4904
3013 3934
1287 3245
1005 1413
1497 3821
992 3099
3057 3497
1071 4238
4508 4762
1451 3989
1202 1425
89 1593
2006 3627
107 4846
1601 4230
1395 4447
2176 4701
2819 4809
2702 4227
261 4120
576 4450
598 2931
1869 4081
2586 3652
1285 3665
1315 2229
475 2920
1063 1867
301 4789
157 4694
1388 2295
4150 4498
1651 4898
1609 3486
1368 2544
59 4269
136 2637
2039 4248
873 4107
2925 3510
1804 2683
670 3190
76 4913
860 4745
642 4980
963 4127
41 2210
104 4725
1923 3152
1912 2642
488 4909
100 4908
415 4146
999 3404
966 4711
2875 4226
2393 3065
83 3159
2756 4996
2150 4447
635 2572
2333 3947
511 4793
195 3185
47 3081
4370 4834
1077 3205
2861 4596
96 3997
93 4924
2932 3904
2168 3847
130 4924
752 4805
1257 4771
1927 4581
178 4008
553 4837
625 4905
997 4997
2752 3334
306 3948
585 1945
229 4963
1033 3714
1313 2885
818 4784
1206 3796
2758 3898
2397 4665
23 4509
670 3605
395 4919
520 4951
2739 4595
739 4589
3452 4058
3570 3916
1509 4564
694 1692
517 4960
568 2939
1942 4344
2280 2720
1088 4418
2339 4085
1289 3977
821 1684
1139 3041
2363 3172
1437 3274
2983 3212
3055 4220
807 4819
2150 3277
434 4516
349 754
365 4656
387 4693
838 3661
1706 3491
3840 3975
1072 4013
561 4810
397 4925
2066 3484
73 4895
25 4272
288 4083
2854 4024
1268 4265
207 2948
1000 4648
2041 2988
120 3982
4 3278
1739 2704
111 1526
338 4076
1031 4724
380 4344
801 3622
987 4841
38 4988
989 2556
1 2756
1258 4218
2238 3357
79 4018
1509 2656
1378 3063
640 4661
157 3027
5 4989
1886 3001
177 4302
1373 3965
36 4963
575 4928
598 2754
1269 3163
4595 4769
1869 3279
774 4894
2920 3587
1088 4615
55 4984
1191 3300
142 4888
949 2122
371 4515
67 4942
1559 3254
2569 3269
3227 4877
3179 4974
158 2243
2815 3129
1148 3127
229 1925
3303 4939
2954 4724
364 4169
2936 3790
171 4228
1343 3834
2887 4872
117 4934
9 4591
1198 4169
328 3874
889 4218
1599 4343
3044 3675
532 3402
1269 4209
86 4932
110 4991
685 3870
1164 4195
214 839
67 4986
2704 3157
13 4939
2454 3382
2079 3432
2471 4613
2232 4843
1030 4216
1569 3644
1810 2220
493 4912
1686 2945
1301 1878
73 4450
813 4201
1123 2106
53 4362
460 2373
725 3996
2977 4715
817 3595
547 4547
308 2516
20 4997
1701 2773
859 4676
2380 4348
1216 3845
3470 4539
2642 3552
75 4848
291 4553
344 4854
210 2560
4162 4412
378 3532
1167 4786
1811 3369
131 4543
416 4778
117 4414
334 3559
2626 4101
269 4894
414 4961
2712 2859
1695 3295
483 1464
491 3801
305 4999
55 4261
1340 2035
1708 2137
67 2972
2424 3346
363 1608
570 4224
2267 2366
310 3516
967 3393
464 1545
540 4329
259 4847
253 4626
1003 3979
2055 2308
18 4375
433 4676
207 4921
613 4177
40 4677
3871 4337
3278 4510
4259 4919
1235 4924
978 3248
1989 3191
3470 3897
308 4957
433 4023
729 4666
2790 3128
1663 4229
38 4924
1019 4403
721 4707
2227 2447
271 4850
728 3216
29 4997
1614 3299
2822 3405
1635 4984
3248 4984
1307 1719
1096 4858
98 3503
4 4490
98 4748
752 898
915 2448
11 1446
1602 4827
7 4567
300 2987
95 3845
459 578
177 3723
2017 3392
1695 4429
2790 4627
147 4810
4036 4212
701 1655
534 4982
2490 4067
544 4137
1855 3005
2149 3809
773 4024
1630 3480
3586 4882
128 3986
894 4848
36 4550
47 4966
1177 4207
2584 4153
127 4920
1722 4987
50 4753
1001 4761
769 1082
259 4544
3307 4451
2821 3211
3180 4163
34 4900
1434 4294
222 1723
702 1453
1008 4197
1566 3986
52 2295
3656 4329
817 4083
697 3539
884 2908
2135 2370
414 4380
323 4742
1544 3696
3146 4885
263 3935
1637 1832
2200 4337
30 4953
305 2034
1119 2793
203 4096
583 2382
67 4990
85 4706
950 2776
2249 4998
2051 2629
15 2443
154 4908
1404 2399
295 3683
1710 4828
659 3151
1744 2680
1763 4705
49 4909
32 4687
3171 3946
176 4988
314 4545
3245 4815
27 4955
2892 3318
75 2546
1456 1593
1304 3020
1625 3009
2071 4953
1464 3428
2210 2837
2489 3910
1934 4591
110 4489
950 3914
4531 4722
1663 3916
1836 2844
1677 3388
1293 4086
159 2428
1280 3943
2278 4326
669 4435
194 4628
778 3991
721 3717
2645 3164
2245 4412
1882 3789
2010 2259
3668 4213
875 1451
1526 3788
875 3181
1298 3120
2467 3716
1491 3071
1764 4745
651 4334
5 3789
765 4394
1494 3753
2565 3363
999 3483
892 4713
37 4713
198 4587
2514 4823
3118 4044
317 3682
3761 4242
3020 3531
402 3114
73 3300
409 3255
791 4797
49 4970
371 4358
573 4184
57 4519
2921 3570
2099 3851
542 4815
523 4845
213 4857
2318 4697
332 4043
962 1873
1259 3979
226 3603
3158 4491
378 4731
364 956
1738 3770
1070 3795
65 3774
713 3119
1011 4987
818 4308
828 4459
2469 2632
2038 4672
363 1672
103 1511
425 4894
2253 2291
40 4927
312 4234
833 4375
959 4987
128 4419
361 2889
1713 2961
29 1626
1131 4484
141 4188
1509 4394
66 4413
1451 4578
854 2427
1511 4152
1301 2499
215 2936
1202 4631
45 4497
186 4838
245 3641
1513 3780
727 2942
2154 3150
559 4908
2824 4075
949 4257
3471 3563
1210 2191
40 4858
163 4994
117 4217
856 2083
894 1655
1119 4569
244 4247
855 4699
1468 2507
225 4332
885 3552
181 4738
360 4992
296 1593
2137 3834
1530 2314
2540 4126
512 3305
46 4858
59 4953
678 4748
1478 3575
4228 4878
59 1495
1975 2219
797 2123
2698 4701
755 3670
2086 4112
2494 4041
64 4542
2157 4228
1233 4959
419 834
164 4578
1137 4527
446 4744
970 4614
942 2586
146 3720
496 3151
2059 3749
1688 3678
1397 4127
699 4533
2542 4701
665 1485
1845 2092
101 4812
2550 2875
506 3057
854 3798
3245 3989
334 4314
386 4541
2612 4071
112 4273
1015 4026
870 4284
48 4927
2317 4334
581 3591
116 2163
4202 4488
2622 2764
1684 2749
173 4814
2359 4790
238 800
4965 4984
2963 3870
1169 4033
1448 4611
117 2507
700 4307
3228 3720
811 4111
1318 4853
927 3214
2658 3131
3490 4506
2172 4947
867 958
247 1667
35 4948
1873 4199
12 4998
1718 2889
676 4364
91 4912
27 4931
288 3005
743 2129
20 4897
1379 4043
34 4977
1574 3408
1091 2768
1624 3173
3549 4091
824 3634
111 1851
497 4301
2275 4325
2816 4201
115 4911
3389 4654
2509 4454
1302 1577
2414 2877
1481 4441
835 4792
2824 4884
2095 3430
406 4960
124 3903
2028 4833
1407 4761
1517 2898
12 2824
709 4189
1679 2108
1713 2223
57 4458
124 4779
256 4915
270 4690
146 4344
39 3808
417 4941
710 906
3107 4779
114 4893
2867 4963
2176 3455
81 4988
1024 2493
2452 3175
1940 4618
148 2547
3642 4880
581 1704
1805 4046
275 1214
2165 4762
1635 2666
912 4930
3781 4869
450 1849
2452 3332
2938 3292
1298 1757
2493 3689
2254 4562
1654 3781
1518 3968
3522 4658
2007 4290
86 3542
4377 4947
83 3015
230 3577
2670 2817
2158 4801
122 3050
144 4513
3708 4268
1605 4406
184 3489
107 4934
1016 1786
957 1509
1523 4534
616 4780
205 4917
44 4596
2682 3977
1021 2838
432 4884
378 4345
399 4434
20 3531
307 3916
1647 2482
3767 4941
75 4157
3042 4028
1631 4191
796 2193
877 2303
1799 2545
3826 4850
2 4936
109 4965
57 2969
1132 3911
79 4991
110 4444
1037 4113
301 4384
928 4311
4064 4119
622 3209
80 3955
22 4872
3026 3050
3467 4200
131 2872
938 2514
759 3954
70 2973
224 4389
1257 4454
4629 4890
4159 4423
1192 4503
3864 4473
743 2933
948 4803
2487 2947
359 4484
2229 4164
1413 2797
1368 4481
235 4376
117 4967
1154 2918
509 4196
28 4909
440 4489
475 4562
993 3242
793 4639
1682 3273
1078 1307
233 3744
3 4995
3306 4995
3307 4756
113 4587
992 2979
389 3511
3809 4927
225 3352
706 1435
636 4446
16 3927
3156 3987
3 2071
1994 2798
262 3795
1105 4885
477 4426
567 3262
1645 4181
1330 4525
3327 4575
792 2257
3757 3877
81 4950
463 4711
1233 4852
145 4033
22 1939
3683 4683
1097 4310
1407 3691
39 4770
9 4996
589 2762
1719 3581
1132 2848
584 4400
682 4922
46 4913
798 3986
3357 4725
113 4974
583 4876
2315 4498
3226 4561
1760 4003
693 3754
1584 4823
365 1707
1501 2533
2897 2990
159 4469
22 4873
17 4964
3671 4015
1680 3302
285 4047
4340 4972
31 4983
1356 2961
359 4886
1112 1580
1216 4876
3055 3660
1833 4858
836 2231
655 4402
109 4934
61 4023
3035 3272
41 4904
1468 4993
845 959
387 3633
381 3647
861 4756
660 3787
573 4765
33 351
57 4951
1247 1792
13 3916
146 4327
2484 4469
2143 3501
3178 3569
235 3359
131 1745
1527 4722
2816 4224
903 4427
31 4863
3973 4673
458 4999
510 4772
168 899
1561 1648
1728 3436
1484 3757
1445 4960
3710 3781
3099 3426
16 4737
1582 4513
879 3117
406 4205
3166 3966
1341 4382
1449 4980
828 4231
2806 4658
143 3286
1767 3696
1900 3781
846 1790
2758 2862
1714 4047
1335 4713
2790 4260
91 4912
321 4952
241 4901
726 806
748 3182
399 491
295 1772
759 3541
2410 2896
4184 4529
1890 3129
3434 4839
2979 4985
2561 4324
1346 2859
210 3317
811 4325
325 3068
620 4640
436 4357
17 3309
3148 4657
661 4366
2381 3057
949 4484
3099 4258
995 3734
1824 4568
962 4748
749 4317
335 4585
913 4687
3732 3758
780 4825
94 4883
47 2950
2055 4249
94 2074
1963 2564
508 2825
779 3661
518 3736
513 3986
46 4687
161 4133
1707 2358
714 4372
4588 4890
1003 4190
1184 4321
693 4991
300 1183
30 4551
493 4136
255 4404
637 2477
256 4870
297 3007
4382 4859
1249 4567
1231 4621
170 4950
1953 4351
25 4663
14 4984
1231 4703
262 4876
283 4439
906 4542
923 4060
859 2700
3444 4172
497 4199
2288 3919
48 4937
575 4837
782 4126
3305 3630
1811 4983
260 1646
2772 4836
2602 3928
2222 2544
417 4940
59 4979
2256 4888
1699 3395
423 4006
2099 2335
231 4973
716 4249
2894 4644
593 4722
950 4723
1116 4566
443 3864
1773 2613
1248 4842
4466 4894
218 2626
24 660
1829 4614
1985 4886
4161 4237
4061 4345
1385 1720
2851 3434
3278 3786
77 1844
2214 3977
773 1486
457 4865
952 1713
469 678
303 4874
1676 4915
812 1991
1561 3148
545 2884
2187 4629
1164 3336
1307 2266
279 4432
4013 4383
1308 1828
2014 4079
2150 3854
1742 3984
650 670
4149 4450
608 4738
140 4898
787 1965
28 4867
1448 4647
4013 4139
148 4916
557 4545
749 3381
1195 4606
903 4848
2425 4872
1492 4546
116 4449
4264 4828
974 4372
3090 3586
2376 4074
317 3465
2048 4795
1672 2636
2247 4273
1353 3789
811 3042
1030 3649
2051 4014
332 3601
768 4471
1207 4208
927 3632
2465 3165
1107 3486
3696 4537
99 1545
644 3066
380 4439
633 3460
1730 3891
2209 2949
360 4192
1107 4030
1151 2932
2539 3858
401 2508
1992 4399
724 4126
82 3688
2198 4189
1429 2748
1397 4058
1446 4139
2327 4113
1409 2058
3608 4925
647 4742
1297 3866
2518 3954
1529 3915
301 4997
2826 3254
2298 3272
1785 4578
641 1924
504 4701
112 4682
345 1743
91 1817
2060 4095
884 4969
2203 4125
553 4302
2104 3171
2382 2570
1356 4844
477 2666
3443 4527
568 3948
1531 2845
606 3543
1137 3574
2179 3129
2004 4825
1018 3488
1582 4165
341 2885
868 2210
439 3584
964 2485
204 4958
482 3550
3122 3442
448 4760
1275 4294
1100 3414
285 4902
3264 3469
1143 4113
4598 4996
4001 4667
1617 3136
1284 3577
2498 4823
492 4049
646 4706
4020 4273
1150 2403
430 1266
1301 1815
1037 2340
152 4250
709 4207
1110 2582
875 4718
80 4796
2172 4636
236 3171
3947 4063
4019 4099
4 4956
1413 2468
141 4954
2534 3526
201 4693
4431 4729
1300 3096
1665 4793
115 4809
1081 3981
703 3733
1207 4817
982 4901
25 4990
3028 3310
2264 3942
1053 3667
3238 3863
1473 4328
570 2606
897 4254
86 328
452 4261
122 4975
833 3201
305 4666
2370 3584
168 4903
2026 4242
1294 2801
3915 4142
2901 3647
2943 4274
3762 4954
1229 4835
2294 4937
3346 4010
313 1548
3025 3364
1616 4725
3143 4999
1509 3755
1686 4662
2558 4702
3741 4690
1226 1606
690 3292
1638 4881
550 4812
4090 4786
1444 1971
1434 3642
2954 2978
597 1699
1965 3624
171 1205
2390 2397
1328 4623
3131 4716
41 4536
622 2635
4049 4536
545 4546
696 4175
3003 3552
769 4386
1451 4625
220 1875
3673 4889
613 3034
1536 3862
45 4219
1490 2031
3934 4195
1466 4925
2102 2265
372 2231
207 4957
563 2834
3372 3945
3646 4141
2087 4923
873 3651
583 4245
2809 3403
2900 3376
480 2683
712 3866
1278 4858
898 4553
59 4909
2137 4575
391 2557
4834 4923
879 2370
323 4672
2886 3471
1230 4240
226 4220
1532 3489
74 3737
2 4462
675 3110
406 3496
4340 4935
3733 4241
3233 4869
3137 3472
1143 4434
1214 4960
1960 2275
150 4226
701 4229
314 4855
3734 4471
692 784
2068 3158
2198 2233
1232 4705
66 837
1102 4823
518 3890
2273 4134
293 1889
108 4738
1314 2594
2509 3787
62 4464
33 4924
2973 4858
3949 4922
731 3812
762 4838
1001 3678
2123 4528
244 3813
3295 4100
122 4937
3013 4502
1566 3089
935 4730
443 3364
1302 2196
3231 3760
1696 2065
174 2517
352 4427
6 1585
3091 3627
24 1597
733 1034
186 3806
25 2966
249 4156
51 4816
3673 4198
254 4893
319 4797
2804 4572
11 3108
2101 4470
1986 4887
4585 4950
398 3833
2034 4918
2338 4352
990 4715
530 4040
192 4900
1212 4801
2179 4854
2392 4045
2685 4439
3551 4875
1133 4532
431 4743
1929 2697
353 2102
3689 4006
2424 4922
2354 2675
1234 3531
3944 4528
374 1230
536 4642
2478 4011
1840 2836
2322 4480
116 3743
1543 4242
11 4770
433 4966
2070 4584
495 3905
1352 4975
327 4961
89 4639
1348 3578
1211 4180
49 1930
131 3384
838 2627
107 4678
1044 4292
2382 4230
760 3510
4428 4586
280 4501
691 2601
1231 4336
2423 2859
99 2215
173 3709
109 4886
316 4257
2910 3187
482 758
4311 4570
1845 2815
19 4920
1670 4827
764 2696
3753 4987
323 3034
3339 4385
50 4443
3556 4773
741 3536
177 4371
2967 4618
267 1428
2233 4761
959 4488
393 1923
2118 3327
73 2597
1827 3064
4574 4769
131 1788
1043 4351
1800 4917
83 4992
2145 2299
2740 3394
1158 3347
2208 4463
858 4129
1234 3128
187 1487
2164 4722
154 4743
8 4704
2696 4494
2290 4780
34 4771
103 4429
1159 4078
989 4331
4030 4144
649 1451
231 3711
1586 2269
510 4041
3722 4703
391 4776
186 4741
1246 4540
52 4447
3012 4322
2778 3542
123 4368
4 4927
2152 3627
1294 2702
278 1580
21 1161
26 4736
128 3018
249 4496
682 4984
4405 4834
1876 2952
791 4175
2209 4229
1139 3846
3772 4632
180 2719
1402 2446
68 951
798 4462
