5000 5000
2123 2760
4 1302
212 4773
541 4941
95 4555
1994 4561
599 3942
1723 3037
482 4870
394 4895
120 4891
3004 4361
317 3935
144 1014
3483 4546
3353 4163
117 4897
2139 2590
2944 4408
375 4148
34 4988
575 3634
1599 2467
88 4931
1540 2863
1 4983
3619 3907
725 4587
137 4041
383 3640
105 4902
1756 3539
230 4990
34 2817
1473 4161
1038 2230
2248 3000
515 4991
2114 4479
1260 3818
3283 4751
1106 4706
1083 3412
275 3572
807 2157
2629 4293
958 3939
70 4934
257 4238
1660 2110
199 4410
215 4709
1478 3606
2631 4928
394 1977
428 4764
1093 2984
1286 2700
2512 4135
1430 4868
4013 4681
136 4800
590 4819
324 4978
1692 4828
2531 4662
306 2698
2784 2928
332 3339
2648 4182
1097 4640
1800 4990
1797 2175
436 4863
1485 2296
51 4971
315 4110
3650 3709
2817 4485
2178 3841
3632 4170
3729 4571
808 4777
141 1607
4318 4438
36 3121
405 4816
1070 3257
2949 4877
1433 4595
974 2453
222 718
1327 2260
1811 3351
3849 4202
148 4941
1632 3871
425 4280
3239 4660
133 4866
1900 4526
2805 2891
3269 4767
434 4905
947 2765
897 1288
474 661
416 3666
521 1639
918 4337
868 3214
4003 4178
74 4268
121 4841
1626 4605
852 2974
284 4858
79 4853
348 2342
4335 4707
193 3579
1190 4590
811 4463
349 4928
3670 4458
1844 3866
4128 4458
111 4295
1043 1525
2516 2522
2376 2675
2653 4224
453 4900
119 4516
2564 4326
1502 4477
400 4265
2050 4602
212 4604
676 2346
149 4617
326 4236
486 4902
160 3602
3337 4054
131 837
798 1761
194 4905
54 4663
2226 3925
1666 3795
226 4336
2498 2904
1533 3737
1523 3496
550 4495
919 3751
1845 4442
1138 4197
153 4976
2926 4279
14 4701
2134 2544
1657 4841
3271 3505
711 2568
1291 2245
1888 3255
496 2501
3270 3924
3034 4537
61 5000
565 4959
463 4971
157 2984
1498 3435
160 3512
249 611
362 4977
1006 4568
3290 4504
600 4957
3137 3887
3192 4743
1203 4231
2105 3394
375 1419
2385 4809
469 743
355 3950
917 4401
1595 3964
155 4287
1206 2597
991 4591
191 3963
267 4533
946 3755
566 4927
2068 3020
886 4839
397 4963
651 1516
1826 2006
1245 4682
180 4897
641 4453
2919 4365
27 4979
563 2346
1368 2839
43 4320
635 4922
1080 1190
3421 4746
51 3712
355 4631
1193 4987
83 4266
438 4932
1014 3216
829 2796
1093 2071
800 4186
58 4768
2145 4163
1082 4737
8 4999
3859 4812
657 4179
243 4258
1186 4167
1416 4942
525 3260
835 4895
1319 4998
408 3661
812 4428
848 1136
76 591
3095 4792
1667 4032
1006 4243
6 4767
2 4991
2942 2994
1335 3082
1166 2310
2528 2696
528 3806
150 3487
2097 4416
4 4618
798 4766
1852 3433
2193 2836
17 4968
975 3841
3271 4565
231 1153
1482 3104
3857 4898
242 2859
92 2613
129 4821
116 5000
3691 4144
2984 3604
967 1376
892 1496
5 4999
125 4082
1292 4553
3307 4966
3216 3391
43 3061
976 2460
2972 3873
1414 4325
3958 4491
1726 2641
232 4574
2040 2753
186 3106
1654 2374
870 4785
26 4933
788 4635
1530 3757
876 4260
92 4943
872 4137
2175 2457
1994 2337
797 4443
302 3813
518 3282
276 1659
1017 4448
49 4325
586 3639
32 2894
201 4906
2608 4192
70 2674
939 1769
1146 3775
3082 4195
18 3422
289 4370
491 4321
974 3503
689 3069
2012 3713
161 4908
498 3707
292 4052
1473 4697
1852 3386
1770 2308
622 3814
1426 4954
167 4977
1069 4544
1406 4268
99 4017
2021 4196
1575 4164
197 4731
1810 4140
4492 4749
1359 4723
1166 4819
247 4905
950 2099
3218 3767
820 2390
128 603
2011 2904
104 4769
4 4991
2789 3375
1271 1810
416 4689
3487 3861
1674 4617
106 4963
109 952
698 2771
63 4851
2581 4454
2650 3493
467 4866
3056 3816
231 4859
258 1286
3642 4702
2321 3389
2288 3792
1223 3197
757 4517
4509 4595
447 2448
436 3682
833 1128
13 4618
693 2007
922 950
435 4699
138 2682
795 996
26 4315
372 4453
37 4749
256 4792
2139 3203
587 3499
1371 2944
2126 3233
258 3885
1283 4169
2817 4103
7 4999
256 4605
232 4298
1781 2965
1893 4808
1155 4078
2 4910
2867 2957
446 1658
216 3324
1083 2654
23 4835
4094 4326
3394 3712
2689 4519
1331 4745
1330 2795
702 2935
1097 3809
2013 4445
1450 3797
856 4479
1136 2853
901 1386
1016 4041
2549 3032
1893 2074
1480 2434
1797 2901
1989 4180
777 4940
760 3817
10 4431
2167 4748
1131 4104
195 4710
2346 2436
1300 2139
3058 4465
848 4672
1274 2234
3928 4016
1896 4873
58 4415
4545 4585
683 4378
2900 4533
45 4677
1730 4382
701 1801
3944 3945
539 2243
403 1248
2680 4453
330 4295
1693 4452
51 2375
1223 3774
2966 4600
3645 4356
985 4797
1430 2242
1688 4131
88 4950
1871 4634
142 4883
575 4097
28 3970
114 3378
4016 4131
81 3582
621 3290
1901 4293
578 1084
786 2752
225 1362
2483 4426
82 4400
555 4910
1296 2645
2978 3507
598 2414
623 4217
898 3966
2477 3955
229 4753
4 4989
322 3004
2175 4366
1602 3364
777 2714
1946 4709
314 4760
60 1528
447 3685
1135 4523
1560 2689
484 981
2774 4352
4637 4770
2934 4596
675 4685
2391 4574
3062 4978
2890 3493
146 4608
292 4470
2209 4436
2169 3416
380 4541
4460 4713
238 4949
2385 3149
2511 4097
109 4871
11 4539
127 4534
2029 3504
2000 3616
48 4581
840 1748
303 4803
1878 4800
1217 3862
257 4808
2813 3084
687 4467
438 4630
297 1900
1548 2886
432 3759
624 1328
383 4176
238 4404
1733 3410
438 4993
3303 4802
2181 4923
970 2278
105 4050
663 2695
2879 3999
1503 2049
71 2757
1284 3990
3276 4191
2252 4443
2152 4294
534 3763
2205 4893
1068 3746
1453 3772
14 4726
708 4103
232 3361
67 4999
26 4989
2822 4119
597 4200
702 1299
84 3958
64 4325
30 4355
333 2662
270 4893
304 342
998 2190
1906 4312
479 4177
173 4881
1025 1601
328 4883
2727 4050
568 3561
734 4686
525 4746
363 3908
764 3947
194 4628
1213 2651
3232 3429
1246 4380
137 4642
425 2142
3035 4807
2907 4804
146 4362
90 4819
1120 3399
1192 4019
1130 2154
2442 4363
2903 3699
67 4611
1618 4956
1230 4558
950 2219
896 3173
24 3115
432 4566
10 4996
2037 4213
1015 3805
6 4985
155 3136
94 4061
271 4874
2666 4304
3239 3770
637 837
508 4913
577 3056
267 4906
1376 4253
1115 2546
49 3750
2933 4456
2787 3337
67 4409
1753 1904
2736 4594
796 4776
176 4988
4411 4632
1460 3873
571 3848
735 2801
346 4648
3544 4651
1371 2226
497 4693
1061 3426
55 3414
622 1651
280 2702
93 1235
1263 4394
4001 4315
635 3247
1702 3507
254 623
3352 3891
945 1295
284 4210
571 1315
47 294
263 2937
4885 4968
4041 4943
1958 3725
495 4902
793 3694
2820 4826
202 4989
1906 2973
1127 4484
1292 2404
1654 2255
161 4908
957 3865
1848 4186
1964 3788
272 4678
179 2312
1210 4964
479 2051
1709 3510
460 2244
2462 3098
1380 2584
1905 1938
139 4797
700 2188
50 4975
709 1804
240 4178
2128 3719
2671 4388
860 3562
1612 3584
145 4780
2338 4267
206 4695
1388 4658
3839 4027
52 4992
257 2946
1485 3049
2663 3199
1249 2496
2161 4257
191 4119
2203 3851
890 3821
3425 3874
880 4747
706 835
3060 4358
673 4127
539 3400
144 4853
421 2501
1937 4657
3255 4361
75 3858
253 4892
1603 1979
130 1832
1550 2394
88 4146
1905 3143
282 3832
1885 4964
1152 2715
520 4409
1019 2916
1008 3949
1646 4918
396 1283
894 4254
329 4347
3230 3853
1567 3963
1033 4469
258 1500
1582 4916
2177 3356
4699 4879
603 3841
622 3963
1206 3715
704 3089
357 3245
1647 2043
863 4089
1025 1447
47 4975
1237 4990
2019 3087
1366 3681
589 3337
698 3015
2000 3807
1825 4253
2542 4966
778 4209
485 3129
788 4004
2077 3660
1114 2406
141 4758
4149 4376
2022 4211
477 4761
1436 4870
364 4077
1029 4190
3959 4661
302 4789
2089 2541
284 3979
1486 2370
284 4564
378 2531
2187 4484
243 3480
475 4588
277 2868
1104 4574
405 1909
145 4966
845 4985
4 4984
947 1489
1606 2569
1107 2345
1049 1279
550 2673
1127 3912
454 4684
51 4612
841 4479
51 4973
1410 3193
931 2975
1217 1300
786 2740
1257 1585
858 4568
1749 4002
1930 4063
36 4974
992 1845
2296 2327
685 4883
552 4873
1804 3695
3672 4571
246 1813
1341 2952
179 1861
411 1663
1972 4759
361 1516
658 4805
367 4275
4 3656
4795 4994
3759 4095
908 3916
42 4855
205 4349
1868 1927
466 4024
429 4893
560 4982
347 3072
262 3351
376 4354
214 3517
606 1158
121 2525
2106 4643
2167 2942
883 3724
457 2796
3257 4016
1907 4939
1147 2962
1228 2286
3225 4608
332 1775
2229 3008
2387 4295
1346 2791
302 1873
1794 4294
343 4416
2806 3475
2379 2854
3392 4858
1256 4863
3202 4460
4734 4747
206 4681
451 4969
132 4737
64 4933
171 1220
1382 4368
572 4222
142 4545
6 4942
2972 3324
1352 4017
706 3138
2426 4973
3646 4016
219 4600
3195 4624
744 1202
503 4767
429 4845
1296 4424
133 4303
305 3731
889 2690
1522 4715
696 2625
484 2426
72 4997
655 3571
412 3854
1945 3388
2685 3081
11 4989
436 2721
315 3594
932 4770
491 4694
1133 4680
1638 1930
96 533
11 4956
1293 4265
162 4138
3332 4247
159 4236
283 4989
1953 4426
3966 4784
222 4778
34 4998
1808 2845
836 4053
1546 3602
518 1708
1482 4634
2109 3428
778 4755
1457 3467
331 591
3841 4950
448 3184
1632 4878
862 4376
2270 4560
3689 4395
58 4962
4393 4947
2047 4009
991 4866
528 3355
304 4825
75 4935
1034 2515
328 4759
76 3779
2920 4411
326 4485
91 4829
2055 3755
150 3572
1429 4402
14 4878
678 1315
345 2931
377 4904
281 4735
647 1288
418 706
2544 4721
87 2987
931 2216
33 2288
1299 2145
3719 4469
1177 3331
3235 4525
291 2419
871 4377
3655 4415
28 4941
791 2113
3366 3791
1187 4449
871 3968
2514 3289
164 2291
2 4338
2020 4782
1223 4063
169 4749
11 4890
3753 3820
4170 4675
2432 2679
2406 4202
2468 4501
23 4989
2581 3334
50 3734
2281 4495
639 1762
469 4502
574 4628
3460 4274
582 3189
2518 3521
643 4467
685 4452
2360 3500
1058 4338
1043 4606
836 4479
13 4919
688 2817
2072 4017
1377 3303
2337 2679
485 4589
1332 4975
311 4695
585 2206
1125 4755
1332 2284
563 4363
3 4941
515 3330
4736 4968
3791 4305
146 3028
2688 4165
866 2980
95 4085
1671 4942
317 4670
1379 4839
686 4160
834 2419
2595 4008
38 3187
1822 3356
248 4753
1222 3083
1508 4411
681 4579
3769 4997
2674 3754
161 3152
738 4837
1233 3976
293 2160
2072 4626
706 4511
1517 4593
1692 2496
1444 4278
278 4476
2382 4222
589 2207
340 4414
421 4744
205 495
1278 4094
1003 4940
1621 2902
4813 4998
1340 3835
208 3824
3730 4481
198 3404
1546 1949
938 1879
1921 3316
435 3690
2648 4614
336 4948
360 4072
861 3928
9 4305
1762 3101
580 1832
3447 4002
2012 2838
2725 2820
3819 3916
24 4402
490 603
3268 3649
2023 3361
1946 3847
893 4764
1019 4560
234 1453
1441 4141
615 3637
30 2397
1071 2926
278 4424
572 4805
3932 4855
1806 3445
3817 4819
3639 4859
2214 3652
3446 4693
1836 4473
727 4101
1120 4776
3068 4018
480 4667
986 1120
536 4603
1097 1688
4605 4618
171 4928
689 4940
20 4998
1472 2699
508 4888
122 4749
237 3117
386 2941
676 4929
754 2752
1730 2501
835 2545
859 2357
960 3801
1492 3459
1707 4434
465 4132
1253 4854
870 2747
930 3804
2371 3112
815 4025
1982 3357
886 4474
2711 4059
1905 2157
2680 4204
3700 4580
815 1372
4162 4970
152 3053
1522 2291
2394 3956
1160 3112
361 3226
705 1979
1021 2746
356 4991
3581 4413
535 4648
2327 4969
20 4252
2395 3815
809 3229
1768 2778
1781 4968
250 4993
1148 4802
1678 3089
2957 3112
1759 2700
2357 3219
269 3692
631 3325
1179 4651
1182 3741
3458 4765
243 4555
14 444
3111 3898
442 2937
609 4541
4412 4694
1705 3594
815 4239
234 3181
303 4979
1847 3434
1624 3742
155 4401
81 4189
3108 3256
3851 4472
2887 4494
1182 4772
1506 4941
497 4129
585 4356
2909 4235
250 4904
1536 4224
57 1861
1237 2181
2711 3387
694 4934
191 4763
2062 3109
741 3828
809 4343
224 2004
53 4958
133 4589
3811 4358
19 1809
1383 3517
3613 4184
34 4946
1903 4976
486 4468
2513 3566
75 2958
318 4885
373 1484
2002 4828
119 3820
1312 1818
4582 4594
107 4602
577 1619
1549 4496
768 4906
2126 4615
288 3793
1218 4944
490 3285
3464 4455
558 3723
2785 4741
1304 4893
202 3733
53 4616
515 4213
82 4737
1285 2830
3606 3636
913 4406
50 4415
1804 4474
470 4863
3 4983
4029 4505
1744 3584
1011 2171
3602 4842
1306 4435
193 4815
441 4344
240 1979
2752 4592
1624 2457
2241 3074
915 1947
2200 2895
706 4894
79 4223
977 3613
495 4963
1466 4594
778 4607
634 4480
607 4957
1317 4745
1257 4239
450 4768
1032 1881
2370 4517
1072 4467
2492 4710
633 4122
467 4312
1222 2271
241 3522
297 1769
1738 3150
2974 3377
932 1479
3077 4758
2089 2327
1173 2216
2073 2457
2489 2753
1863 2240
3802 4705
540 4954
127 4002
982 2620
2239 2255
865 1121
646 4294
583 2814
3786 4214
2797 3775
2710 4180
889 2450
176 4999
71 4597
1688 4349
598 4419
21 4928
1463 4860
1740 4170
543 2108
1689 2260
621 4974
2727 4989
98 4807
601 3414
304 4135
1883 4564
1066 4947
263 4631
2439 3372
1558 4267
2938 3930
958 4450
1057 4529
391 4923
1435 2602
1443 1648
2165 3846
139 3995
239 4876
3529 3871
313 633
223 4936
81 4966
735 4163
1943 3734
824 3729
578 4632
447 4943
3535 4411
1007 1839
1144 2457
11 4978
680 4582
199 1559
548 3382
17 4951
711 4275
3289 4121
3225 3274
408 3681
1525 3958
1419 4981
332 4851
1055 2922
11 4900
2674 4306
286 591
1592 4622
1987 4197
1903 2504
2257 3160
3202 3853
336 4870
2292 4827
3538 4601
3144 3223
329 4617
60 4916
1040 4662
153 4148
928 3264
1687 3406
166 4628
71 4110
774 4532
2349 4369
1507 4385
1297 4805
279 2202
293 4672
14 4967
2822 4037
1018 4108
660 4605
287 2105
2891 4915
1305 3261
1891 3752
2542 2791
1253 4718
188 3915
4069 4103
377 4258
1187 4895
495 2725
401 4183
679 3726
799 964
536 4203
1653 3240
543 4598
419 4675
1957 4974
2410 4257
560 2110
441 804
1086 1257
1548 4891
683 4928
4150 4285
1647 2122
829 4345
1098 3714
1466 3204
1377 3945
52 3166
1349 4046
3139 3995
617 2680
1209 4947
555 1298
1857 3179
1240 3213
441 4524
627 3343
605 4550
3201 4096
3036 4361
1675 4250
371 4207
26 4980
1984 4744
386 3513
101 1728
611 973
1114 2732
2422 4675
122 4587
741 4964
1561 3747
1889 4480
525 4926
383 1425
70 3823
21 4999
1357 3730
238 4994
54 4774
836 1425
358 4965
210 4544
167 1410
647 2534
664 851
476 2823
268 1003
116 4581
2558 3696
3150 3514
3032 3302
529 1327
149 2646
720 1911
3618 4954
3157 3165
368 1092
555 3082
2802 4409
1435 4278
933 3696
2564 3579
143 3247
481 1858
3696 3711
1727 4426
368 1235
1658 4452
3602 3906
110 4850
884 2344
108 2922
671 4342
136 4766
124 4809
812 861
1981 4383
80 4948
2507 3887
401 4893
1407 4065
572 4292
430 1968
1358 4495
2814 4597
804 4956
592 3026
1126 3324
1517 4090
394 451
1571 2128
2156 3147
131 2466
182 4965
3268 4760
2700 4474
138 4632
1315 2102
2719 3518
39 4799
88 4921
133 3680
1059 3325
394 4867
1185 4785
1171 3881
223 3682
65 4898
800 3903
717 949
113 4864
2151 2244
3390 4028
517 3896
572 4633
2193 4952
3325 3854
1225 2879
3627 4156
348 4851
794 4952
1368 3723
152 3530
167 4216
518 4754
29 4947
520 4743
2042 2483
1917 2425
89 4798
1647 1981
3697 3927
2805 3454
237 4546
298 4969
269 823
1814 4215
310 4524
3557 4216
698 4720
492 1029
1300 3426
2181 2262
1826 3700
544 2801
1388 4787
451 814
1725 3188
1479 2361
351 4917
324 3727
109 2720
3330 4347
11 4604
517 2213
695 4311
2382 3643
596 4914
242 3749
1614 4363
3280 4103
2867 3209
577 2896
908 2094
329 3872
661 4785
1150 4561
17 2440
1552 4614
91 4912
954 4942
75 4468
1431 4907
995 1833
608 5000
1188 4000
2255 2402
2110 4362
652 3972
1876 4992
2420 4860
1797 3319
2055 4301
2746 3009
1046 4803
2001 2400
1101 4796
1226 3713
3420 4534
479 3702
1933 3485
2131 4454
1389 2986
232 1575
3047 3448
3 4990
36 4837
3403 4931
28 1064
2277 2509
9 4871
2813 3730
249 1755
542 3318
188 4862
1425 4008
12 4952
4043 4840
412 4756
3414 4516
712 1747
2721 4498
637 3751
2062 2878
338 3567
2070 4826
370 1650
1110 3501
1333 2665
313 2404
1005 2679
1424 3542
516 2223
1524 4836
2114 4843
709 2664
1003 2591
2171 2683
3296 3939
920 3787
1041 3789
792 3988
4312 4998
1134 2477
2128 3377
2725 4440
708 4491
141 3720
642 4873
1644 4034
1323 2375
1094 4504
2436 4698
3116 4861
4331 4821
649 4201
1836 4044
619 3035
3861 4902
65 4126
1554 3704
20 4995
602 4078
4594 4854
3980 4828
541 4798
1540 2897
1153 4590
202 4364
1522 3961
87 4963
224 4638
99 4881
1765 2492
4079 4293
1847 2662
272 3344
24 4445
3247 4054
915 4390
4213 4770
1031 3620
609 4970
458 1545
464 2013
1350 4234
22 391
2717 2928
1882 2928
1964 4851
189 4825
1908 4140
1677 2897
445 4390
253 4203
264 3593
352 4999
335 4630
2413 4232
339 2665
531 2801
3826 4707
2725 3140
1489 4785
1271 2742
184 4701
73 4541
782 2329
121 4968
2533 4582
108 3618
3137 4042
342 4457
513 3634
1941 3442
1982 4008
385 2545
451 3840
86 4297
1758 1857
496 4711
2252 4717
77 4901
3467 4858
2550 3843
1847 3590
284 2288
14 2562
2811 2870
1169 3285
1355 2937
2255 4833
1188 4911
2376 4606
145 2746
2141 3930
1660 3937
324 4837
2115 4994
3764 4408
690 3962
1451 4456
13 2051
2924 4819
2643 4696
1234 1731
563 2858
633 3591
2301 3491
10 4856
215 2535
1160 1587
3675 4855
422 4677
1155 4770
4299 4865
3945 4347
977 4881
2541 3195
1728 4877
1860 4120
33 4877
1609 4595
859 3284
1311 4862
4629 4842
67 4775
1594 4079
588 4402
136 4980
101 2621
389 2305
2708 3253
437 3776
1459 4854
440 4693
1521 3281
512 4732
282 2892
1499 4118
2006 2177
1761 4675
1295 4517
3724 4429
84 739
236 4094
122 3536
2811 4279
58 4556
752 4684
182 4929
742 4993
876 3950
41 4986
4124 4800
847 4966
414 4441
2477 3211
2172 4812
2315 3616
904 2071
204 3456
283 4830
344 4327
2731 3426
639 3575
529 981
1688 3092
2760 2888
3758 4760
544 4167
1932 4291
579 2680
1096 2525
1863 4674
2748 2852
1194 1713
766 3949
233 4653
1684 2220
1846 4875
1926 2382
224 406
629 1550
1290 2420
1407 4859
928 4544
2327 4520
1031 4359
523 4597
113 238
58 4896
124 3173
3095 4376
1537 3584
171 1465
9 4592
2067 2459
1225 3009
2789 3783
3774 4873
1702 4693
17 4777
1897 2983
192 3887
2032 4517
1365 4633
106 3922
75 4838
2576 2975
1570 2480
476 1883
1205 2865
827 4163
627 3363
1076 3871
1158 4569
2517 3933
613 2614
244 2468
1542 2398
630 4672
572 3635
678 4929
18 4982
449 2971
792 4555
616 4455
1078 3293
1902 3781
702 1463
11 5000
599 3790
911 4237
255 478
40 3953
867 3967
1115 4049
213 3435
394 2377
2280 4187
1923 4190
1410 3935
489 875
74 3767
127 4887
84 4097
3028 3988
3519 3646
330 4906
1473 4793
2857 3985
3782 4508
1044 4528
280 3008
1023 1575
206 511
2594 3492
333 4696
309 3159
640 910
1108 4539
4203 4529
2547 3197
180 4010
334 3735
1445 2595
1352 3920
388 4864
210 4741
19 4793
61 4501
2161 4499
38 4120
2655 3392
1591 2317
1153 1852
731 4521
2100 3281
1039 4988
1205 4064
1292 4660
637 4314
2694 4791
1803 2798
2535 4645
1729 4580
1267 1324
138 4982
2121 3626
2011 3098
2218 3428
2208 3745
294 4696
1162 4499
1312 3777
2848 4988
854 4636
633 976
3378 4199
259 4439
589 1925
2935 3375
1078 4870
2839 4736
1014 2721
194 3626
3899 4091
1130 4746
3126 4434
250 1682
186 3579
2288 2517
316 4377
2156 3879
1820 4853
1447 4887
490 4780
1029 3996
3532 4708
254 3203
1660 4779
746 4524
2028 4080
139 2308
3415 4870
1433 1986
1495 4607
1332 3934
342 4727
720 4187
213 3733
236 388
148 1316
1518 2755
2180 3724
157 3405
861 4539
455 3545
3596 4218
360 3850
818 4824
108 4483
1847 2632
174 4385
491 1577
444 4092
1697 1869
2088 4666
545 2277
1703 4602
290 4964
1678 3532
57 193
392 4307
1512 4169
357 3221
662 837
133 4279
1889 4975
62 3899
2201 4980
1375 4175
310 4794
1439 4808
1069 4422
44 4533
421 892
2906 3581
870 1686
425 4824
1631 3466
20 4986
118 4783
2588 3884
785 3356
1282 3963
3250 4218
2470 2523
1402 4057
539 4484
1057 4287
1700 4388
972 4941
3673 4698
704 2119
3363 4617
3413 3667
2475 3213
411 2281
1602 4681
2733 4060
981 4908
1977 4690
816 2551
1969 4590
4117 4232
186 3666
1477 4548
1883 4636
78 4643
2645 4084
3126 4683
1506 4053
598 2112
1188 4000
149 546
40 4315
1033 4809
133 4706
1932 4809
1396 3664
993 3905
24 4852
2663 4225
1895 3514
251 4624
201 4194
726 4812
178 2575
1060 2693
614 2965
2396 4919
2543 4942
328 4837
738 2438
22 4687
2546 2577
2729 4252
70 3043
1628 4748
2220 3416
1171 4677
1285 2355
4483 4946
1343 2478
1117 2625
2049 2240
721 4957
1666 4726
3944 4560
3854 4168
78 3403
639 887
1176 2166
1737 2958
1816 2672
3517 3711
388 4679
12 3885
484 4808
2599 4501
505 4191
1277 3168
922 2226
275 4742
1543 3971
3633 4553
1195 1242
2486 3880
1753 4047
549 1514
1183 3464
7 3853
409 3864
2113 4799
2633 3712
237 3326
914 4107
1363 4357
23 4795
1045 3487
1168 1385
347 442
744 1072
744 1080
1271 4861
282 2435
1339 1504
1503 4998
701 4866
2819 3379
543 4853
286 3489
741 4461
325 4230
3374 4660
4604 4960
136 4063
553 4747
1142 4822
1014 3197
1842 3151
2027 3040
198 4142
1793 4093
229 1879
160 4975
200 4631
39 4769
2146 4807
1830 3373
1968 2228
1969 3740
714 1636
53 3087
916 3850
673 1219
44 4792
2503 3576
1155 4745
3403 3632
742 3161
262 4477
3793 4794
159 3748
3036 4323
218 3304
1214 4196
4152 4265
1754 3878
3245 4675
135 1458
1757 4280
769 4739
367 4670
509 879
23 4525
1121 1971
4531 4681
1142 4070
1234 4740
1605 4880
17 4968
2843 4024
211 4798
1165 2061
571 4006
2174 3801
2048 4256
3064 4352
1249 2505
649 3611
1360 2109
530 2309
828 2094
3795 4360
360 4576
2876 2907
3538 4932
1545 4921
105 4651
1592 1982
1892 4821
250 4979
1260 4067
1122 4786
3235 4317
687 3923
370 4782
145 3383
3516 4675
252 4772
2763 3031
4433 4991
1616 4320
198 3263
1007 2241
293 2459
228 2869
2014 3360
1495 4013
997 4688
92 300
120 4930
559 3814
2098 2234
786 4887
1520 3348
3749 4004
218 4321
3651 4592
1990 3884
737 3311
1 5000
1354 4460
4048 4798
1668 4140
2854 4880
521 2248
215 4120
2179 4051
2216 3108
1451 2085
4069 4479
270 4359
2521 3775
1318 4652
1634 4245
821 4601
704 4883
786 4140
292 4322
1765 4603
1194 4337
1167 4572
2766 4939
1120 1982
107 4999
45 3932
760 4253
88 4819
26 4971
130 2931
4289 4845
757 3662
1007 1504
239 4877
230 2898
1091 1179
665 4373
473 4905
1151 3957
2157 3191
3686 4692
339 4134
271 4426
3530 4088
165 1773
871 4440
2742 4426
311 4650
56 148
653 4132
865 3855
1033 1086
1452 1829
73 1467
1601 3724
1151 1335
667 4849
1182 4559
1 4998
450 4619
186 1954
2635 4487
65 4492
208 865
1204 4594
1906 4513
528 4923
2861 4273
1691 4523
1967 4102
2493 3853
853 4833
899 4930
3795 4365
415 3647
371 3120
1296 4820
1819 3633
3317 3749
1458 2300
642 4990
876 4955
151 4493
2015 3720
294 1161
121 4923
1976 4708
2068 2509
274 4482
2527 4622
432 573
3156 4540
3663 4728
1152 2535
3153 4766
1640 4568
1103 4510
1308 3356
2339 4502
17 4808
606 2465
20 4880
286 625
3178 4101
401 4932
2358 3718
491 4241
2020 4267
361 4811
3474 4975
3302 3682
59 4604
202 4935
1282 4659
803 4929
139 4924
60 4038
162 4842
538 4329
380 4470
1568 4137
528 3032
151 4632
638 3093
1948 3652
266 4795
3622 4457
204 4590
214 4001
1385 3216
428 4220
4370 4902
757 3191
1293 3919
1964 2535
457 4269
1319 3233
3424 4504
566 2568
655 2261
725 3839
1120 4493
39 3510
2022 3533
1341 4041
2192 3031
1825 3551
212 1784
781 3178
1817 4187
252 4848
1067 4767
2270 2460
319 4407
618 2286
1662 3746
1378 4489
558 4015
1510 2881
412 3847
2482 3331
729 4722
1547 3996
945 2089
769 4307
2554 3521
842 4302
1308 3393
751 1129
233 1483
3823 4033
2251 2379
1271 4010
899 4129
1644 3996
779 881
105 1847
1563 3773
941 4290
1278 1340
604 1371
154 1312
58 3949
1349 3582
124 4398
135 1821
339 436
387 3050
1953 2174
151 2629
46 4844
2245 3295
816 2793
563 4213
763 4577
47 2270
638 3487
56 2146
626 2808
270 4093
2074 4581
1712 4023
776 3861
1159 1731
12 3876
754 3233
3146 4608
1864 4845
164 2676
4545 4806
2918 3111
641 2942
2849 4694
3149 4770
776 1181
728 4272
650 2940
1555 4281
112 3611
2812 3439
950 3880
845 3851
7 4869
539 4444
1889 4217
3143 3843
87 4994
209 2389
1705 3379
624 4438
2384 3367
1054 4325
290 3127
578 3855
1690 2784
1953 2124
2618 4102
2426 4096
3300 4875
1962 4634
1514 2945
20 2881
3221 4066
1719 3317
1254 2498
15 4920
981 2994
4449 4903
2672 4142
486 1516
2075 4990
265 4584
3015 4969
1122 1736
2524 4914
1409 3403
1526 4518
1883 4960
1947 4655
1931 3309
1091 4565
1435 4907
2449 2913
4137 4475
2673 3923
3191 3455
716 2884
470 4373
3 4993
3919 4693
246 4891
971 4433
2309 4364
12 3765
4120 4631
642 3293
664 1952
78 4870
2537 4603
214 4752
1396 4801
903 4905
654 3369
820 1347
3935 4404
59 4775
105 4949
576 4714
453 3100
462 3828
847 3512
81 4960
192 4986
1467 2175
1339 1371
2704 4704
771 2634
1044 4636
1013 3433
3005 3857
219 2310
1280 3502
379 4617
2688 4199
28 4977
684 4166
1035 1584
1516 4553
386 4158
1748 4207
1441 4986
931 4015
2772 3062
1804 3579
966 3931
3663 4926
557 3856
2011 2814
1963 3971
1027 4871
2205 4523
206 4159
1233 4578
729 4720
3835 4279
2477 4894
16 24
541 4589
4293 4603
2021 3023
1281 1599
324 4669
505 4983
3077 4133
2253 4649
1384 2217
2430 2992
3381 4471
1029 1743
1968 3969
3339 4641
503 3810
401 3207
3183 3222
2106 3557
1266 2607
2037 2918
1705 4031
1413 1858
2586 4326
92 4232
769 3561
833 3744
365 1562
3016 4367
4116 4303
697 4309
3199 4623
614 3437
2 4960
1059 3612
84 4990
3209 4126
2966 3765
838 4098
402 4413
2292 3835
1235 4365
1899 2836
75 4418
1261 2744
505 4338
26 4193
3310 3907
1776 4880
2614 3891
1070 1293
91 1966
877 4876
1469 3878
1471 3909
89 850
960 4615
843 2538
1506 4548
53 4690
2810 4505
2075 2603
298 3522
600 2672
2033 2064
1307 4857
1250 1330
948 1104
2446 4859
1128 2982
10 3861
382 4825
1959 4787
541 3789
1494 1588
1926 3174
3624 3774
1128 4667
220 3026
1497 2509
1204 4597
658 4010
268 3963
2799 4563
448 4870
942 4199
3667 4206
17 1425
833 4047
216 3656
12 4980
267 1173
1252 2426
3442 4299
192 4080
849 4839
2644 4226
1174 4464
3599 4075
1316 2258
256 4603
1823 3825
2142 4535
3315 3656
1672 2362
222 3970
555 4808
3588 4906
13 2927
400 2434
324 4802
1094 4855
2491 4798
2752 3970
356 4146
50 3295
2878 3253
448 3172
2221 3523
2272 3329
37 4998
207 2712
4272 4459
3372 4647
1010 1204
6 4988
334 4354
2509 2549
109 4979
496 4514
93 4616
853 3510
4524 4617
1581 2906
2174 4062
1968 4630
1559 3554
1682 3058
1834 4467
546 4943
2791 3468
1016 3967
37 4972
468 2408
1570 4879
184 3116
210 4149
459 4288
158 3021
3379 4645
2209 4756
3309 3380
428 3540
60 4453
192 2807
2058 3929
428 3863
466 4352
141 4923
1735 4370
200 3912
218 4740
1099 4419
938 3570
662 2964
3409 3470
362 1567
27 4644
6 4918
471 4645
155 4856
4377 4743
1565 3647
643 2396
11 4624
48 4915
1574 2540
123 4873
170 3241
961 4710
694 4833
1553 4466
2679 2774
414 1237
835 2642
1808 3900
2677 4841
283 646
280 1069
386 782
1220 1998
3521 4469
1714 4333
3922 4015
1084 4927
2256 2863
2162 2947
221 1563
1832 4434
747 4896
167 4816
3043 4831
1044 3885
115 1278
807 2892
54 4986
3084 3745
1986 4936
973 4495
1068 4688
432 4144
1181 1742
1351 4114
6 4996
1954 4823
127 4856
927 3500
117 4674
255 4710
895 3793
520 3747
502 4841
3868 4559
3387 4125
3365 4095
25 5000
1750 4605
69 4133
2341 4525
795 4917
1687 3124
2221 4682
143 4698
2181 4579
1491 4926
2418 2663
2285 2435
1610 4954
2876 4377
507 3832
4965 4987
3079 4227
489 4681
1876 3967
2184 4275
1143 2421
845 4217
521 3557
4214 4419
772 3679
14 1818
3124 3498
2443 4552
909 2274
1335 4286
91 4712
617 4828
1563 4057
1763 4025
611 1949
1802 4841
776 4411
786 2822
2293 3769
2249 2249
1246 2617
1539 3687
927 3405
1671 2720
1914 4222
284 4994
2746 4657
2297 3450
1260 2844
462 4199
175 4968
1436 4749
3668 3731
794 1163
403 4911
1998 2638
2940 3489
1566 4291
287 4031
950 1601
3855 4425
879 4044
1131 4185
1344 4638
473 4788
1989 4528
2069 3381
1812 4217
20 4997
351 5000
2649 2818
2491 4428
3560 4592
1745 4792
812 2880
54 4936
682 3539
641 2546
2130 4050
3562 4615
400 2738
427 4791
2299 3787
1696 4668
114 2271
1161 2772
3508 4672
1889 3486
468 4497
693 2596
506 2382
52 2931
1060 2416
1532 4982
1478 4589
2995 4471
3047 3229
921 1895
723 919
2361 4093
3599 3867
1586 4817
1339 4870
231 4793
164 4829
709 4960
1505 4511
907 1822
291 4715
1186 3703
853 3057
107 3659
1256 4844
3483 4901
672 4209
751 2877
176 4942
285 742
2814 4469
2380 2431
1736 4751
3074 4673
1240 4643
101 4943
56 4838
384 4408
2869 4208
1125 3005
1159 3365
887 2505
2096 4262
2541 4783
2833 3570
488 924
372 3281
2242 4748
548 4324
242 3950
2953 3948
1790 3350
1105 1175
350 2432
446 4941
620 1157
888 3495
1814 4311
1567 4394
811 4285
1411 4292
1512 4244
1044 2749
1061 4923
1411 1655
248 1930
4377 4872
2131 4773
4452 4940
3370 4403
3436 4824
687 3607
1546 2269
823 4381
2793 3181
1686 3112
909 3760
225 4788
3519 3768
1644 3765
2669 4651
689 2709
1 5000
860 4977
2166 3311
428 1552
541 4936
1611 4020
729 1952
4282 4504
1246 2650
542 4526
393 4676
2715 4106
543 3918
852 3141
611 2116
3034 3248
844 1873
14 4991
1252 1749
583 4818
471 4466
220 1465
88 2747
3525 4433
2007 4178
49 3015
650 4781
73 4647
2088 3294
590 4550
321 2287
3434 4797
3455 4876
3529 3937
745 3352
552 4790
16 1480
730 3313
741 2006
2754 4300
1389 2095
1687 3866
1346 4451
46 4218
1711 2119
2431 4779
278 4164
2705 3793
1292 4763
150 3023
190 4927
2821 2877
1491 4884
484 4571
329 4707
609 1942
1647 3438
2367 2919
243 4228
720 2388
2325 4772
1346 3240
1028 4631
1054 4803
48 138
517 870
973 4661
131 4071
140 3873
1755 3040
804 3750
1169 4749
3213 3328
142 4666
236 4554
567 3434
108 4353
4717 4772
3179 3522
1498 3662
858 2292
931 2518
1586 3291
157 4473
291 4228
2640 2976
58 1327
155 4894
674 4339
681 1223
2224 2849
386 3231
1422 1820
1797 3735
2849 4754
554 4551
1085 4617
319 2948
594 3896
630 1820
1042 2635
530 2810
7 4795
604 2463
1673 2697
443 788
116 2438
4455 4904
93 3426
45 2999
1852 2247
26 4678
1130 3113
653 1664
695 3627
770 1065
288 4810
482 1426
2821 4369
340 4837
107 4880
2341 4277
584 3110
343 4239
6 4994
1175 2192
3601 4789
2674 4621
3061 3450
1911 3003
1626 4559
3493 4807
3249 4378
1482 1936
3951 4757
488 4533
2472 4919
2961 3541
1865 4795
1046 2578
1461 4960
945 3271
10 4779
264 4740
1108 2103
3908 3969
1408 3711
1943 3914
1884 2063
1225 2408
2794 3780
72 4672
2088 4913
332 4956
3021 3411
656 4518
626 4114
963 4492
1283 3805
3481 3982
2448 3476
88 4693
895 3892
292 4574
220 4630
1919 4567
3078 4242
2802 4586
93 4917
2883 4158
1292 3995
3943 4898
3271 4781
130 4422
207 4718
710 4173
134 2004
178 4629
692 3178
594 4762
11 4789
1780 3999
59 4308
1627 4159
1587 3672
3503 4789
3189 3783
75 4197
22 4019
5 5000
580 4949
2777 4303
1869 4304
3988 4114
2239 3968
508 4347
2241 3576
470 2638
653 3851
318 4348
3396 4774
102 4774
3018 3762
3842 3930
2747 4691
3384 3642
170 1510
668 4986
1002 4657
1046 4679
232 4243
2540 3132
2005 4953
297 4278
457 2673
2589 2755
78 4871
2247 3899
434 3770
377 757
2579 2617
1492 4732
532 4882
15 4957
110 4999
487 1969
2774 4524
1508 2237
1573 4610
1978 4255
1598 3430
1394 2888
3594 3906
1079 3651
193 645
177 4544
471 4597
1603 2221
126 3914
486 4618
1875 4489
796 3535
1326 2381
923 1900
83 4978
3082 3843
1930 4090
37 4889
57 1154
89 3516
2345 3524
1145 4974
240 1932
1487 2507
1227 4963
471 4930
329 4375
1050 1569
1165 4799
2079 3080
2165 4146
2404 2496
1148 4440
1738 4269
3728 4878
1393 3130
880 4100
621 2502
99 4640
145 2980
163 4957
40 4783
11 4883
536 4950
298 3046
3838 4477
1560 3942
1334 4645
69 4995
379 4418
770 4490
240 4932
119 416
419 4408
1112 4967
449 3837
254 4972
2357 3825
1030 4259
157 4869
651 3573
252 1330
3318 4162
590 4489
1486 3673
567 4499
1174 4964
3414 4133
687 2041
225 4136
470 3816
1810 2532
915 2050
2407 3880
2452 3682
560 4840
1168 1890
392 4453
980 4093
2113 3593
1996 4461
1681 3495
1229 2163
791 4980
1341 4589
196 3447
899 2047
4188 4920
540 3471
21 4995
2880 3070
3986 4306
343 4510
3878 3921
2113 3429
1947 4941
1042 4943
3746 4900
749 4957
2112 4313
1404 2383
1128 4295
347 2224
330 4990
1314 4215
90 2999
284 2317
53 4368
107 4930
1024 4791
708 4738
25 4169
1339 1437
1955 3527
810 4641
2024 4745
1108 3980
4291 4895
608 1596
2 4995
22 1564
507 512
1130 3531
175 2637
545 4755
2040 4704
560 4963
3171 4405
4172 4724
329 4242
231 1796
584 4284
174 4745
841 4171
87 4639
306 4531
690 3970
3189 4131
768 4961
639 4884
423 4856
649 4886
48 4953
187 3696
108 4501
1175 4811
222 3554
579 2970
1652 4277
6 4968
15 4922
499 1324
1326 1636
3051 3233
3606 3726
58 4949
1971 2705
195 2687
1901 2070
2943 4944
554 4846
883 4381
2361 2808
2541 2908
1901 4342
217 4838
2213 4635
228 4347
1689 4066
174 4745
1899 3414
441 4146
1132 1176
692 4566
3584 4634
2367 2592
1503 1995
4733 4982
1166 2171
2078 2581
1203 4068
2390 3807
338 4336
1936 3648
28 4888
738 2540
146 4009
1684 3706
2203 3465
1568 4649
1476 4274
990 3914
2880 3178
2705 3932
260 3495
1887 4797
1306 3864
265 2391
20 2422
3171 3493
1474 2800
3201 4760
1293 2195
890 3884
1988 2024
1669 1737
95 262
1508 3128
1380 3617
302 2835
1680 2047
11 4986
2829 4873
1444 4949
1926 4081
724 1432
2035 2432
1422 4563
3718 4789
888 4706
214 4852
2124 4790
2377 4537
950 1893
945 4965
236 4842
295 3958
1552 4682
38 4995
683 3389
45 4655
276 4463
3955 4128
270 4326
277 4743
1054 4800
408 1401
162 4874
768 3510
1320 3801
800 2258
597 4542
301 4963
1080 2757
670 2992
4381 4845
1359 4332
4146 4420
1118 1587
1191 4441
933 4994
558 3788
1460 2212
325 1028
4114 4351
333 3502
2670 3531
330 4744
1084 2228
2900 3930
2731 3100
72 4981
2481 4817
3386 4487
3999 4562
398 1329
3148 4882
743 1332
39 4626
780 1587
416 4625
234 4382
2211 3461
1000 4981
209 4579
986 4620
403 4936
677 2716
6 4986
1007 2442
3387 3961
2241 3870
2851 3409
479 3799
646 1409
2278 4726
479 3457
1887 4669
142 258
920 2738
182 4850
2565 3652
9 4825
346 2331
146 4819
2027 3922
2022 3732
2662 3284
1850 4181
2104 2540
95 4641
574 4526
2658 4685
2472 2889
131 2460
2855 3290
786 4033
1290 1669
1980 2899
2996 3338
3084 4618
543 2839
1413 3819
344 4983
691 4401
384 4675
405 4018
467 4926
1641 2708
3185 3814
231 4658
12 4213
2700 4771
1527 2134
1458 4191
916 2817
228 4884
3372 4981
2488 4592
2031 2322
294 1178
1961 4279
1038 4919
2406 4914
210 2548
110 1721
166 4803
2564 4604
3059 4459
734 4572
634 3385
4375 4620
73 4618
520 4225
286 3185
1613 3720
1385 3356
879 2281
1903 3143
828 4995
1358 2104
545 2685
2026 3569
282 1362
907 1496
847 4279
824 4472
2696 3904
1685 4214
541 5000
2574 4849
1252 1510
1898 4454
3783 4092
109 4886
48 4208
566 3380
1321 4329
935 2986
4479 4801
881 4206
760 2840
321 3439
724 897
113 735
137 4987
781 2742
1226 4021
1149 3916
3668 4536
3942 4585
1478 3349
4655 4781
2260 3122
1331 4735
3975 4179
1554 2043
314 4242
14 4824
3460 4896
1104 3463
341 3809
1074 2913
1153 3711
852 3158
301 4687
318 2871
911 4950
138 4068
1196 4316
781 4621
153 3995
1162 1949
127 876
3543 3619
2017 3106
806 999
679 4188
271 2719
173 797
438 4802
500 4638
58 4164
1045 4650
1161 2875
1311 2307
43 4490
143 4854
264 3253
2484 2939
2949 2971
285 4604
27 4874
174 4122
1146 1529
973 3865
1563 2772
1632 3339
395 2914
95 4932
758 2310
2942 3359
1683 4669
892 4591
913 4602
3016 4824
94 4962
1517 3038
723 3758
10 2138
353 3050
4383 4647
1572 4139
1695 1838
1321 3999
2246 4591
2895 4806
1167 4064
2751 3012
1357 4100
1679 4547
1115 2632
853 3105
1451 2257
793 2494
4042 4486
163 4993
3155 4059
1805 4198
1768 3332
562 3846
778 2890
1466 4115
867 3581
11 4961
3087 4057
396 4867
1158 4721
947 3651
1071 4902
1301 4234
524 1529
1486 4824
313 4964
309 4800
1915 3388
889 2607
1444 4764
474 4946
1783 3485
710 3758
2398 2991
1032 3834
123 4206
2958 4225
136 4909
2530 4676
167 1752
1645 3282
255 3986
3174 4049
323 2047
1429 2971
2431 2718
1664 4562
626 3131
325 4306
674 3460
1352 3860
946 1527
1256 3924
682 3894
740 2309
1831 4294
78 1794
1181 2948
3224 3298
3914 4849
743 4695
141 4110
2015 4244
574 4035
725 4870
98 4557
2175 4236
427 4608
906 3571
3332 4184
605 4583
1251 2335
310 4912
325 4759
978 3183
431 2655
2781 3353
586 3674
3939 4763
1975 4745
1110 1553
836 1358
708 4762
1442 3228
3434 4895
220 838
3216 3784
1959 3629
2340 3916
471 2895
1589 4516
323 4935
1018 4855
2885 3996
1878 3193
526 3588
195 4521
669 4808
33 4740
1619 4971
2308 4865
3472 4584
305 1015
340 4418
1450 2976
1378 4992
890 1166
1169 2964
1500 4928
2758 3862
1182 3902
556 3979
979 3914
546 2866
1977 2039
135 2406
2253 4849
458 1635
217 4074
985 1947
1969 2809
111 4152
1511 4180
1894 3422
300 3751
301 4553
122 1426
611 4039
1742 3108
1662 2221
140 4505
4449 4706
20 4993
674 3820
2912 3119
2310 3616
2115 4384
4105 4976
723 4435
343 3918
2930 2944
100 4339
1145 3159
1578 2192
1447 2997
266 4490
3995 4410
1883 2823
1194 4836
2450 3015
2681 3607
391 3644
1194 3760
3234 4402
751 4761
424 3077
55 3925
13 4908
303 3849
4005 4117
1838 4941
468 2138
466 4924
388 3283
410 3167
839 4350
632 1956
661 4807
1583 2624
409 3517
2677 3006
636 4839
400 4806
2248 3041
1339 3071
3563 4319
3 4932
2201 4232
1280 4743
159 4666
593 2940
1103 2098
1748 2789
1421 4245
643 1244
2277 2928
429 4674
64 4538
125 4428
640 4791
1573 2385
1297 4526
2176 3474
238 3429
696 3754
3762 3880
2029 3105
393 3079
387 4414
2752 3400
605 2343
609 4734
1049 3568
1161 4392
2492 2589
523 4568
58 1789
125 4973
3146 4786
1888 4677
329 2779
2741 4244
44 4357
3573 4272
4076 4230
397 2415
1758 3916
163 4806
852 4310
21 4976
2346 3914
192 2519
4123 4997
1128 4441
1586 3385
68 4318
90 751
309 3637
647 4146
768 2558
2621 4168
2980 4659
211 3065
686 2422
969 4954
1468 3138
3579 4263
922 2580
1134 3681
60 3796
973 3899
1410 3178
3272 3795
4623 4814
33 4841
2504 3597
258 2539
1136 4771
515 4429
993 4589
2585 4865
1251 4805
84 3346
4095 4661
445 4641
1960 4364
1987 2340
572 1868
3492 4961
1362 4639
1103 2722
90 4980
758 4883
27 3732
1636 4238
1120 3524
781 3604
493 2672
959 3852
1992 2238
2688 3455
1981 4560
1111 3180
1595 4296
250 2614
200 2908
1169 3742
1487 3505
2988 3797
634 3670
426 862
395 3047
465 4869
784 4145
229 4989
1300 4248
3401 4010
1968 2947
4054 4117
556 881
3650 4096
446 4703
767 3850
353 1419
1890 1935
2066 2918
1380 4522
316 4150
763 2371
2724 4184
1434 3467
719 3952
634 3011
832 4033
92 4957
235 4917
704 927
1267 3366
865 3622
80 4456
53 2642
976 3924
4297 4812
177 4353
276 2569
93 1810
811 3292
1027 3133
2106 2967
580 4264
414 1329
65 4795
80 3307
2377 3649
650 3473
243 3739
2741 3894
2022 2916
260 4872
835 2723
2571 4536
3852 4979
1293 3121
2213 4111
1111 4599
1642 4362
1921 3700
648 4794
818 4852
3083 3388
1112 3483
1671 2822
661 4829
754 869
1386 3034
830 2698
63 4881
647 2430
1229 3260
2545 3085
926 4645
223 2211
2528 2836
41 2087
263 4863
784 2076
1476 4671
40 4947
1716 3257
509 3293
905 2280
1382 4594
970 2172
135 2591
1028 4583
236 3535
251 4511
1086 1321
873 4850
1048 4955
357 4013
493 4679
1687 3903
4399 4663
2289 4369
1665 4472
310 4573
526 1789
713 3154
23 3788
423 4418
53 2867
326 4054
1759 4089
289 4958
4775 4790
2749 4399
515 3005
292 3563
342 4542
699 3205
645 4054
3058 3878
4034 4129
1887 4734
1228 1981
1541 3542
2770 4484
1665 2669
287 3626
4095 4736
1304 4678
444 4602
609 4170
7 4860
208 4703
927 4934
472 4915
224 1767
707 4623
315 4697
366 2782
2283 3523
1121 4187
147 3455
42 4984
2422 4765
2643 4325
632 4005
1136 3496
266 4785
280 3563
4343 4359
800 1543
772 2572
1762 4986
2178 4458
150 2579
520 1517
4241 4463
1898 3902
1989 4964
157 4180
358 1029
1458 4560
2833 4957
621 3974
3317 4613
1463 3333
1136 3148
1115 4773
35 1611
2781 4441
388 4772
68 1721
901 2846
267 4658
1143 2698
2360 4197
1096 4111
562 4703
1772 4710
2708 4975
540 3991
497 3722
1855 2630
139 4333
3630 4563
2400 4221
3261 3437
15 4987
1349 3443
1663 4577
3547 4670
2256 4826
2090 2680
393 2841
369 4347
877 4848
2004 4971
2572 4873
2172 4954
107 2398
756 4374
1392 2200
735 4811
2354 3436
1161 1349
2383 3566
1626 3080
1145 4698
368 1460
965 4976
4523 4572
168 4989
2458 2825
1213 1906
3110 4452
1292 4154
292 4047
2819 4222
144 551
57 4963
402 2607
4409 4476
549 3936
1598 4760
1886 2782
1809 4879
664 4623
2150 3942
2012 3815
797 3006
143 4886
1509 3687
1486 4022
1398 2017
1412 3432
1616 3306
384 4737
1527 3681
1216 3890
542 2507
232 4859
3463 3780
206 4897
933 3067
1124 4940
1293 2381
284 3340
1721 4779
14 4648
782 2828
57 4270
1852 2829
2225 2672
76 4977
21 4906
150 4552
3137 4328
1014 1203
1097 3897
868 2595
1616 3742
2680 4879
1520 4936
1854 4787
246 4858
122 4746
994 4726
350 2688
175 663
566 4636
103 3308
581 3736
964 4642
3174 4017
468 1160
116 1705
287 2282
2381 2834
2185 4968
3626 4750
1260 3352
4027 4321
1453 1925
101 4905
693 954
3208 3339
1817 4780
1139 3726
656 4467
796 3123
707 3275
57 2567
1008 4933
730 4736
1161 3238
648 1908
619 4142
79 2875
201 4324
1253 4730
3152 4784
2788 3375
787 4584
1490 4913
854 4762
1963 3362
3183 4407
1769 3784
4853 4964
2892 4577
72 1581
2506 4914
501 3210
591 3905
2452 3500
6 4951
908 3787
2044 4325
573 2978
624 4377
2424 4978
404 3541
1749 4834
235 3322
2795 4348
1066 4984
1567 4854
378 3179
295 4320
215 2450
2518 2985
1105 4069
1444 3676
333 1710
332 4882
1757 4642
483 3945
691 2922
2680 2944
86 1986
2514 2950
65 4957
629 4329
1014 3950
1351 4817
325 3265
1371 2795
60 2918
1 4282
1496 4899
975 3351
1276 4891
9 4516
892 3191
1201 2983
557 4361
1179 4878
935 1489
1116 4029
4405 4687
580 3816
668 4848
2588 4595
2523 4423
289 665
169 1712
4117 4819
2605 3815
1897 4241
3702 4915
7 4981
387 4926
860 1733
141 4232
163 2772
964 4942
2503 3231
50 4092
681 4226
689 4464
689 4920
889 4358
652 819
2429 4512
1087 4837
8 4978
2141 4557
2171 4610
1181 4255
2670 2744
861 4908
935 1964
4024 4202
1409 2341
77 4804
939 3281
4654 4742
323 4889
607 2534
152 2035
93 4900
2939 3831
1136 3655
817 4645
752 3688
3394 3505
475 3531
200 3196
31 3334
216 4031
800 2860
562 648
3082 4798
2013 3204
226 4267
853 3289
605 2922
181 4784
144 4970
931 2871
356 4854
105 3976
2691 3532
227 3716
3394 4526
53 4762
890 3898
1571 4699
1436 4351
1370 2074
246 1521
2817 3819
492 3957
2676 4896
1669 2158
140 3689
451 2422
735 4088
2015 4307
1254 3156
1696 3293
2167 4473
4659 4868
630 4612
1318 4964
317 3844
396 3360
1508 1577
1992 2442
809 4316
719 4801
985 3907
408 1559
4392 4516
437 4208
145 4936
531 3857
153 4993
380 3797
430 3634
3103 3131
29 4970
535 4365
1157 3536
763 2838
2293 4819
1995 4144
931 938
437 4532
1160 3960
857 3868
189 4789
415 4733
383 532
1821 4414
1931 3138
1627 1903
2607 3459
21 4931
104 4443
536 3277
53 2588
3 4776
2049 4069
4266 4337
670 4453
288 4912
37 1033
2342 3962
2366 4366
3597 4277
3966 4640
1755 3093
107 4069
4326 4522
263 4754
2394 4298
1657 4986
49 4644
3150 4352
1110 4922
105 5000
594 3228
2696 4417
119 4868
1311 4431
1387 2882
3164 4432
1112 4835
105 4667
445 4847
1245 4698
1276 4026
94 4862
148 1115
703 4109
131 3523
4441 4565
2710 4729
1114 3996
361 3712
217 4273
391 2754
598 2071
996 2101
460 4258
21 4973
346 3945
1205 4896
2980 3074
861 4969
604 2181
2650 2658
180 1668
2179 3513
698 2675
761 2269
2169 2191
4301 4686
1145 2163
1134 3543
490 4823
3394 4122
692 2553
194 1254
1557 4564
68 4877
96 2373
354 1159
493 948
972 4897
565 2820
360 4610
2195 4598
660 2046
1700 3793
1223 4975
1361 2318
2106 4200
3680 4026
390 734
2860 3003
503 4381
2864 4809
697 3048
358 4711
1332 4949
1648 4373
390 2471
42 4964
570 4408
287 4202
543 3363
916 4299
2991 3097
2657 4110
1378 3105
755 3433
893 4701
443 3614
3329 4670
612 4432
1296 1310
3138 3661
37 4639
103 4998
3773 4463
365 4753
38 4961
2503 2721
3159 4021
1495 4361
1493 3726
291 4216
498 2737
147 4033
476 1918
86 1034
528 4700
1493 4952
488 766
187 4538
1183 3776
1145 4868
1877 4202
149 1797
603 3641
1684 4194
1556 2794
1180 4693
2558 4740
706 4391
847 1204
1536 3304
190 3872
760 4928
2324 3027
146 4671
216 4875
264 4215
1323 1884
182 4695
1328 2768
62 4698
3203 3775
727 1841
412 4911
1036 1976
312 2877
1410 1793
343 2776
1422 4914
308 3360
270 1685
3857 4422
253 2507
22 4909
1146 4363
1603 3467
161 4993
1429 2403
141 4395
160 798
9 2883
84 2921
765 2323
3434 4796
4040 4705
459 4901
3367 4075
1761 2777
1183 3785
319 4597
758 3655
723 3345
10 4974
2348 2744
749 4845
828 3494
2482 2595
791 1059
315 4630
2699 4229
468 4864
346 4945
2125 3150
129 4851
428 4532
1976 3030
2147 4722
3 3821
1396 4132
1028 4632
775 4822
3542 3659
1362 3551
1176 1656
764 3266
701 880
315 337
869 3701
450 4414
484 4415
1502 4195
2706 4594
803 3803
2644 4772
455 4565
296 1664
1476 2127
1 4987
2788 3287
599 3222
2092 3304
914 4759
915 4891
599 4937
462 3950
3101 4732
908 4691
376 2741
128 3882
404 2907
2332 3022
1641 4169
849 4868
377 1820
1697 4539
268 4633
1225 4517
18 1750
611 1035
12 4364
4054 4842
430 1451
1607 1655
1075 3119
451 1199
512 3047
210 1087
1843 2508
767 4718
670 3115
1170 4686
1177 4845
34 4406
1597 2224
795 3993
816 4986
428 4857
46 4845
312 4989
2715 4621
511 3775
1931 2759
31 4940
861 1840
1241 4192
2272 2580
825 2569
575 4836
456 1696
437 4018
3105 4024
654 4451
1841 3105
877 4896
2707 2852
598 4189
79 2529
2276 3968
155 4959
287 668
1100 3330
2 4804
1402 2512
93 1039
113 2912
483 2938
2249 3726
3689 3972
1285 1634
306 2711
298 3000
262 4879
52 4813
2168 3311
3748 4249
58 4997
350 4817
110 3411
429 4005
598 4437
2537 4208
1527 3056
70 4760
643 2964
1465 3921
1721 4214
2389 4428
1946 3191
1053 3691
677 4827
2521 3764
34 4637
684 4995
632 3236
7 1523
150 4968
1092 3985
869 4567
610 3958
3813 3982
1201 1663
902 3497
266 4320
426 4931
857 4311
562 4639
458 3741
496 3376
18 4771
207 1503
142 1950
3010 4665
176 2427
334 2678
4310 4815
298 3460
42 4963
1391 2114
639 4131
501 1633
2440 3888
3130 4946
543 4669
164 3585
1114 3824
62 2124
1771 3415
1675 3411
1963 2000
319 4200
76 4831
2995 3897
389 4805
1734 4174
28 4870
129 2117
1798 2223
1268 4789
1451 2093
937 3916
53 4109
643 4562
2909 3228
2072 4024
1563 4638
331 907
3650 3944
710 2298
1001 2084
399 4151
1322 3579
4089 4777
3371 4591
10 4731
1211 3367
1735 2250
3803 4743
11 1823
1725 4330
1043 4875
3674 4988
799 4179
2091 4418
3210 3863
12 4980
708 4221
2273 2980
53 1624
889 3335
653 1904
22 4969
891 4417
826 4087
336 4707
219 3140
3 4944
843 1042
3292 4763
1751 4193
1331 3636
1011 2411
1600 4623
106 4825
2351 4821
327 4523
780 4075
48 1912
116 1975
1474 4458
361 4054
22 4362
2560 3213
1833 2390
2180 2372
2830 4075
2806 3523
663 4764
4834 4865
1228 4714
1029 4757
2128 2495
1887 4662
964 4075
3027 4916
307 4867
18 4975
368 2646
1572 2884
1949 4292
1442 3704
314 1977
2178 4978
1717 4928
121 4977
611 1790
720 3993
1532 3907
641 4886
290 2845
158 4946
2635 3618
52 4961
3719 3773
1437 3610
458 2110
109 4532
1256 3230
1315 4322
1147 3199
403 4812
127 4975
1289 4335
1563 4782
851 4240
1753 4804
1146 3958
1151 4698
109 4920
983 2209
1902 4893
832 4817
2855 3883
489 4834
3903 4701
841 1788
3030 4908
1172 3972
1830 3290
244 4716
1221 2548
2846 4037
155 4619
2714 3675
2530 2710
1176 2396
1927 3473
1482 2186
1480 4290
1412 4778
2762 3992
4063 4327
2042 4817
797 4041
985 3868
494 3602
338 4824
2330 4584
666 3937
299 308
573 4161
1361 3649
117 4758
1213 4986
4439 4739
403 602
1611 4421
1449 3749
2004 2901
789 4545
823 4829
3386 4250
426 3026
1692 2133
63 3307
163 898
4111 4287
414 3784
441 2183
1524 3916
321 4776
1246 4489
366 907
15 4866
245 4921
979 4720
1995 4123
1578 2547
1005 1935
2881 4961
2713 4428
2292 4529
3046 4775
356 4571
288 566
705 1977
329 4807
103 4693
2168 3356
547 4047
506 4961
971 2579
2412 4310
1108 4346
110 4832
373 2667
416 2886
720 3993
164 2636
399 4462
65 2220
2134 4990
2801 4974
1179 4451
3725 4683
17 4944
317 2210
798 2408
156 1578
1402 3057
352 4812
244 4861
3131 4555
1629 4022
332 3106
273 1276
208 4826
346 1551
209 4881
3055 3971
1813 4900
14 3152
2061 2113
255 2422
646 4902
619 4860
1040 3085
2070 3150
1142 1881
3014 4598
315 4288
249 4944
958 4972
1973 4635
884 2172
2728 4442
2589 3306
130 4820
2468 3384
2981 3240
672 4236
2638 2819
152 3732
3409 4509
3738 4508
1766 2858
395 3937
1405 4381
3008 4278
452 1698
404 4262
1301 4725
1706 4491
2968 3556
61 4506
1165 3343
2674 3877
129 4711
296 4695
229 3902
1244 2470
379 1413
755 2581
2467 3586
64 1871
1394 4325
1243 3391
1129 4262
965 3555
934 4074
737 4656
11 4988
3456 4083
1300 4777
4200 4466
629 4804
1265 2964
2879 4444
3172 3365
223 3608
2421 3186
28 4513
2144 3597
1824 4497
1179 4957
2141 4502
1536 4967
2504 4843
4862 4970
1403 4454
1472 1744
962 4956
2874 4222
613 2828
625 4675
2038 4748
321 4353
83 4950
205 3058
3763 4678
1277 1449
1327 4664
734 3416
686 3632
4392 4913
291 4016
920 4995
770 4662
3746 4442
507 4146
3535 3549
99 1244
3335 4438
1154 2336
4 4458
3420 4218
286 2327
3068 4128
3863 4920
3253 3517
2407 3984
825 4921
3604 4063
294 4287
174 4927
2583 4589
1997 2948
630 2478
1464 3673
2619 3640
1103 4288
328 4670
4 2598
575 3400
1971 2960
1596 2235
1193 3268
2116 4531
1231 1249
26 4252
197 1892
36 2214
110 4827
530 4142
2471 3083
2746 4093
1077 4743
3748 4825
1253 3835
4 2978
98 4974
1189 4740
