5000 5000
2069 3934
419 1361
3512 4285
1378 3520
223 3420
501 2446
2606 3694
213 4944
891 3636
998 1454
42 1682
845 4837
36 4572
2968 4098
1808 3494
343 4000
3998 4610
439 4870
2223 3651
1450 2071
3662 3838
3189 3540
2309 2742
1439 2105
4104 4801
3490 4103
3350 4723
1588 2158
1321 4288
375 4991
1630 4113
2020 3725
541 2822
746 3866
2166 4819
3 5000
29 4846
453 3667
3983 4594
186 3308
306 3510
2969 3754
397 1202
1006 4766
962 1142
6 3399
99 4923
2148 4077
4334 4564
3278 4271
163 3774
407 4991
1072 4533
1979 3284
610 1034
1923 4973
61 3696
169 4467
2445 2679
1130 1595
112 4900
288 4756
677 4860
393 3804
678 1394
4175 4319
2884 4631
3018 4414
442 4731
59 4774
2929 3846
4541 4615
397 4403
1783 4867
144 4727
1386 3588
637 3194
2292 2406
8 4966
957 4632
109 1504
2176 4775
233 2432
1587 3188
259 4607
202 4854
461 3208
1614 3148
1545 2971
994 2647
1765 2071
446 4127
156 2940
973 4864
1285 3731
3790 4950
1998 4678
2302 4229
46 556
4065 4568
3086 4276
833 4937
235 4009
2383 4052
3090 5000
3132 3196
580 3095
693 4693
475 504
1485 4284
2103 4634
128 3191
675 2909
355 773
564 4345
252 3627
1504 4922
14 25
1351 4886
256 3349
602 1513
1310 4507
1683 2190
65 4940
286 729
1985 4046
750 4272
4097 4580
595 1861
376 4683
501 4784
42 3804
3679 4205
3918 4859
725 1930
870 2811
2788 2795
1761 2417
376 3822
2196 2616
43 4998
786 3285
331 4950
16 2946
527 2943
2068 4569
879 4344
1816 4175
404 4239
147 2318
965 4241
3565 4697
3272 4679
1510 4166
963 3322
1086 3352
2366 4879
2533 3801
391 4609
273 3447
683 4671
104 3845
2859 4189
32 4978
673 4231
724 728
3268 4965
4 4977
52 4932
787 3796
582 4883
852 4191
1516 4847
789 4696
929 1502
2341 4934
380 4781
2 5000
3145 3548
304 4808
217 4964
685 1999
1610 1897
1691 4732
1314 3802
1606 4885
417 3605
68 4691
301 4708
410 1022
2758 2758
216 2868
1795 4463
2516 3346
682 3840
2073 3635
1112 3446
6 4960
1167 1916
38 418
814 3536
47 3459
2194 2246
262 4509
1064 4828
468 4258
63 4231
200 4773
1803 3679
2094 3728
1816 2956
335 4616
164 4452
4279 4932
1579 3659
2452 3839
2843 4376
484 4841
2016 2572
1685 4964
852 1275
3186 4010
870 3892
673 4324
432 4011
1775 3476
4347 4895
1482 4407
2856 3580
876 4873
1113 1696
313 326
959 4054
1184 1964
2259 4203
1538 1963
1524 3342
2182 3465
255 4835
160 336
4004 4834
1979 4954
3514 4406
3765 4203
3094 4169
1133 1893
3121 3711
410 1492
2973 4566
1964 2827
185 4685
3276 3322
2836 4180
204 4482
4571 4648
3369 3553
843 3237
39 2577
1745 4861
3792 3932
523 1594
730 2324
2772 3882
1307 2214
1721 4423
3464 4295
303 2165
3401 3672
3191 3582
1012 1366
2312 4309
1528 4977
836 1565
787 3670
687 4635
91 3303
2030 2370
523 4171
1275 3239
888 2033
2237 4652
383 4916
2604 3577
1223 4524
59 4880
19 4834
1549 3128
421 3190
1300 3612
473 4330
2422 4655
1365 4753
161 4266
870 4714
2230 2653
131 4037
2921 4100
634 2555
989 4974
1858 3835
663 3898
1853 2870
1061 2792
143 3778
727 3896
123 4987
94 4237
1117 1841
3341 4742
200 4872
965 4099
2173 3047
320 841
364 4448
527 3070
160 4938
865 1752
3705 3803
1735 4965
581 4796
871 3099
633 3516
808 2207
1902 4409
569 1651
2264 4683
523 1951
35 4997
1798 4957
1320 2583
130 4026
392 2279
2876 4136
3012 4605
59 4824
307 1446
343 4616
1197 3410
1118 4285
547 4999
614 4204
3001 4713
916 2158
1435 1620
80 4886
2493 2493
872 3817
56 4505
2809 4589
982 4523
799 1464
967 3416
4 4990
1088 4550
749 3752
574 3941
927 3714
301 3814
297 5000
1563 4859
64 4761
1998 2865
113 4481
4072 4595
33 4872
2156 3517
1438 4469
1104 1679
1117 4812
477 1444
133 4033
918 4965
387 4988
171 3601
3696 3952
1481 4390
3529 4941
2968 3444
353 4797
540 2481
805 1171
2550 3428
15 3440
1351 4585
963 4538
384 4879
79 2974
1157 1903
1753 3349
1375 4952
58 1861
1876 4089
221 2916
394 1219
1730 3875
2080 3309
45 3591
1492 4786
3102 3724
412 910
732 4305
1984 2140
49 4880
372 4717
1912 2702
1725 4497
675 3348
1806 2056
860 3887
116 4023
1698 2618
331 1907
1074 4310
257 3001
470 4621
392 3756
2196 3420
2861 4662
58 4710
1044 3660
9 4924
942 3028
1879 1989
18 4435
766 4721
158 3828
881 2963
1511 4735
164 4822
3147 3522
874 1188
2076 4482
426 4760
1515 4860
474 4366
278 4663
2860 3802
1995 2426
3590 4393
3941 4872
671 4898
1979 2990
508 4734
1205 1750
803 4896
858 2800
1049 3408
149 4964
1762 3736
498 3905
482 3124
46 4005
224 3529
841 916
1221 2408
1277 1559
8 4686
1866 3583
177 4902
393 3676
567 4433
786 4629
2229 4566
277 4472
24 4403
3247 4696
2571 2975
1230 1325
2753 3727
465 4893
458 4220
3355 3697
738 1510
184 4781
67 4841
1165 2664
1268 4830
1447 1817
1489 4028
2768 3739
472 4811
317 4722
1209 4729
996 3838
2166 4664
515 1831
480 3942
325 4092
2995 3670
2586 4685
413 636
808 3486
1352 1412
4558 4912
434 4333
2287 3584
520 4962
308 3196
461 4296
3693 4564
529 4702
1715 2083
2902 4222
2260 4040
1237 4577
124 4952
2403 4585
953 4994
1021 4150
639 3892
1026 4629
2205 4823
1683 4071
155 3894
799 2308
281 3605
4528 4976
1182 4874
788 2529
892 4399
1500 1794
2839 3328
53 1434
493 863
48 4201
24 4994
1032 2062
3111 3970
89 4921
332 4928
258 3927
1424 2659
4103 4184
1443 1591
3372 4383
426 4388
840 3941
75 4870
341 4251
864 3826
977 2928
938 4172
510 2765
506 4874
1 4380
3475 4239
10 4891
2688 4071
904 4370
2078 3975
731 4790
2758 4452
784 3716
401 772
937 3669
2286 4607
24 4860
1688 4562
3183 3512
492 3814
392 3452
722 2023
2426 3451
1342 3640
2358 3212
21 4205
1202 3622
812 2294
93 3556
2598 3884
2652 4995
2055 4938
1827 4518
286 2629
1154 4568
1324 3061
1507 3436
1656 3177
2536 4815
743 4672
679 4624
471 3015
882 4824
88 4150
2584 4981
1905 2252
2392 3969
179 4967
209 2600
820 1446
1900 3286
440 4972
382 4893
1737 3230
6 4927
1311 3781
3708 3955
2716 4622
401 4768
3027 3641
52 4843
472 4318
111 4450
1824 4495
1155 3157
374 711
951 2952
1136 3712
1984 2825
1414 4399
3802 3994
1562 3106
1047 2096
565 2607
201 3544
1355 3192
257 3756
2585 4443
3230 4587
1493 4819
248 4970
1077 4600
349 4288
1263 4041
1058 4961
631 3552
776 4835
2070 2699
1394 4615
350 4531
376 1371
1905 4092
2333 3681
968 3604
33 4983
12 4987
103 4888
1782 2771
3143 4289
14 4824
1758 2080
101 4651
469 4551
660 1156
3079 3514
1724 1798
1129 4772
2827 4778
2778 4460
160 4440
647 1445
8 4842
676 4192
324 3350
4918 4938
460 1447
3134 4357
470 4916
1665 4988
90 4693
135 2876
994 2015
1252 3814
112 4435
39 2314
2027 3189
1881 4720
1724 4893
115 4797
59 4134
3051 4398
1301 2061
1715 4646
245 4979
817 3693
3728 4481
1901 4458
864 4946
1428 3465
24 3862
3 4997
7 4814
2413 4429
1431 3972
829 3763
175 748
666 4907
97 3586
480 4998
2769 3270
1682 4636
118 1355
222 4322
1821 4828
921 1512
356 4183
3665 4512
2864 4906
982 3408
2400 3073
539 3069
1013 3300
2890 3543
1299 4492
666 2956
75 1724
962 2856
1126 4225
869 4420
670 1124
4304 4371
3169 3603
374 4612
846 4247
1383 4800
2315 3690
634 3707
2230 3017
559 3521
1161 4853
264 3315
1778 4982
1051 3896
2191 4159
249 4576
4438 4730
830 3759
3883 4435
307 3637
1653 4480
1584 4812
147 1088
3470 4806
1686 1868
728 1321
654 3709
4249 4363
234 4361
1785 2151
2381 4800
1149 4390
2397 3070
1527 4148
3934 4102
1597 4599
1045 1350
576 3216
110 4962
215 4670
743 3303
2193 3324
2119 2904
1121 4671
332 4989
504 4992
1165 3590
1769 3070
2545 4951
1308 3666
2250 2298
402 1159
1651 2841
1229 4405
3800 4827
3434 3493
2401 3554
28 4971
846 4425
2248 3677
1279 4693
965 1045
1073 4665
1460 3039
772 1799
22 4943
3068 3986
2220 4071
717 3904
1767 2691
514 3743
3192 3815
749 4949
308 3989
2633 4170
3002 4008
917 2111
221 1627
114 2625
791 2114
131 4924
2040 4032
281 3408
2014 4902
1090 3841
1120 4180
3026 3676
1690 4512
1616 3547
482 3417
3457 4438
132 4904
1868 3677
546 4741
10 4505
101 3747
554 3746
1376 2673
3 4677
2241 3940
2081 4437
218 3529
801 3937
809 4682
1944 3382
237 4689
1334 4573
3623 4798
1141 4877
2001 2294
326 2650
2247 3912
1604 3835
339 2862
4590 4737
701 1992
980 1418
361 4923
333 3301
780 4910
1203 4057
866 2056
1700 3597
1202 2757
1570 3267
3450 4553
1914 3095
829 4069
609 3772
2231 4066
3398 4694
1497 3251
3634 4957
2241 3437
2761 4271
3978 4222
1460 3392
687 3761
300 1115
23 4462
2153 2909
33 4971
3196 4847
1258 3157
514 4915
16 2057
1123 3029
669 1054
696 1452
886 1091
2344 2484
1459 2981
3080 4575
376 3508
1941 3004
634 4490
3023 3436
88 4219
171 3702
3875 4108
76 4389
2172 4821
997 3786
4287 4573
1440 4664
1033 1574
1536 3888
1406 3613
4554 4588
3485 4341
944 1290
1737 2306
492 2636
830 4800
3580 3799
688 3562
643 3135
3690 4463
2347 3984
2127 4357
987 2673
2640 3506
2207 4133
1582 3921
110 1026
107 4986
3 4973
1426 2695
1577 4976
1643 3830
3745 4953
653 4409
1443 4937
867 1598
52 3954
356 4853
1809 3087
194 4613
1353 2328
170 4554
1210 1729
201 4330
133 3802
2189 4936
1110 2713
2239 2903
1181 1559
1906 3866
188 2529
2738 4702
1202 2302
103 3878
2755 4373
3385 4331
1289 4935
2928 4989
87 4727
435 3458
802 3332
206 3136
511 2212
2601 4433
1067 4742
581 4777
2789 4322
974 999
117 4921
853 1930
376 3800
2583 4469
1118 2223
71 4357
2294 4708
2975 4474
898 4489
123 4705
2335 4024
1014 4513
2059 2952
1231 1528
2979 3525
399 4704
307 4619
147 3783
2205 4919
85 4147
4 2996
2267 4990
2144 3195
1659 4527
345 3426
1009 3260
38 4866
402 4781
249 4627
1580 1891
9 4999
1518 4952
279 4976
2752 3043
2817 3829
1799 4923
1610 3923
1384 4547
1218 2236
10 3255
2225 3638
3380 4480
2119 2449
3353 3675
3225 4882
60 4791
85 4917
3435 4845
545 3955
1538 4134
275 3682
2043 4687
2162 2341
2541 3771
4191 4368
601 3052
967 4848
1474 2945
2268 3254
256 4017
3762 4586
1874 4765
367 4471
752 4040
1107 3137
392 1242
813 1566
1278 4423
1810 4811
1536 3915
158 3767
1664 2143
788 4639
943 4644
3081 4784
2913 4104
34 3411
1116 1794
2095 2987
910 3771
2793 4470
203 1573
812 3876
881 4958
802 4801
1422 3826
1370 3998
1454 3810
562 2736
2442 4249
476 4064
2292 3621
620 4345
1426 4252
55 3606
2488 4761
518 2323
776 2328
1304 3217
2474 3023
997 2473
168 2061
216 4558
1560 4066
524 4478
1197 2546
1155 3928
1796 4016
1714 4884
353 4682
545 4525
2788 4696
784 3747
501 4977
32 1874
1767 3968
923 1308
759 3920
149 4313
27 4735
144 4914
295 2874
1916 4070
1439 4690
2551 4202
788 1675
2144 3369
1602 4872
1014 2418
3459 4964
1557 4603
11 4966
99 4941
149 1695
2336 4916
478 3961
540 2902
425 4924
44 4797
491 3766
170 4920
2507 4802
4566 4865
104 4554
4084 4339
3768 4743
49 4500
249 4064
1465 3411
980 4411
146 4220
413 4915
1959 3270
1409 3435
738 4750
2716 4239
3156 4376
527 721
2014 4990
4607 4729
1295 3165
556 1752
2836 4706
3057 4912
2164 3692
514 4868
39 3698
2278 3232
295 3835
1822 3250
1595 3125
1396 3748
2472 3018
812 4508
1531 3555
1230 1636
1708 4511
628 4352
3700 4995
66 741
1114 3917
2399 4167
2489 3228
827 2988
858 4798
1109 4268
1181 4546
2474 2921
3092 4375
509 729
6 4936
1172 1618
509 4906
609 4139
1430 4743
1145 3622
105 4996
92 4403
51 3435
376 4847
1242 2834
335 2379
67 4446
404 3817
745 4153
115 3369
660 2035
2720 3309
673 4212
516 1017
3107 4367
953 2420
306 3499
637 4727
948 4855
2807 4429
100 267
1480 4023
574 3661
278 4334
2996 3576
250 3665
4118 4911
466 4678
818 3864
2382 4182
2756 4689
548 4738
1929 1946
1767 3797
1284 2647
4273 4398
1175 3881
1917 4461
4 4842
159 4952
380 4919
2663 4164
760 4420
1779 4767
33 4907
1011 2861
332 4515
970 1767
553 2837
133 4869
2737 4090
1294 3454
2081 4569
2003 3175
2225 2554
539 3743
758 2401
506 3458
17 2406
1108 1410
3446 3567
1449 4251
1406 3778
969 3300
2308 2695
105 4974
61 4988
855 2562
223 2616
1732 3315
165 2852
1200 3959
41 4762
231 3130
1369 3701
81 4901
560 3330
471 2607
745 3236
927 4898
668 4625
379 4682
256 1736
578 1832
233 4231
2224 3553
91 4514
515 4631
472 3675
2171 2805
1257 2916
62 3197
1516 4880
1644 4176
4784 4984
191 2374
236 1942
624 4740
298 3964
3506 4710
366 4315
3330 4460
2576 4788
115 4871
6 4869
639 1031
632 4278
2872 4294
1462 3784
765 4920
177 4674
906 4576
1305 3815
1602 4388
1027 3924
1758 3955
1135 4402
1174 2577
45 4952
206 4975
2718 4957
1516 4590
1680 4689
309 1857
1248 4163
1697 3033
547 4637
804 2617
752 4287
1741 4093
172 4487
1588 4535
506 1697
1372 3840
2021 4819
4308 4764
185 4192
304 4793
861 3815
100 3302
4298 4305
505 3638
1770 3794
1102 2178
853 4884
1651 4574
118 4868
483 4190
1651 4878
410 685
651 4041
1620 4478
1620 4994
2332 3464
4474 4783
1371 4024
2625 4992
3543 4715
3291 4865
2118 4587
243 2948
11 4881
4 889
16 1375
1140 3659
593 4912
4606 4945
794 4290
2787 3012
859 4814
1610 2424
1226 2646
2 4866
400 800
293 3817
1442 3621
3831 4810
638 3623
958 4074
17 4863
792 3742
506 4889
108 3983
2318 4655
4389 4543
2147 3414
2811 3707
1555 2996
2051 4855
154 4746
2043 4153
1620 2774
1632 3357
4064 4929
2167 3233
590 2966
1189 1408
3963 4618
658 2283
744 1962
1491 4848
87 4982
144 4821
1351 2901
1297 2841
1108 4594
728 4072
3840 4727
152 4702
1768 2303
139 4859
184 4965
2428 4660
3568 3725
140 3680
817 4627
389 1668
4024 4969
517 4878
932 4968
951 2932
221 3000
75 4798
335 4266
57 3115
244 3562
72 4888
19 4616
619 4476
652 884
1159 3520
1237 4815
825 1038
487 2670
1238 4738
245 4533
2023 3451
4383 4533
161 4988
1375 3139
800 1311
968 1238
1945 3604
1025 3566
3658 4223
634 3494
173 4207
511 3310
238 2802
2417 3313
1757 4991
576 4934
2 4766
1034 2773
1542 4297
601 4819
1478 3929
44 2449
4111 4573
56 4839
415 1469
1794 2746
2629 4915
449 4854
2212 2324
2561 4006
1972 4191
189 1074
140 3224
253 3337
1769 4318
1724 4454
2669 3196
1526 3744
1224 4875
889 4466
1213 1805
3430 4121
159 4705
298 1996
153 3853
596 966
311 4293
1780 4254
253 3185
479 2124
730 2894
1385 4152
2076 3274
310 4791
118 3032
312 1094
2645 2889
1462 1808
1468 3930
90 4511
4142 4994
272 4413
388 4531
1552 4291
2828 3053
1311 2558
2842 4340
1344 2937
324 4697
10 4108
331 3989
196 3428
799 3140
1537 3645
1683 4438
1676 3477
628 3785
1233 2550
799 4967
1615 3694
1603 4018
209 3610
127 4296
1174 4530
1186 3044
2 3641
2002 4849
1383 4682
169 4847
13 4901
1676 4131
343 4839
584 4561
332 4808
2213 3837
679 2588
217 2904
2509 4892
2266 3858
2106 4876
475 2572
54 4376
233 4676
158 4053
555 3206
3976 4285
112 4883
39 2994
1001 2003
1059 4423
1016 3980
976 3047
947 2541
503 4952
3188 4745
197 2811
203 4927
1177 4793
490 1799
88 4104
1535 4526
3792 4148
127 4940
13 4970
1414 4601
1174 4484
3517 4665
1508 2369
1639 4168
786 3921
266 3247
589 4223
1560 4390
1546 4725
123 3246
241 4739
2411 4282
430 4690
2068 2211
340 4798
3323 3603
1407 4782
1629 2446
1589 2648
2207 3669
1616 2895
687 2766
592 3070
1078 4535
542 4799
1412 3590
339 3961
2244 4675
205 2187
419 3602
597 4692
725 4519
92 4407
199 4740
426 4757
356 2078
124 4384
2691 4566
2315 4898
771 1237
1016 1972
315 4253
310 3902
112 3972
141 4443
657 2695
3970 4948
3608 4507
341 4921
1579 4771
238 3562
284 4825
482 4629
1241 4979
320 807
2148 2938
13 4979
1473 2424
662 3671
3101 4730
283 4774
776 3734
1 4996
847 4874
561 967
2753 4478
302 4881
2254 4764
236 4403
1515 2861
2026 3843
1451 1472
257 1952
230 3782
88 4954
1550 4840
523 1789
868 2465
17 4905
1766 1785
1533 4233
367 4982
333 2539
952 4849
1591 4717
4092 4991
499 1806
899 1464
893 3200
4854 4980
333 4685
411 4468
2976 4125
511 4389
1044 4427
530 4080
59 4235
233 561
2514 4753
1382 3587
345 4855
3957 4121
537 996
1338 3796
552 2434
2111 2792
2320 4470
799 4883
537 1332
225 4705
110 4545
428 1169
1944 2852
1132 3949
1923 4732
2221 4985
2335 4485
261 1705
19 2558
1216 2863
2130 3108
404 3367
3438 4284
2815 3538
4385 4671
319 4871
367 4832
3474 4566
5 3901
4565 4858
1243 4683
324 4768
855 3187
1489 4751
386 4195
979 2727
1569 3100
3663 4898
477 3611
745 3306
486 4515
311 2957
1424 2425
1924 2722
1466 4023
1409 2518
152 4963
1570 3016
1416 2522
737 4895
437 1556
63 4964
1491 4675
1465 3535
108 3551
75 1015
44 4653
45 4986
1427 2209
1361 2161
3948 4344
1548 4553
517 1774
61 4507
1595 4217
2377 3749
4245 4861
286 4657
847 4358
2092 3053
1195 1941
523 4948
1245 4318
72 2800
1343 4243
3071 4715
3028 3133
2 4899
3782 4109
1681 2783
118 4463
3045 4238
1883 2751
19 1963
1569 2904
1328 1824
4586 4730
2087 4382
4035 4793
38 4939
30 4967
1866 3216
60 4615
2446 3663
928 997
250 4880
1869 3871
376 3385
2079 4778
841 4529
103 4014
500 3244
490 2326
529 3446
1664 2518
2215 3157
2140 3264
4452 4790
4426 4752
29 3556
755 4604
409 2969
1492 4743
454 1631
189 3867
374 3726
35 4701
3507 4467
3462 3975
4445 4517
392 1226
3654 4582
355 4878
164 4481
1216 1257
1735 3845
994 4923
3190 4487
3209 3448
499 1887
225 4097
932 4526
2001 2027
4631 4779
852 4711
262 4868
109 4510
16 4254
2352 3194
942 2467
645 4986
2212 3306
499 4775
1607 4956
1122 3245
4508 4733
1391 4714
2514 2713
57 4746
398 4028
1115 4442
3287 3309
37 4843
854 4805
1363 4225
1454 3135
405 4765
1060 4663
117 4920
1256 3287
665 4864
2768 4743
1670 2201
2245 4301
843 3601
1809 4494
3195 4197
160 4680
601 1523
588 4359
605 3227
3780 3931
1220 3518
4329 4581
1749 4022
1051 3518
4388 4812
469 4324
1214 3742
2265 4298
1878 2265
825 2345
290 1849
2114 3160
289 791
560 4373
659 1670
2036 2970
1826 4503
1091 2448
142 3312
2821 4893
4417 4952
2852 3205
1539 2872
225 3848
167 4538
2685 4165
385 1782
3233 4615
657 4891
3665 4075
1089 4259
733 2760
986 4621
77 3778
532 4633
3961 4440
1290 2151
1497 3565
738 2646
457 708
1590 3387
723 2277
478 2880
2507 4080
767 4600
1218 1624
170 4815
79 4958
392 4151
1419 2418
1636 4845
2584 4415
2210 4471
186 4960
196 4216
1785 1974
2529 4186
1287 4660
1644 2406
128 4658
1230 2271
1590 3779
2016 3238
971 3990
123 3924
196 4630
1300 3529
699 2488
2196 4076
533 2980
26 4843
31 2712
286 4798
883 4884
1334 3999
1466 4682
2199 2815
4093 4759
3140 3862
2138 2820
1735 3525
704 1860
1520 4072
553 1596
2686 3933
65 4328
59 4307
718 732
305 1964
4381 4932
220 2848
459 4496
748 1615
2337 3772
80 4964
676 4248
4219 4280
1201 2978
825 2048
2757 4218
2550 2652
2113 4734
984 2762
1466 3941
351 3617
362 3954
569 4735
2850 3847
645 4880
1073 3263
2081 4853
2499 4987
89 1553
1290 2956
565 4925
1554 4415
169 4484
625 2742
856 4900
2164 3855
115 4370
179 3932
1457 3654
501 3986
1745 2995
138 821
177 4266
974 2344
76 4881
1275 2970
1243 1909
1734 3681
244 3858
125 4724
49 4500
3656 4427
2553 4053
208 4936
1582 3165
1034 3705
324 4180
176 3062
2127 4645
4007 4508
4279 4699
859 1361
3276 3729
3101 3608
101 1347
702 3300
972 4430
1879 3015
2450 3167
246 1872
446 4713
316 4017
499 3585
2741 4535
1608 2113
678 1831
152 4946
373 3742
1192 3029
3262 4720
1 4863
2083 3112
561 4403
3195 3901
984 4101
1682 3251
2279 2648
3621 4750
2103 2761
623 1647
535 3284
39 2943
177 4954
702 3026
2424 3781
3120 3133
122 4980
1264 4411
1690 4300
41 4978
184 199
1164 3528
462 1071
461 4819
1709 4514
2887 3088
831 2844
3038 3320
1004 4935
4291 4695
902 4754
7 3810
641 1108
1434 4329
1013 3997
1068 3512
551 765
3180 4926
491 1512
786 4914
343 888
125 1057
1684 1920
2421 4146
2861 4594
681 4854
4 3490
1293 3905
402 2270
894 2956
730 3650
2460 3006
206 4889
74 1752
1546 4293
1092 4613
1525 3296
3382 3708
346 2442
87 4661
1343 4819
817 4980
905 3599
2195 4545
2509 4848
613 4659
1772 4866
1808 3937
1750 3042
91 4965
2038 4729
250 4973
323 3506
1060 1166
93 4840
134 4386
584 4798
187 3797
1246 4523
856 1997
776 3292
2219 4636
253 524
281 1545
2386 4376
2110 2809
432 887
3715 4181
150 4834
668 4711
1614 4055
648 2997
197 4810
165 4392
3628 4878
1767 3666
675 3220
1065 4886
263 4993
1376 2223
259 4981
355 4460
86 3624
2581 4435
12 4394
2394 4902
460 3179
513 3606
1695 3752
51 4920
1685 2734
2933 4451
477 4959
2365 3239
2901 4743
227 4080
572 1022
978 1436
2597 3280
694 4051
3129 3331
1618 3111
350 1519
1428 4158
778 2402
2466 4962
1505 4611
1565 4630
20 4981
1009 2039
6 4989
1139 2372
927 4434
725 2352
840 2346
207 4573
1973 4426
352 4976
2724 4587
3197 3583
5 4926
208 3460
2260 4629
560 750
4414 4717
184 4693
24 4986
819 4028
518 5000
4629 4709
2121 2851
3009 3722
1978 4969
575 4481
888 4173
1471 2703
2 5000
1008 3376
4404 4635
2576 4168
1160 2703
1204 3383
283 4773
112 1877
239 3919
1391 4035
137 3450
1094 3245
165 4186
1156 3597
2564 4880
1234 4885
2839 4219
352 3110
88 4609
149 3928
313 2048
2373 3069
2728 4822
2743 2964
1114 4564
763 3381
373 3342
503 2056
1034 1784
700 2838
2372 3623
2050 3707
803 4622
157 910
881 2994
2233 4156
1135 4184
861 1896
1069 2692
1409 4898
1962 4095
1038 2951
454 4950
1126 4543
471 4804
4506 4864
391 3499
1061 3762
16 3264
456 4074
664 2563
1406 3669
270 4902
762 3229
194 509
852 4540
1852 2553
788 4200
1614 4480
304 1793
277 4979
33 1639
990 4532
507 4805
1226 4577
2780 4930
3845 4156
1603 3604
3316 4689
3865 4782
1234 4097
232 4671
150 3150
1462 4640
1593 2684
837 3708
436 4658
379 4866
1344 4711
1212 4024
1432 4385
1591 3878
1580 4630
416 2401
2779 3560
33 4332
2853 3620
394 4651
409 4967
116 4911
2814 4001
338 4104
82 4596
685 4768
737 4176
1523 2675
670 2834
340 2669
3 3464
1341 3896
2778 4333
14 4913
2234 3312
865 2937
3203 3295
1142 3837
126 4414
932 4227
2491 4969
2289 4195
2179 3905
684 1494
1247 4244
2447 3566
1271 4491
510 2171
527 1169
3897 4008
356 3458
1072 2815
1124 4112
313 1070
590 4432
1352 4367
1008 4392
1419 4795
305 420
3958 4357
642 3526
130 3132
48 4784
3079 4385
2274 3342
615 4642
14 4322
114 4865
4572 4889
1277 1976
259 3529
71 3205
1480 2650
85 4171
128 3799
1354 4796
1522 3638
543 2777
1413 2511
278 4690
236 4124
336 1525
1165 4530
99 2281
1006 3523
472 2276
717 3253
2064 3721
1915 2651
1855 3583
27 4915
4662 4984
2258 2459
825 4835
1712 2931
2807 2913
126 709
2009 2498
1706 3433
537 1194
7 4505
1398 4550
282 4817
352 4912
2316 4697
1078 4724
188 4760
1520 3805
862 2741
758 4984
1429 4470
3685 4522
955 4255
134 4489
814 2612
2570 4700
409 4955
1700 2105
2613 2740
2284 4679
1866 3941
2343 3322
4 5000
474 2252
597 4998
2865 3827
1759 4572
524 4703
487 4458
323 4965
512 2620
1951 3434
205 4872
493 4980
1059 4523
194 3114
496 3554
1213 4015
1654 3218
57 1645
362 2827
3788 4304
292 2628
1898 2849
2815 3199
988 4525
374 4209
14 4462
3275 4898
621 633
674 2440
275 3337
373 4178
91 1756
598 4281
296 3252
465 3647
1816 4844
114 1754
1514 2264
177 4280
1611 3005
2307 2874
1296 4451
833 3568
3339 4808
711 2384
2757 3881
1294 1494
1633 4544
304 3742
1380 4931
1538 3852
906 4875
2637 2884
124 1651
1474 2614
835 3850
546 1999
109 4624
238 4586
1606 2676
1063 4687
3498 4729
3944 4586
2062 4546
2123 3099
2534 4127
762 2741
1372 3976
825 4515
2188 4956
1676 4735
2546 4957
1063 4384
449 4530
866 4510
382 4793
9 4880
29 4772
2665 3959
1000 3457
409 4221
426 1585
702 4466
150 4600
641 4006
567 2968
1813 3548
234 1032
1898 4685
3977 4254
682 2251
1220 2023
507 4621
44 4734
3011 4977
541 3767
3043 3321
2817 3959
2184 4716
2911 3528
303 3557
2640 4218
2074 4148
373 634
1909 4296
310 4379
3162 4157
1373 4602
415 4331
936 4503
168 686
124 1034
245 4962
2833 3310
205 4881
951 3561
197 3362
2599 2841
447 3318
135 4822
1003 3326
270 4370
1802 3234
124 3033
367 4946
422 1953
73 3022
1888 4417
1467 4377
1456 4682
560 3746
83 4991
4347 4959
675 1454
361 4365
2039 4788
1778 4768
680 4785
2722 4174
3020 3917
499 3400
1837 3238
1271 4781
543 2084
56 4852
2378 3604
1330 3812
126 3540
332 3908
433 3657
2077 3088
1078 4871
475 3088
795 4237
392 4772
88 2198
439 4947
554 2041
1090 2991
1843 2388
464 3165
3294 4725
1172 4647
394 4782
1703 3909
2416 4808
2480 3031
146 4995
59 2111
504 3808
3463 4158
3694 3934
2322 4606
1 4997
3967 4790
1874 4045
3090 3968
1653 4546
1096 4023
323 2594
1503 2332
110 1728
2189 3846
237 4851
1173 3497
1888 4855
2871 4576
980 3124
3574 3998
912 4249
258 4040
1006 1519
2833 3552
3576 4134
3129 3244
380 703
1732 3742
549 4355
1612 2520
104 2194
1654 4929
61 3086
179 4083
4388 4797
415 3750
900 4502
2198 4821
1164 4230
963 2909
1154 2948
446 3679
1667 4875
582 4150
16 4357
559 3174
400 2701
2800 3834
169 4924
3631 3933
1040 4120
655 4581
130 4220
1000 4925
595 1526
505 537
4616 4766
61 3900
2339 4322
2151 3487
231 4862
2740 4311
150 4989
1351 2541
858 4363
416 3358
723 4690
2206 4982
544 1428
21 4902
1034 1340
366 4907
2780 3319
2943 3910
280 1353
1160 1772
905 2816
2648 4850
1971 4149
570 4237
116 184
543 4580
160 3978
221 4700
1196 3451
723 2459
468 3528
85 3700
193 3351
3113 4012
639 4742
4383 4407
636 1711
1761 4353
559 1995
512 1859
1167 1291
1259 3709
476 4948
1715 1778
2205 4271
534 1510
223 4362
468 3836
176 296
1750 4384
775 3366
938 4383
3965 4765
3218 3261
1214 4684
2936 4729
1418 2831
1256 4787
62 4987
373 1382
980 3759
3207 4991
151 2783
1721 4036
2721 3891
662 2437
1843 2764
942 4381
697 1887
2706 4913
518 2232
2363 4549
2704 4186
2420 4452
1928 3780
761 3598
243 4085
2630 3912
3724 4565
620 1888
94 4194
52 3954
683 4117
2770 3036
578 2635
2973 3042
365 4927
2179 3213
2915 4780
503 3876
3043 3983
687 3482
521 4248
130 4841
94 328
2409 4006
121 4566
2677 4452
903 4257
911 1926
434 4396
1963 4645
1599 2215
2171 3334
1164 4779
550 3842
27 51
524 4098
6 4867
1124 3379
172 3627
2197 2796
7 4901
860 1055
672 3946
2177 3845
1642 4679
1260 4990
2235 4988
1212 1800
515 4350
1696 2606
419 1065
191 4510
1537 3845
320 4406
19 4090
977 4024
708 2796
120 3767
632 4490
442 4446
1683 4291
1615 3613
85 4901
978 2499
110 1222
639 4630
15 3290
741 3380
4627 4910
25 4452
630 2931
909 4110
1196 1285
1896 3652
65 4387
3225 3450
23 4812
598 4540
140 2824
425 4541
845 1002
717 3854
319 4871
3239 4670
845 1710
448 4823
1293 4698
280 2685
296 4879
2061 4927
12 1323
44 4565
1479 2110
388 4860
86 4912
1425 4406
918 4151
1650 4650
2412 4401
414 3925
2 4996
3868 4532
480 3041
139 1465
1882 2781
381 2128
1119 4009
296 3951
702 4646
3835 4993
3058 3577
1059 4039
940 3865
1121 2812
496 4136
3504 3899
1980 3055
27 4813
915 2991
278 4733
1890 4822
3933 4692
2124 4825
1433 4553
373 4901
932 4637
514 4536
253 1925
312 4638
3471 4878
718 3904
2416 4865
845 3382
1432 3758
205 3954
729 3593
1499 3985
2496 4768
1 4996
2092 4069
1479 3655
422 4463
1939 4824
573 4554
330 4759
79 2763
120 4317
1200 3675
861 3181
149 4897
95 4141
136 4730
2087 4583
3727 4638
3852 4122
3568 4665
1213 3724
3850 4946
1792 3136
1086 4640
79 3798
659 4815
3378 3447
266 4820
648 648
2604 4646
243 3871
1211 2979
3288 4565
895 3144
944 4985
2020 2543
479 3463
20 3556
994 1568
2606 3149
1341 2796
3032 4146
2854 4872
2969 3576
1041 4637
243 3739
1426 3851
1394 4944
1581 1876
2225 4051
426 4946
2456 2865
147 3666
660 4883
1471 1494
2417 2973
479 4197
23 2941
2844 2995
2037 4255
336 1115
1838 2379
1761 2884
125 1041
1085 3543
1995 3507
3239 4685
2649 3939
14 4233
1635 4738
34 4993
1417 2645
966 4425
64 4738
3608 4453
530 4572
566 4428
163 4877
2317 4984
1415 4795
3129 3701
176 3034
2733 3979
1509 3385
1891 4785
328 4783
2047 4266
1811 2617
2641 2734
1457 3886
2359 3214
763 4712
667 1451
2253 3008
2896 3413
2734 4024
1516 3215
3322 4291
135 4004
2132 4003
184 4196
2837 3870
1107 4841
700 3035
2837 3208
2693 4855
2637 4644
392 1359
2011 2044
1675 4580
672 4712
950 3070
331 4275
519 2299
4 4982
1137 4866
1185 4664
1161 4094
4301 4498
4213 4445
1687 3688
1144 4364
749 4355
271 3089
105 4996
135 1543
1002 2942
8 4298
2367 3929
1951 3954
358 3615
1584 2632
2497 2528
2267 3445
715 2628
1296 3838
29 4886
3572 4893
2540 3886
708 4186
142 2007
934 1576
434 4255
954 2583
698 3996
3291 4851
3213 3997
56 4410
895 1925
3992 4161
931 4511
1696 4169
93 4866
830 4526
856 2901
48 1887
2757 4694
412 3919
362 4085
1368 1900
418 4206
357 2573
4471 4757
108 4991
632 4217
4221 4772
2 4695
506 4768
1298 3567
120 4927
191 3738
20 4991
146 3377
285 4491
1201 1328
840 3682
552 4176
561 2750
1307 1346
56 4993
956 4745
1913 2218
670 4098
331 1631
11 4397
1226 4622
1643 2558
10 4480
38 3966
30 4924
1373 3096
1238 4258
1663 2292
2506 4166
964 4776
368 4980
736 4928
571 837
2524 3845
3330 4278
196 4920
249 2633
671 4982
2717 4071
417 4897
271 4671
39 4915
1344 3398
438 1598
2 4990
316 3568
809 4575
1290 3582
63 4848
1229 1924
1165 3139
125 4930
2633 4377
2816 2902
1270 3656
3010 4311
1371 3751
186 4511
274 2818
504 3221
2063 3017
242 4353
387 4711
206 4434
408 4629
270 3122
507 4992
212 3691
2184 2635
1223 3401
1560 4847
3664 4515
458 4816
321 3102
21 4947
960 2659
68 3130
930 2275
82 4862
3026 3715
1425 1636
503 1858
202 2329
1 4919
366 4506
114 1379
1188 4817
526 4878
438 1300
688 4404
879 2983
1819 3274
785 3924
280 4674
725 3588
550 3952
110 4948
23 1543
1488 1739
155 4084
261 3583
69 2816
4874 4874
2106 2916
1676 3884
1913 4625
2595 4869
103 2837
224 4402
1651 3945
1442 3763
1161 4541
706 4572
1401 2900
3967 4412
3898 4988
54 1145
497 4552
250 4947
33 3950
731 3467
173 4611
3158 4240
384 4110
1779 2565
681 4167
198 4033
137 5000
641 1688
1605 2705
2678 4529
818 4219
1928 3123
35 4385
342 4145
991 4541
1895 4392
49 3088
2383 4418
76 4426
278 4969
375 1763
4096 4303
663 4966
1456 2652
1637 2888
2091 3802
847 4413
49 4901
150 3813
4 3659
895 4184
1215 3158
137 3374
1930 4522
3398 4177
346 354
1347 2237
769 4848
294 3321
85 4728
843 4538
524 3527
2037 2296
251 2884
2124 4417
861 4333
392 3269
1794 4063
3938 4781
763 3511
3270 4347
1580 4709
67 4905
907 3672
1928 3876
125 2712
234 2663
801 3010
4785 4916
352 1361
2999 3795
10 4983
47 4145
4533 4550
2125 4719
61 4833
1368 1487
1215 2844
1179 1399
1028 2838
1703 4177
420 1535
638 3885
562 3006
67 4850
2497 4145
2634 4814
1100 2222
2185 3970
27 3596
461 3943
1109 2728
1175 1179
237 3847
1675 3011
3432 4773
1181 4869
973 1958
2308 4647
20 2317
2045 3891
2827 3649
848 4175
1526 4407
3040 3997
1405 4994
420 4777
1058 3733
1302 2955
688 2969
1034 4700
1254 4848
148 4927
398 2989
977 4711
136 1598
1329 3606
261 2998
433 1942
3617 4602
490 3931
522 3289
1605 3081
1831 4897
1410 1514
3032 3511
3184 4441
148 4598
1950 2180
1073 2941
433 4704
3089 4108
485 3497
4368 4494
187 361
171 3515
2557 3856
1467 2930
3044 4409
3466 3535
1369 2329
302 4654
3565 4368
134 3818
1139 4316
1967 3569
1583 4896
2919 4181
2828 4453
468 4974
286 4583
599 617
401 4051
632 4714
492 4974
2520 2974
409 4597
2524 4016
2 4959
433 4497
2901 3819
491 5000
838 3289
116 4875
2475 3436
1802 4075
1617 3740
286 2246
2680 4173
118 444
1132 4607
825 4971
1963 3187
18 4708
661 2025
2408 4720
898 2393
664 3080
3415 4810
2130 3968
2846 3787
1483 2177
400 3442
1061 4993
246 3398
1719 3787
689 4929
3041 4447
2109 3473
1074 2324
74 2267
2116 3568
2871 3641
1184 3638
3438 4719
74 4949
148 4989
1359 3632
2767 4971
2556 4147
2441 4045
2274 3544
902 4378
414 4442
4566 4731
3717 4864
53 4723
1610 4742
2190 3593
1116 3930
991 4821
1416 4629
3462 4413
1559 4777
1 1009
2184 4560
2579 3058
2405 3799
2135 4315
383 4959
1858 2620
299 1621
485 4170
342 3816
1812 4960
1539 4276
1447 3737
1708 3374
385 1613
888 1898
3334 4273
404 1224
1803 3783
865 4219
144 186
369 2980
81 4875
1844 4336
699 4995
51 4609
948 984
1442 3476
618 3410
84 4408
2455 4619
328 4822
2228 3743
3552 3815
1102 4684
5 4931
268 4680
759 4959
1399 4406
2790 4842
44 4811
2046 3882
1872 2893
546 4254
4398 4897
511 2894
831 3183
142 2532
4138 4566
185 2919
370 2828
2751 4692
3693 3731
147 3792
2068 4994
720 3800
1796 2035
1415 4791
1643 1770
2376 4781
2364 2975
653 4724
1721 4463
2115 2478
366 4272
1286 4929
461 3220
1746 2446
96 4991
112 259
2965 4644
2704 2905
1287 4233
1748 2731
192 1590
2009 2107
385 3947
593 4147
1866 4896
480 4175
3517 3533
952 3476
1185 4819
515 3937
169 2289
146 3960
202 3858
166 3516
175 860
617 3348
1530 4516
958 3652
537 1020
2338 2908
49 909
2891 3729
188 4883
578 2214
265 4514
3957 4682
1585 4603
1835 4548
2849 4469
1251 3989
698 4902
721 4757
2674 3133
37 4999
1614 3030
1551 1961
231 4812
1360 4847
1784 4886
81 4352
745 4917
530 4886
1246 4466
510 4687
1008 3588
1660 4841
966 3842
520 3695
225 4075
444 2740
57 4117
555 790
359 2167
1903 4460
396 4961
2206 4601
870 2556
1957 2656
499 4866
487 3014
38 4226
819 4979
1928 4833
522 952
142 3493
1434 1670
642 3580
1039 4129
132 3965
253 4414
3674 4027
22 4975
69 2945
849 4118
2140 4629
2127 4892
2650 4439
632 3647
2636 3809
4403 4997
764 3626
27 4918
567 2710
2630 4515
1765 4601
1110 4331
1462 1698
3180 4400
3160 4724
685 4415
116 3585
157 4342
1773 1883
1226 3578
2177 4723
83 4155
4212 4863
1703 2639
577 2638
2947 3209
2608 3625
1044 2143
984 3829
2591 2967
536 3167
168 4380
676 3933
1847 4862
1574 2297
936 2387
33 4990
517 1958
364 4905
2769 3875
1162 3819
1237 4246
1472 3378
1881 4758
241 4781
1888 4080
1855 3698
3878 4327
1288 4721
175 4924
428 671
821 3848
2014 2153
1153 1403
917 3657
1816 4815
664 1753
516 2334
2428 3747
1669 3712
2153 4254
2439 3974
295 4453
1037 4351
2092 2229
687 3859
1049 3000
206 4478
444 3921
3465 4380
1240 4457
687 4922
1440 4674
42 4696
1227 4820
1 1832
684 3827
183 3781
3022 4238
18 4990
3564 4059
3477 4208
3025 3671
1202 3550
117 4067
150 693
196 4752
118 2656
2062 4252
402 1743
2547 4302
503 4795
712 1835
488 4525
503 1686
2369 4524
149 2399
1796 2030
1266 4730
291 4823
417 3890
2051 3767
84 4992
3572 4793
2691 3164
1045 2663
3536 4425
2718 3990
2824 4318
1955 2314
1687 3572
410 3796
95 3589
475 1174
50 1495
818 4576
3423 4246
45 4653
400 4579
1906 2821
942 1837
2271 3959
1789 3569
736 1382
1689 1977
974 3566
177 4349
1301 4246
1109 4021
2610 3932
11 2662
1112 4811
2040 3868
1973 2138
172 3100
2063 2604
590 2624
1822 2183
2864 3820
1230 4821
1234 4154
34 2077
2054 4386
176 3663
1896 3819
2130 2317
571 4551
4177 4535
4062 4640
445 4348
47 4972
1374 3778
1716 2816
96 4989
175 4692
1600 4308
2245 4391
112 4629
2761 3926
1164 4548
1216 3888
1645 4655
623 839
3434 3571
122 4535
3263 4539
2059 4144
2710 4786
361 3113
125 3864
794 3957
1653 3877
1548 4342
137 2126
330 1705
2696 4895
997 4842
515 4796
1019 4400
696 3099
688 4349
4584 4971
772 4786
239 2699
1571 3878
1689 3417
496 3231
995 4588
3893 4384
1918 4291
2987 4281
167 4937
3060 3833
1229 1290
80 1495
777 3922
1480 3845
4536 4663
3279 4474
764 998
1376 4718
315 4795
180 4385
859 4894
848 3447
1843 4662
807 4997
226 4813
1213 3869
848 4488
2547 2916
292 4160
396 3600
3287 3827
1985 4818
716 1475
271 4856
24 4972
39 1208
82 4980
876 1841
4568 4681
2228 3513
318 3337
258 4557
2531 3966
365 4334
184 1766
527 4172
1658 2552
3101 4289
563 4866
496 3738
3312 4204
2528 3761
396 2359
763 4042
3521 3736
3498 4162
418 4698
118 4919
1111 1691
55 2718
3044 3603
248 3392
555 4042
657 3113
1783 3319
1786 4625
22 3138
394 4352
807 1306
327 4621
1328 4668
800 2259
27 3763
260 4138
1005 1889
1955 4587
4019 4454
4006 4750
2264 3255
265 3013
740 1720
444 779
668 4051
536 2868
3258 4791
942 4643
280 3931
403 3292
433 4867
1978 2715
410 4897
1673 3443
113 4937
1853 3837
2038 4150
65 3337
566 4299
1180 3882
832 2058
1962 3523
71 213
3448 4355
594 3695
1163 3121
2539 4889
125 3242
3017 4847
1162 3368
3359 3754
267 4572
73 4542
1828 4537
2865 3464
1600 4175
1665 3678
59 4831
947 3459
439 4322
3026 3211
318 4916
1089 3963
2629 3882
513 3854
749 1306
1078 4524
604 4604
202 4701
2294 4338
1616 4745
227 4657
1564 3181
575 4296
3862 3923
1614 4853
307 4764
930 4600
467 4415
1237 3750
3644 3869
136 4876
217 4594
47 4939
739 1460
2538 4953
2892 3687
1866 4904
3674 4051
1357 3886
393 3127
646 4818
290 3130
683 3742
1712 4313
3681 4957
2029 4474
1901 2582
961 3680
4068 4497
1918 2094
772 1706
173 2936
2485 4805
3242 4462
474 2854
759 4525
165 2857
1484 3147
387 3913
973 1469
1165 4808
264 4972
773 3198
596 2371
85 1646
2292 2615
414 4393
442 4581
631 3046
2958 4825
2522 2755
1073 1628
3306 4884
100 3521
78 4899
2937 4996
113 4751
1289 3724
2421 3517
1249 4212
1556 4533
1890 4640
1781 4553
573 4735
1699 3977
2372 3803
2686 4640
634 4322
875 4481
1715 4448
1851 3415
803 4972
561 4793
2033 3847
1989 3499
70 4699
2092 3209
2417 3743
732 1521
1619 1742
458 2798
793 4273
317 4938
2884 4592
7 4850
813 3126
802 4940
419 4414
2588 4334
200 4111
3286 3677
115 648
758 3175
41 4866
2357 4659
64 4965
2107 4887
52 3073
3315 4886
209 3578
142 2834
2846 4081
3295 4597
2305 3796
684 2059
1029 4840
382 4894
3659 4277
3831 4397
1309 1340
225 4927
260 4965
3079 3941
1086 1317
1127 4635
3 4952
2448 3677
1663 2932
1737 4208
1230 1270
283 4619
1679 2395
3154 3480
130 2132
331 4979
1327 4648
986 1685
226 3342
546 4702
165 661
102 2326
1832 4685
141 1373
207 4224
2682 4344
339 4999
2157 3409
3499 4995
845 2770
2364 4967
290 4329
1417 2528
2539 2563
38 4864
830 3915
4125 4139
1434 3918
43 3309
1235 4104
165 4502
644 1933
143 4763
202 3913
1865 3946
102 4329
251 4418
2488 4351
2401 4226
392 4263
3024 4391
2370 3382
313 4265
3016 3467
321 357
2900 3704
435 4241
10 1336
504 1848
14 4707
219 4652
93 3861
2437 4204
919 1705
1627 3661
569 4586
33 4876
3329 4978
454 2185
434 5000
967 4163
161 357
343 4872
168 3066
397 1056
2695 2891
2706 3228
127 3200
2453 4509
3129 4800
3717 4066
139 4573
42 4522
565 2714
1287 3157
2055 4108
9 1235
2096 4806
509 3810
3676 4961
278 4447
290 4355
672 4316
64 4219
174 1726
1735 4354
957 3689
1538 2845
1806 4905
1131 4209
2125 3472
971 3881
1333 4893
39 4519
597 4835
4671 4784
180 4954
1300 4877
53 4911
393 3840
24 2523
2816 4691
2731 3893
2080 4589
283 3963
491 4608
3310 3723
572 2065
3051 4087
2417 3654
3002 3371
40 4997
2502 2977
763 1412
3149 4678
333 4870
454 4750
1398 4767
4144 4369
628 4052
1176 2164
97 4740
1074 4101
892 4661
890 3984
2865 3557
2013 2196
2 4391
1129 4397
1076 2501
1581 3933
1829 4825
896 1447
704 4964
2574 3976
127 4846
10 4717
852 4782
2851 4072
2911 4367
126 3854
4078 4812
131 716
2112 4475
3795 4352
3608 3829
1373 3406
567 2289
521 1008
171 4944
854 4666
2179 4807
61 4904
271 4987
665 4146
70 3125
1269 4830
819 2687
2546 3051
7 4968
3770 4345
3458 4423
851 3732
631 4865
1615 1623
1316 1518
827 4416
3724 4294
797 4236
4518 4878
1165 4784
407 4943
299 3005
9 4960
589 3592
382 3700
2251 3958
4605 4959
1753 4016
8 4995
1559 2072
3611 4185
91 1617
27 2054
236 1053
1706 4930
4681 4956
3404 3716
3167 4619
1578 2543
14 4835
68 803
315 3237
558 4969
31 4686
299 4536
120 662
3034 4444
1933 3313
1156 3895
1224 4871
136 4772
893 1379
306 4605
448 2607
405 1715
231 4864
1197 2286
2520 4580
2916 3390
392 2094
731 1089
202 4987
3312 3826
258 299
2076 4769
127 4427
438 4314
1900 4020
2 4799
967 3223
3222 3258
1261 1492
3282 3620
1545 3036
154 3518
921 4762
108 324
1070 4058
2415 2580
276 2173
2415 4624
859 3145
1683 2049
1223 3935
2860 3693
2512 2598
560 4302
1591 4361
1064 4344
1630 4524
1472 2009
3927 4287
1874 4739
2423 3031
48 3782
294 3321
3666 4808
39 4959
850 3152
917 4415
881 4444
535 4712
1696 1711
4611 4758
2431 3317
217 4640
1295 2048
624 1785
224 4251
3395 4476
92 4308
1739 3637
2517 4352
1617 3519
933 4561
1183 3148
47 3249
217 4974
727 4118
2476 4220
2094 2224
355 4024
217 4635
1309 4860
61 4686
803 4926
1908 3198
2810 4231
2240 3739
801 4175
2248 4103
653 4507
140 182
1752 4146
2172 3016
439 2637
554 4941
1278 4615
3111 4960
3362 4296
458 1526
59 4289
1714 2045
3686 4888
236 4322
551 4280
152 4928
1056 4320
1539 3839
69 4815
2179 4972
1226 4116
3313 3860
1195 2282
271 4367
761 2377
2329 4488
1430 1955
764 3577
2258 4686
861 2844
214 1749
410 2233
13 4087
852 2645
731 4193
752 866
22 4935
77 1610
733 1940
250 4580
2951 4560
1887 4094
2341 4035
214 4977
715 804
4145 4154
272 3468
323 2916
1283 3618
12 3361
534 4324
16 4694
821 3143
2480 4517
69 3790
940 3884
121 2775
613 3453
609 4632
601 4955
3506 3662
3671 4439
611 4902
151 4984
1655 4793
1392 2247
855 4731
115 4779
413 4286
436 2080
2006 3885
2017 4250
2606 4278
295 3748
552 1768
157 4980
2242 4471
3999 4102
1221 1478
2662 4343
115 4918
3088 4061
772 854
697 4009
1506 4372
983 3952
266 3805
652 4621
251 2822
1308 4332
28 3608
2542 2777
39 3562
361 4943
1683 2244
2029 2950
3527 4408
9 4915
4359 4592
1416 1752
1564 4688
409 3631
2022 3144
894 4365
559 4549
61 4630
2219 4152
683 3768
1012 4857
427 3393
182 4979
572 3028
384 4955
504 3088
1078 3160
113 4776
1069 2121
1280 2799
274 4777
1321 4649
1978 2772
251 4507
1985 3336
3144 3196
442 3461
1025 4325
3152 3965
742 3740
1332 3260
170 3821
332 2942
841 2441
1177 3534
2 4985
2691 4241
738 3030
3769 4097
215 4897
2585 4882
495 3307
2778 4108
1926 2636
4562 4901
3676 3786
1291 4030
1152 1247
822 4908
44 3310
448 4088
325 932
133 2476
1882 3675
2204 3806
752 4831
1906 4227
114 4872
2147 3383
1 5000
1089 3239
31 3534
152 1596
335 2438
1816 4576
780 4638
2302 3330
2262 3576
391 4188
1127 3889
470 796
50 4604
1748 4030
258 3823
1317 3941
1507 4325
150 2277
53 681
226 3979
5 4680
581 1287
3777 4105
1454 3262
178 3496
86 4975
265 4341
893 4671
2557 4326
248 3590
375 3301
2656 3529
1046 4814
282 3782
147 4374
2846 4923
1093 1631
1598 4942
446 2643
130 4818
2374 3891
211 4914
44 4081
1592 4995
753 4339
2318 3654
75 3245
440 2172
1209 4560
905 4532
92 4737
798 4746
11 790
937 2258
2955 4660
932 4841
3811 3913
123 2377
2758 3832
2706 4775
2518 3373
119 4974
478 855
3989 4546
1768 4757
2396 3841
1644 4314
347 3848
2116 3851
995 1587
2464 3105
875 4236
1166 2885
128 4916
2114 4258
3698 4772
629 3293
95 1031
1972 3564
1117 1661
797 1050
1061 3505
1996 4776
1485 3052
542 3917
1202 4873
2623 4239
11 4947
1583 4739
1274 4139
989 4398
305 3829
4434 4464
2356 4406
1660 3181
607 3150
1586 4968
503 3370
1607 2465
601 926
2814 4294
1964 3996
388 4188
336 3609
2661 4762
172 1604
446 3424
321 3570
943 4167
1472 4670
2551 4974
333 4482
374 4315
378 3947
3429 4744
26 4789
1224 3965
899 1558
3872 4725
1317 4257
500 4811
24 4995
4488 4705
1692 2724
2024 4205
1035 1719
224 2563
411 1642
981 4419
2389 3128
2252 4080
484 4389
4046 4854
259 4601
1018 4996
8 1432
569 4682
49 1130
2896 3848
104 3538
372 1972
2313 4046
2622 3299
1973 4594
3292 3787
846 3604
275 2344
1186 4721
421 4857
1201 4289
2376 2420
1052 4897
904 3106
310 3929
384 3543
1312 3989
3542 4824
252 4218
779 2718
2226 4284
405 4703
2668 4839
839 2934
3723 3982
809 3564
512 4511
1604 4287
291 2271
890 2175
314 3522
766 4544
2046 3030
1986 2612
1377 3003
552 3730
124 3675
720 4460
465 4915
1038 4459
619 4853
2463 3905
891 4440
1523 1637
49 2129
499 4966
9 4945
1446 2290
991 2513
594 3940
2896 4889
546 4233
2274 4112
1597 4335
298 4080
109 4824
327 652
57 3367
938 1122
326 2470
311 4657
2241 3325
1139 4904
231 4959
93 4810
156 3047
2043 4750
952 4763
1300 4127
2526 4804
319 1115
236 3370
765 4531
526 4465
380 3921
17 4942
1110 3736
2297 4823
141 1479
69 4582
1478 4846
68 4974
869 4403
91 4459
483 3181
1657 3788
2428 4050
604 3667
333 3815
2212 4665
1412 1627
4113 4484
446 2911
1517 3348
1290 3164
270 1721
139 516
353 2164
4325 4868
424 4839
827 4168
11 2585
2400 4201
2295 3452
1917 3349
4339 4383
583 2313
806 1696
1746 2084
2719 2782
77 4737
4542 4674
2496 4393
989 3630
3111 3141
3101 3139
35 4982
3815 4205
512 4369
606 3999
208 4639
1491 3134
157 4593
557 4424
1536 1755
1295 3205
1656 4263
1044 1120
11 3593
894 4542
2280 2650
2019 4972
1079 4736
72 4899
3942 4982
2905 3044
252 4930
1949 3443
487 4685
382 1802
55 1440
65 2863
28 4587
94 4022
183 4419
3103 4236
1988 4543
132 2450
4051 4709
673 3915
51 4999
685 4429
1944 4664
912 3064
2844 4658
616 4004
396 4226
608 3697
275 2660
3066 4216
2922 4321
645 3719
287 947
1123 2293
3374 3492
1489 4942
709 4642
106 3356
943 3726
911 4855
963 2763
469 4873
198 3577
1624 3635
100 3681
1048 4663
1872 1906
2391 3256
650 2879
1172 4642
1197 4599
477 2894
439 4069
276 3600
776 4682
785 4212
393 2504
943 4466
595 4252
1152 4992
1184 4534
1885 3556
981 1923
4550 4602
406 4086
3302 4935
1181 2038
878 2289
1873 4240
3960 4128
2251 3647
3 4806
1352 1624
302 4933
1737 3472
2222 3377
1450 4293
1454 2964
2847 4357
77 4998
174 4941
4779 4985
1470 2538
21 5000
2105 2264
2067 4150
604 3794
3533 4775
573 4892
1354 1453
961 3980
1324 2644
1348 4942
227 3034
904 4454
123 1786
30 5000
193 4364
1655 2850
1441 4964
842 4332
290 2534
1108 4115
4578 4999
2341 4154
119 4839
2248 4141
660 4093
286 3848
17 4997
1914 2728
453 4209
500 3704
3018 3887
887 4526
3742 4052
3575 4132
146 3684
1162 3754
2494 2645
1269 4669
669 3088
526 4894
442 3435
1772 3475
134 3944
572 1628
1012 1438
756 4530
1649 4682
1206 2582
1811 4937
605 4762
34 4956
20 3649
3066 4819
679 1286
1442 4700
169 4782
899 1460
2188 3198
7 4817
1991 2799
1171 4510
449 4032
236 2676
64 4937
2114 3980
2198 2575
2935 4961
1552 4819
341 651
488 4561
1071 4650
31 4981
4786 4911
500 4904
538 4682
1212 3466
274 4280
2465 4558
2400 4764
1916 4931
1712 4580
85 2533
39 4917
4601 4857
2247 4502
275 2010
1269 4247
8 4990
1155 3631
1190 4925
884 4671
1246 2317
353 4827
784 4676
1239 1406
985 3822
40 4247
2846 3051
68 4932
888 1365
196 4797
4034 4396
1604 3828
2895 3728
1609 4072
5 3452
4789 4985
3222 4196
277 4952
2954 4431
3367 3659
333 2026
1348 4654
174 4961
1338 3162
159 4563
147 3665
865 4887
3391 4936
2065 3144
809 4755
1463 3928
2120 2397
2444 3189
365 4062
2057 3506
2589 3100
594 1529
1728 2209
2423 4100
190 4497
77 2322
673 4673
1473 4513
1125 1680
4394 4882
277 4655
2155 2260
1069 4678
56 1679
228 4407
786 3826
2907 3383
3916 4067
214 1144
155 4507
398 1970
243 3734
1506 4012
1239 2105
1101 2864
1999 2760
248 1936
39 271
2000 4667
340 4470
1833 3645
2004 3784
381 2211
1376 4967
2759 3395
667 1011
1916 4955
3930 4698
2870 4128
2411 4748
880 1818
344 3917
678 4522
422 758
1299 2158
274 1011
1810 3785
312 3108
2593 4721
2503 3369
271 1943
1673 4104
1046 3017
383 771
573 2405
3374 4181
1498 4520
2126 3981
3820 4015
586 4641
4470 4590
1412 4349
3304 3408
92 3181
17 4978
415 4869
50 3678
1455 3473
354 3634
243 4551
2372 3949
918 3773
611 4944
21 2378
3198 4545
3623 4524
440 4956
2741 3828
4370 4514
3042 4113
1109 4526
1248 3237
158 4680
928 1363
1456 4796
587 3155
1028 4159
1163 1855
3926 4689
161 3390
264 4938
588 3853
1287 2206
797 1749
76 1164
169 4692
173 3989
200 3451
287 3156
398 1744
62 4036
427 2933
9 4078
2988 4633
3188 3659
694 4678
373 4037
962 3203
1848 4109
1528 4155
832 4731
2909 4207
3688 4609
754 1639
791 3437
21 3988
3193 3761
17 4971
593 4795
1468 1715
1481 3868
1248 4472
298 3524
6 4855
173 1677
943 4725
1091 3669
464 2281
512 4110
2484 4575
120 2394
23 4940
85 4996
1109 1443
2343 3518
790 3676
973 2027
196 3474
1389 4894
114 4124
1488 3979
365 3922
163 4904
2085 4605
930 2841
1116 4501
3275 3537
3113 3432
303 4467
2357 2458
866 3636
764 3436
2947 4320
557 1112
1768 4203
692 4263
239 3406
284 1781
293 2751
2496 4767
3828 4396
2250 3127
33 4897
642 1804
196 3895
551 2009
585 4211
638 4976
927 1809
383 2913
323 4753
59 4945
104 4837
172 4948
1639 2507
95 2500
714 2246
16 982
402 4762
2653 4765
1358 2206
925 2511
1684 3295
30 3498
745 4925
158 3079
2022 4883
281 4755
1563 4260
433 3894
136 4848
761 3119
1271 4633
88 4730
477 2614
565 3256
1297 3892
906 2194
250 1827
2025 3912
1032 3698
3160 3973
434 4702
960 4926
1008 3963
3202 4519
57 4316
376 2264
2726 3335
1581 4530
1737 4540
908 4732
400 1332
510 3848
1006 1446
2160 4433
1720 2247
3978 4866
1617 4787
366 4457
2077 2658
1358 1961
3093 4943
3048 3838
3055 3528
257 3038
1176 4740
1646 4942
3330 4690
123 4885
294 3901
69 1412
3442 4831
627 4086
684 4308
1765 4655
1424 4855
1439 3095
460 4732
2228 2583
3476 4910
72 4945
835 3269
1543 3792
30 4912
3030 4121
4195 4397
540 2683
1433 4424
4764 4890
196 2835
1089 2802
2709 3658
1641 4767
1172 2605
1423 3848
1323 3868
279 732
603 3752
2925 4744
1828 2135
1582 3276
57 4892
418 4402
1132 1645
826 962
784 4960
1048 4833
8 4960
2659 2846
1017 4463
1061 4991
61 4841
926 4842
2630 4738
165 1002
1464 2772
2501 4229
981 3069
2721 4361
307 2719
1523 2398
2018 2324
114 4963
553 2862
1101 4606
882 1086
1130 4734
2029 4751
10 1834
1372 1374
569 4164
543 4820
454 4938
4013 4700
1642 4555
179 4223
614 3631
1950 2855
3693 3829
1276 1942
2454 2558
1412 2704
2039 3966
274 2972
360 3896
592 3353
