5000 5000
2457 4522
274 2448
1546 4969
29 4886
3341 3478
3009 3181
1212 3516
146 3149
782 4727
329 4583
339 4135
774 1975
575 4559
3094 3612
954 3080
699 4454
1750 3500
116 4650
10 4894
3542 4967
2494 3411
971 3439
3500 4117
2758 3140
1494 2972
21 4834
1579 4518
2447 3079
1626 4662
455 3294
115 4814
596 4708
1784 4303
1554 3374
1557 3490
674 4805
1983 3862
2461 4939
1536 3909
290 1278
441 2885
1343 3502
51 4864
139 1211
2128 4947
728 3633
672 2817
599 4744
1943 4514
577 2410
312 4052
291 1105
1058 3999
1272 1705
854 935
236 3094
981 1052
755 1205
2 4510
2019 2337
450 4772
1489 1625
393 4943
98 1643
1850 2848
152 4926
63 4009
1536 4794
2001 4535
54 4924
1578 2514
31 4736
2292 3706
2104 3065
401 4762
1508 2101
1115 1652
299 3283
1396 2493
103 3652
194 4793
4720 4884
2196 4813
2379 4220
2867 4322
97 4799
779 3846
2734 4848
741 4934
1238 3859
1534 4651
789 4563
96 1234
578 4204
406 4429
115 3167
882 2239
1574 3705
2641 2815
202 4953
286 4462
2492 3774
1711 2075
17 4946
488 2061
3486 3739
977 4298
437 3633
62 3367
10 4477
43 1925
1633 4360
26 4805
990 2794
1694 3699
175 3350
2305 4636
4533 4762
238 2169
376 2510
1763 4447
456 3848
3198 4182
973 2688
795 3927
1568 4951
981 4899
417 3476
1124 2174
1291 4924
762 3246
3758 4134
184 4958
2025 4561
2270 4821
1271 4013
1777 4624
556 3904
2893 4667
559 3355
3896 4693
697 2621
1986 2979
161 4768
2301 4009
316 3698
1 4999
1210 4782
2424 4242
206 3467
1390 4875
161 4221
789 2042
550 866
176 3967
749 2996
88 4567
2160 2924
180 1660
743 3011
3352 4501
2094 4662
559 1233
81 4954
367 1510
297 3347
392 1587
1515 4339
229 3838
719 4008
103 4990
640 2051
1543 4520
1193 4387
530 4848
901 2178
117 4652
368 3799
2108 3958
870 1440
1566 3952
850 1553
1096 1874
398 3338
3160 3540
692 3769
2044 4143
30 4982
997 2524
2476 3976
61 4750
295 4885
1995 4147
1070 4917
1293 3397
1970 3699
363 4040
214 3852
142 258
599 3582
255 4594
36 4725
577 3551
3792 4668
2360 4322
649 1485
3 4980
1617 2121
2198 4514
1593 2072
2921 4987
5 4998
2252 4765
1675 3870
1028 4716
1187 4941
1931 3922
192 2460
3169 3197
521 3063
193 4600
1102 4936
2247 4135
3252 4064
14 4938
730 3475
2595 3097
678 724
667 2718
2650 3900
1705 2448
573 1791
1163 4242
164 4506
679 3983
884 3746
498 1510
2368 3108
3424 3434
950 3862
1462 4793
303 2277
2076 3087
695 4053
2155 2184
331 4576
336 4137
2279 4633
1016 4922
2253 4977
2857 4048
1686 3970
4966 4987
596 2399
2672 4953
1115 4976
774 4623
1117 4671
421 1906
2516 3815
2600 2888
453 683
1309 4129
1497 4622
1155 2294
173 3523
14 4117
3921 4044
1248 2575
759 4281
725 4561
4030 4726
2798 2960
7 4996
715 1508
2128 4739
1225 2704
24 2935
458 1867
175 4916
469 4590
197 3615
2056 3187
9 3806
1389 2381
976 2883
183 3251
396 4804
1145 4163
1165 4357
2443 3420
2028 2219
803 3723
70 4970
3075 3838
2198 4477
136 4698
1333 2861
3676 4960
1780 1835
1158 4954
670 2404
75 4882
240 3163
1411 3628
1210 4706
1509 4293
2899 2968
1373 2427
726 4889
37 2451
304 4642
239 4538
3961 4361
34 3007
4097 4982
1087 3589
3700 4207
2996 4553
605 4612
292 4865
753 3558
442 4248
1929 3034
40 4490
2833 3662
1164 4463
1547 3289
118 549
412 4979
421 4017
70 4223
1643 2905
39 4898
326 877
1146 4598
1584 3868
2683 3029
970 4925
85 4985
2237 4660
84 2412
556 3161
542 1082
321 4720
68 2838
1865 4053
44 4318
477 3268
1615 2568
1391 2144
3263 4441
1409 4358
4097 4526
301 1994
2020 4517
861 1329
893 3998
1714 4646
521 1410
4551 4881
186 4492
1950 3656
322 4758
1353 2807
1327 1801
438 3809
1142 4631
1891 4826
2509 4229
872 3922
773 3000
3192 4320
1964 2365
994 1132
4619 4960
256 4636
505 4516
998 1495
404 4866
370 4776
1158 2218
8 4889
872 4835
363 4823
1695 2936
3128 3781
1692 4706
18 4944
428 4804
502 4621
1619 3350
565 4791
1266 4022
2367 4815
841 1792
685 4786
1045 4980
182 4491
1213 4366
393 4524
904 4232
2483 4585
1220 2977
312 4434
139 4329
809 4581
3591 3986
2403 3280
3082 4145
1729 2667
743 3253
177 4920
632 3380
2838 4352
459 3766
3116 3346
1056 2696
702 4765
583 4895
616 4285
460 3361
214 3772
419 4030
1605 2513
729 4498
2360 4758
48 4851
294 4884
1104 4991
2500 3912
307 3451
489 3491
168 1586
212 4776
174 3213
23 3613
857 1121
293 2407
2048 2335
3612 4881
1147 3868
399 628
1296 2488
34 4959
681 4976
793 3103
1522 3588
610 4630
844 1109
452 1438
1500 3444
3902 4747
140 4711
691 3314
1401 4779
177 4997
189 4229
154 3430
591 4709
3851 4681
528 4710
3239 4862
424 4901
443 3810
88 4966
1972 3360
334 4914
30 4975
1455 4139
3979 4287
702 4804
736 3621
617 4517
2379 4205
910 4737
2574 3393
389 4911
891 2024
374 1347
196 4817
3601 4285
3708 4339
1073 4616
43 2991
753 3585
1904 2860
862 3620
1530 4834
1608 3834
3287 3304
324 4298
369 4720
2076 2677
344 2220
86 4957
340 4849
483 3474
85 3474
2312 4229
968 1372
3526 4825
258 2327
324 4850
2135 3735
2423 2436
413 1814
1126 1706
1917 2580
1195 3948
1087 4549
2817 3072
3410 4294
81 1213
3291 4607
313 4866
1525 3346
1729 4994
14 4724
2291 4124
525 1077
1144 1493
1725 4442
426 3706
1355 4765
80 4981
81 4654
1195 1431
2575 3699
6 4996
4404 4850
1369 3452
654 3798
198 4964
727 1679
2435 3978
212 4813
90 4972
4100 4341
2486 3018
701 3248
499 4323
1757 4939
421 4947
313 4404
75 3592
73 3033
2151 3670
1057 4828
1384 1494
1853 4954
56 4584
3475 3539
455 3665
162 4710
200 4900
1473 3688
1243 1696
500 2275
254 2045
555 2802
164 4000
2603 2841
2482 3679
1031 1940
972 3771
55 3707
72 4914
3320 4376
99 1834
1812 4698
967 4763
862 3441
309 340
2036 3182
687 3531
26 4742
504 1941
3608 4167
213 3630
1400 2437
1199 4136
1187 4346
979 2357
2332 2928
2678 4625
2659 2995
425 465
4223 4905
2712 4125
1246 4415
24 4982
391 4086
830 4673
1678 3414
682 3086
27 4984
267 4720
1252 4276
2132 4582
212 3405
53 2206
726 4247
278 3119
396 4733
2685 3005
58 4427
243 3289
1947 3530
2955 4130
3031 3311
1631 3762
3673 3829
1920 4287
412 718
2412 3665
628 1543
336 4901
2728 3297
3889 4638
144 4466
445 2287
1325 1770
447 4972
191 4016
39 4251
1059 3865
1828 4972
97 4925
2066 3841
1924 2137
989 3322
557 4930
54 490
436 4485
1776 4984
470 4953
2379 3657
4365 4989
19 4998
542 922
1650 2068
544 4900
986 4402
364 4689
7 4892
203 2578
17 4900
1079 4615
373 4245
249 4635
549 2963
350 4646
1095 3295
1906 2945
3341 4931
1208 3562
1669 4907
1513 3302
585 3580
1435 3129
2826 3944
581 4280
1169 3782
1148 4906
2383 4882
427 3892
763 4861
1801 4719
1374 2053
1848 4202
1779 2036
501 4289
849 2559
3008 3600
3880 4025
837 1395
2388 2507
3286 4315
456 1711
1187 4099
1198 1595
2731 4844
1772 4941
1140 4864
621 4402
1596 4156
37 4697
575 2713
1753 4661
1320 4898
356 4995
1497 3623
697 4534
1175 4741
112 369
832 4781
1168 4686
814 1011
1908 3863
634 4996
893 2998
967 1726
1347 4672
1020 2042
1742 4571
104 1675
748 3741
83 4824
2329 3513
1311 1500
2484 4917
2083 4898
664 4741
377 4857
45 4890
350 648
816 3172
5 2264
207 2500
711 4843
2024 4580
110 4864
354 2114
1961 4399
452 4374
10 4656
2447 3081
591 4240
2853 3048
1299 1349
117 4643
265 3818
576 2574
1273 4830
2531 4029
231 4971
2925 3231
1990 4147
71 4370
663 4777
2696 3687
265 1919
1702 1762
1641 2728
3107 4882
1652 3420
3024 3823
3073 3219
1772 3581
2016 4864
1587 2186
222 4137
126 4953
211 4949
1626 4003
557 790
1155 1551
883 3786
16 663
909 4188
165 2852
1431 4692
775 4948
469 1845
1297 3201
4068 4286
668 4617
290 4894
1544 4078
2956 4672
806 4561
120 1407
445 1265
1353 1701
44 4570
1687 4852
80 3437
915 4136
1602 3661
241 3959
1658 4116
456 4755
1027 2429
446 4671
1941 2964
1134 3958
506 4703
2381 4410
1297 4786
2225 4861
86 4971
441 4961
1304 3618
57 4997
247 4726
343 4636
1379 1913
363 3518
421 3658
898 4561
106 4616
81 4640
1686 4295
1014 2526
131 4684
1931 2998
1728 1953
724 3375
3950 4178
4142 4245
2329 3277
244 4810
16 4966
2655 4160
3068 4975
16 4837
3050 3179
2861 4383
1612 4751
703 3697
576 970
204 4932
2287 4935
210 4900
156 3114
1763 3635
455 1765
855 2553
1674 3171
73 4767
1589 5000
4223 4303
1899 3442
2811 4880
3601 4370
85 4531
1910 3512
2327 3292
1294 3149
1677 3843
174 3769
925 4822
190 1312
152 3971
1372 4460
3143 3894
3414 3698
2337 4168
2712 4927
2351 3775
148 4685
417 4585
1163 4287
648 4500
1940 2627
323 3361
1110 3396
1412 3165
398 4548
420 4738
3236 4107
274 4922
63 2851
2 4169
18 4034
1428 2913
4417 4580
2189 2246
1794 4082
2783 3411
481 4466
857 1336
2007 4029
314 4124
1327 4542
3637 4242
1974 4419
17 3120
777 3676
325 4554
678 3664
1323 4334
1521 2921
1163 2059
1042 3855
407 2887
42 3594
11 3946
173 3420
305 4664
452 5000
41 4904
206 4709
547 4768
25 1771
1535 2515
816 4332
471 3691
3047 4397
46 4992
1108 4892
76 2725
549 1445
3168 4408
2341 4928
104 3314
68 2290
2776 4050
440 4680
2404 4791
1366 4099
635 2419
229 4599
1141 2630
1757 4692
37 3308
576 4806
2334 4503
126 4189
467 4530
902 2175
2161 4619
1206 1482
2299 4536
1290 4079
729 736
1325 4227
4350 4478
1298 1731
273 4485
2152 3567
856 3295
704 3345
2201 2599
1843 4533
371 4002
2070 3675
101 3586
228 4953
1391 2074
610 4899
3500 4838
579 1965
1505 2491
234 4309
184 4962
857 4621
1142 4118
2238 2246
1227 4502
1427 3838
359 2257
18 4945
2299 2363
1631 3948
20 4976
612 4343
413 1864
325 4759
1286 3759
775 2647
1198 4597
508 1086
516 867
2250 4430
145 2163
3231 3274
330 3565
377 4883
1045 4306
3664 4586
644 4389
3642 3951
2480 4240
4052 4375
996 4359
1465 4258
759 3513
637 4924
2957 3211
37 4681
533 4395
2096 4922
2493 4046
639 4035
415 4534
3060 4843
940 4630
1175 3765
365 4939
17 4864
2626 4239
100 4172
341 4848
56 4563
878 3760
759 4760
1404 1539
658 4608
129 4858
3492 4444
1484 1867
1908 4458
2364 4553
3236 4468
444 1309
2916 3130
621 4948
692 4670
320 4796
3518 4805
81 3900
3192 3848
196 2902
349 4909
1905 4796
246 4728
4750 4999
78 4969
2152 4317
58 3473
298 3769
808 4924
2790 4209
1159 1296
965 4858
171 3233
1564 4867
68 4987
771 4371
153 4943
359 3298
965 4252
1412 4798
331 1696
2634 2919
199 4729
230 4369
3807 4295
3278 4579
709 962
1047 1457
340 4805
244 2760
1431 3312
710 4999
71 2388
440 1400
2123 3871
1086 3067
3765 4008
292 4833
281 4775
683 4940
2541 2976
1181 4983
287 3239
1253 4451
953 4658
2864 3345
2091 3332
2794 4843
162 4507
831 953
2249 3693
329 4206
53 4539
234 4291
436 4883
1518 4848
1972 2676
230 4821
778 835
456 4855
100 3945
3776 3849
73 3016
2194 3418
463 3843
221 4623
1043 3458
22 1887
282 4847
1399 4308
154 3833
3309 3690
572 4967
1105 4049
4036 4182
1151 1427
434 4927
371 3197
1064 3508
1609 4060
418 4659
1731 1790
1330 2934
1427 3108
803 3240
709 4618
579 4326
1172 3668
528 3815
574 1126
2754 3685
41 4464
3340 4181
2325 3716
627 3937
98 4911
870 4401
1051 4269
547 2001
1354 2111
3287 3958
852 4973
529 2801
1126 4136
2229 3969
1968 4099
198 4313
377 4962
537 4602
294 4919
218 4664
1061 2618
492 2530
950 1504
268 1254
699 4121
4050 4217
1500 3023
663 4144
2852 4868
1846 4696
410 4787
1950 3706
96 4369
79 4622
1833 3447
109 3186
67 131
2105 4253
2149 2461
824 1920
1201 4494
512 4279
1182 4769
674 3501
3120 3895
1983 4890
488 4887
1530 4695
1117 3831
1338 4787
5 4801
4289 4712
465 4442
1382 3923
2321 3052
935 1258
3058 3563
2027 3307
2274 2866
2574 4163
686 4305
30 4761
3153 4670
2768 3126
1118 4985
550 4868
324 2058
1667 1968
3138 4166
95 2206
64 663
694 4329
1629 4422
1151 2865
42 4531
961 4021
385 4268
903 4197
2831 4804
829 4792
1379 2558
584 4603
480 2390
159 1135
1031 4845
2082 3683
1009 3566
838 3549
28 4602
2463 3231
45 4051
1145 1821
947 3728
705 1240
648 4650
823 4892
1509 2314
477 1351
74 4975
3612 4074
404 3153
389 3775
128 2982
2424 2598
306 4887
1926 3914
2467 2523
1907 3270
296 4976
109 981
207 2742
771 2678
1733 4057
1171 4775
258 4201
2325 3162
2126 4790
3432 4529
2185 2209
3369 4016
587 4896
3944 4843
2 5000
121 4186
850 4745
1027 4890
2495 3350
1705 3136
442 975
81 2542
4491 4525
261 4484
934 4982
1485 4470
2355 4193
794 4742
2237 4311
2156 3788
79 4347
741 4295
2381 3560
1257 3915
1273 1861
508 4187
881 4496
165 4892
683 4842
850 1014
234 3957
1921 3381
402 1957
1884 3628
1951 3674
11 1506
138 4596
429 4679
86 2835
1133 4085
554 686
517 4700
1562 4623
2911 3489
2227 4878
3146 4405
831 4711
613 4715
1940 4058
824 4863
1236 1821
132 2140
1808 4691
1493 1622
3079 4340
637 3709
485 4320
405 3214
624 3445
20 3498
1841 4839
1827 4618
298 941
1515 1702
891 4362
1895 3983
197 4978
2011 3091
1584 3377
724 4187
1838 2636
1019 1229
633 4095
345 4781
1431 4439
2442 4783
577 919
1361 4260
321 4519
92 4963
1048 3466
2770 4543
511 3151
2842 3861
3704 4875
1364 2137
782 4519
1042 3804
2453 4324
61 3423
195 3935
1776 3619
2673 2849
532 3720
1174 1644
1305 4632
279 4993
3238 4078
4881 4892
213 4948
2319 4134
3986 4565
81 3669
2298 4060
2590 2975
270 4562
3191 3844
326 3320
2302 4069
556 4104
855 3042
1167 2737
3256 4314
192 1171
2122 4633
997 4336
2530 3829
10 4943
913 2535
1155 4137
486 1397
2162 4556
299 4871
2654 4108
977 3400
1008 3681
3323 4636
2823 4624
827 4805
1529 2615
883 3925
706 4910
641 4738
2753 2794
255 3977
551 3576
1069 4040
2477 2990
864 3724
775 1478
1602 4641
1824 3720
57 4515
163 4796
2636 3770
287 2332
703 1209
3765 4965
927 4186
2318 4153
3517 4034
24 4445
43 2554
1408 3125
1136 2213
61 3083
2271 4983
426 4707
253 4474
19 4894
1089 3033
1035 3597
1773 4478
369 4403
1132 3888
842 4380
474 4119
103 4799
2878 3515
2789 4915
1899 4547
1844 4584
3531 4369
580 2231
530 3704
3810 4048
424 4847
1319 3568
3619 4763
1 4985
175 2555
2541 3119
113 3971
1506 4425
54 4941
270 4990
2612 4444
246 3955
3825 4477
1378 4989
1848 4166
1701 3785
398 2764
2146 4732
1314 2189
1464 2783
51 1507
3605 3907
1130 4632
2611 2955
1000 4524
458 3642
63 2851
24 4507
1633 3067
333 4582
3291 3536
726 3759
57 4937
2549 4513
1280 1816
148 4366
2247 3420
2074 2733
257 4957
3274 4521
1474 3377
313 4490
3347 4485
1546 3038
22 4999
1033 1554
2 4998
217 4623
167 3749
1392 4717
240 2040
86 4926
2559 3311
1112 3575
1551 2069
2394 4881
476 3788
2359 4447
228 3251
93 3831
1084 1170
23 4713
158 4294
118 2618
1777 1895
306 4093
2091 4021
1374 4010
2292 4784
1329 4680
31 4621
2 4996
1378 3266
286 4991
942 4652
3969 4045
577 2597
1771 4912
107 4608
459 3844
274 2609
919 4631
105 2768
2425 3819
2342 3296
1135 2675
345 1128
2581 3990
63 4628
123 4783
1273 4479
871 4267
3171 4701
1452 3253
3264 3704
2374 4494
170 4464
3766 4385
3233 3585
1988 2351
1473 3818
629 1368
2759 3707
3336 4244
5 4994
3773 4557
214 4584
604 4423
1998 2122
1427 1914
2659 3503
1542 4964
811 4111
2772 4641
397 3526
2063 4527
2029 3886
2217 4643
2595 4723
1957 3235
1015 3786
2581 4973
61 4611
2483 2989
1234 2447
353 4478
1245 4103
588 3676
77 4241
903 3873
188 4727
1698 2454
458 4326
684 3226
1939 2514
2778 3774
350 3839
4053 4797
3180 4765
1446 4377
2107 3994
1356 4525
3528 4190
1143 3350
314 4813
655 2757
2771 4971
951 4700
854 4332
349 4729
3188 4925
4306 4477
467 4625
318 2717
422 4823
50 4997
4105 4510
1120 1284
1758 2041
716 3066
1209 2208
182 4878
1812 2747
1064 2854
711 4568
865 1758
464 4733
383 3733
321 3875
1010 4951
2645 2772
3734 4532
895 2777
1658 2630
1444 1648
316 4019
280 4710
1112 3551
685 4844
1195 2224
2180 2507
484 4412
1398 2661
1844 4191
3383 4432
3 4974
176 4883
578 4879
12 3636
788 2083
112 4301
262 4948
131 4958
904 4904
444 1253
1448 4904
831 4245
1136 4511
1994 3780
9 4621
61 4988
317 980
1167 3061
35 2430
290 4827
4086 4999
188 4547
574 2181
1522 4552
1377 4800
712 4016
2225 2485
888 4286
813 1857
14 4961
93 4370
1310 2357
1613 4975
1373 4166
2166 3125
170 2753
3490 4129
761 4168
4474 4528
403 3842
139 4431
233 3839
337 1052
1043 1937
197 1665
115 2116
187 3032
1479 3766
2030 4931
73 773
2556 3992
94 1218
696 2348
1595 3795
2082 4984
1324 4194
153 4669
309 4188
1263 2774
1059 4870
3551 4173
2130 4152
1523 3612
2725 3419
1859 3188
2716 4013
495 4994
3118 4584
1498 2783
163 4005
871 4069
1019 2494
1133 4705
1322 1883
482 1132
1202 3398
824 2081
3087 4674
2328 4533
2083 4517
346 3937
643 2939
1818 4818
193 4096
401 4204
678 3558
750 803
510 2018
3939 4881
4461 4804
1244 4667
870 1567
1478 3727
32 4977
1606 4544
2638 3342
650 3246
31 4993
1643 2830
334 1718
3340 4709
749 3895
1056 4385
2 5000
775 4437
1293 4020
828 4263
151 3943
336 1743
201 3709
2638 3758
529 4011
181 4989
1937 4910
3679 4820
129 3420
218 4696
460 4885
2785 4319
78 1948
3194 3477
727 4696
3448 3693
1624 3295
734 3046
3198 4706
811 4526
320 2746
1102 3914
650 3003
2357 4163
1151 2500
281 4076
1623 3956
1463 4497
406 3987
11 4971
716 4321
511 3808
173 3614
1540 1576
1119 3782
1648 3038
1813 4924
39 3407
383 3941
62 2927
2382 2852
511 4932
1640 4157
3858 4519
223 3763
1932 3181
1114 3649
2441 4846
692 2778
1509 4519
72 4694
212 1102
3139 3791
1041 3960
937 4309
724 791
1227 4995
656 2731
3807 4301
510 4552
4 5000
1480 4745
1710 4198
504 4695
280 3447
2524 4494
1776 2615
2570 4650
203 1691
873 2590
4610 4917
3215 3667
384 4669
804 2349
194 1827
907 3726
1700 3869
1543 3673
2238 3215
364 4861
31 4775
836 1187
10 4999
1083 2461
42 4977
845 1300
1695 3729
558 4041
2027 2240
190 4979
755 2083
2292 2482
29 3198
299 4644
1109 4168
1662 1697
1021 4161
24 4610
491 4372
713 2865
389 1423
1785 2591
925 3970
681 3913
356 4925
2240 3953
508 3292
1116 1756
531 1775
3359 4941
301 4736
2791 4917
990 2196
7 4647
2783 4942
445 4907
281 3591
269 3056
83 3137
4322 4392
38 2661
25 3941
560 4290
1029 4640
3502 4303
12 4967
3 4833
238 4930
69 540
1137 1538
818 3570
1140 4197
1834 3904
1294 3491
768 2912
1030 4338
781 4421
2378 3256
1437 3353
241 3178
555 4522
912 3027
3219 4050
1969 4559
2375 2470
2239 4742
3770 4245
757 3398
98 1191
1912 4893
2073 4745
71 4936
43 4941
191 1665
97 4904
1509 2974
286 4551
161 4966
3215 4469
3962 4771
1327 4147
1569 3457
729 4866
653 1888
31 3044
381 4891
3298 3792
1351 4604
601 1273
124 4272
2879 3175
2512 2866
405 4825
695 4623
1091 4955
3884 4775
1302 2919
477 4754
267 2856
660 3277
910 2196
1466 4634
87 4750
4257 4906
1111 4365
3346 4866
1688 4694
1640 4450
1569 3527
4519 4637
122 4393
1678 3393
609 4807
328 3889
954 3624
156 4847
133 4608
683 2139
2279 4228
1479 4705
98 4879
672 4948
1610 4656
3995 4916
152 4771
2490 2591
382 1465
1074 3415
28 1749
1578 4927
1942 2515
1454 3433
15 4994
363 1163
145 3505
516 4749
33 3006
1884 2580
252 2575
486 4077
129 4723
885 4994
207 3425
2773 4565
1575 3331
174 3604
675 3197
37 4738
404 3441
573 4061
2268 4015
84 4672
72 4912
1065 3732
15 4968
3739 4687
2110 3237
3088 4263
1865 2043
1192 4476
49 4869
2476 2990
640 2191
686 3299
15 4576
1058 2804
1987 3684
549 4483
779 1600
3028 3814
4366 4674
99 4720
2504 4611
3139 4353
22 4916
329 1131
330 4117
1282 4194
177 3912
1434 2182
108 4669
626 1575
385 4990
3623 4000
1392 1549
751 3411
30 4963
150 247
86 4878
382 3555
1398 2711
26 4389
563 3896
693 1885
2210 2554
1216 3499
1598 2009
2348 4571
20 4811
1496 3207
245 4600
31 3474
2491 4255
1531 3184
2522 3173
952 4442
1824 4762
937 3243
40 4970
226 4520
931 4566
8 4777
2415 4903
1148 3175
854 1923
491 4685
81 4874
3292 4093
907 3997
290 4788
1522 3080
603 4086
624 4992
533 1783
1219 2208
2667 3913
1443 1839
2296 3916
11 4819
548 3541
16 4799
179 4720
1523 2470
1461 4383
455 4428
116 3944
197 4487
2968 3683
361 4869
601 2025
226 4996
455 4972
1100 3558
2540 4326
339 4460
3926 4600
3607 4267
256 4188
1140 1663
517 2947
1495 2847
3430 3913
567 4789
423 2904
1485 2128
850 3294
3759 4031
1194 4339
4 4998
1014 2241
623 2336
764 4921
325 4947
104 3629
669 3783
2214 4600
4034 4444
455 3670
698 4367
71 4161
1099 4431
4441 4890
54 2746
74 5000
3344 3620
827 1658
669 4115
1472 4800
3637 4932
1028 3607
275 2950
282 4840
12 4743
830 4959
270 3661
133 4858
1240 3939
2982 4841
5 5000
2703 4976
533 3171
292 4491
130 4241
134 4991
3085 4248
908 2155
758 4964
922 2684
2547 3949
354 4875
409 4858
692 3477
858 4111
2015 4554
982 4259
871 2538
4008 4594
953 4066
409 2695
56 4438
1387 3950
2193 3088
1203 3829
1736 2536
1 2236
404 4632
1207 2142
2842 4414
37 4949
493 554
1948 2013
98 3429
1852 4947
423 2459
300 4446
1136 4807
2345 3324
3494 3586
4618 4990
2294 2541
2536 3679
442 2074
534 4090
2543 3522
277 2206
198 4830
989 4904
1125 4549
1423 1818
86 2669
3230 4093
1994 4200
1484 4462
2135 4536
819 1343
48 2862
453 4916
456 4982
2805 4185
1648 3973
26 4991
1373 3652
867 4964
2595 4959
3192 4849
642 4007
191 978
566 4640
330 4671
407 891
2470 3515
3524 4762
1004 4620
2465 3978
165 3511
18 3566
138 3400
1280 3200
1434 2150
2559 3561
1929 4802
2033 4688
457 4911
1281 2627
679 1663
310 4735
4442 4943
176 1742
424 2764
887 3400
779 2752
380 3344
3097 3115
568 4039
3379 4919
2687 3473
843 2841
981 3887
169 4851
1193 2797
673 4408
1570 2234
480 1778
3579 4265
1186 3725
87 4945
608 3408
452 4565
68 3715
547 4718
3433 4874
3123 3561
770 3080
1289 2816
960 2172
4112 4503
1634 3730
799 4818
38 4979
1696 4326
427 3562
321 2817
1893 2166
2423 3174
2031 4810
936 2631
659 4251
42 1811
407 4152
270 4850
4561 4999
550 3333
219 4180
1571 4056
219 2544
2080 4421
3442 3669
1003 2750
29 4674
1840 4760
34 4215
3956 4223
859 4673
169 4851
872 2071
1151 2962
1839 3359
187 4909
1948 2313
970 4645
1318 4532
4093 4385
3879 4339
410 2410
589 2755
2020 4230
3594 4105
353 4102
1345 3694
4200 4642
124 3861
726 2362
2949 3157
40 2187
1043 2630
2413 4835
307 4463
76 2493
2084 4449
238 4708
895 1981
3046 4234
2089 4201
3093 4939
585 4935
338 4901
490 3935
936 3394
1929 1958
261 4827
227 4278
891 4137
1608 3406
3941 4669
1000 3169
1978 4996
327 3911
2182 3652
1076 4703
267 4835
296 3674
1749 4041
2175 4764
112 3004
1202 1324
1050 3345
2445 4904
862 4544
446 4517
3398 3493
198 4459
866 3976
923 4748
807 4193
739 3651
114 4915
1302 4214
2047 3615
1254 3012
1047 4440
3 5000
1012 1665
1470 1741
252 3505
649 4896
4090 4278
2456 4167
225 2119
524 3486
1964 3259
895 3027
114 4072
72 2553
1671 1710
1737 1775
555 1427
177 1954
2758 3356
342 3730
106 3910
117 4990
1171 1890
2215 3740
272 3942
571 4668
1321 3842
1490 4112
133 3850
1622 3487
3159 3908
4563 4615
356 4334
932 3458
1869 3014
1127 2955
3947 4876
112 4573
544 3285
1180 2062
1585 4530
4091 4244
3063 4153
1463 4137
973 4094
553 1722
2997 4934
356 451
1962 4278
2171 4814
684 4368
627 3897
812 4752
569 4205
520 1311
567 4825
1467 2345
3669 4344
481 3710
2444 4289
903 4799
408 2944
1998 3824
3090 4949
361 4351
526 4629
770 2844
7 4885
49 4814
61 1081
1604 2973
3184 4330
854 3436
322 3368
615 4768
292 4388
3079 3973
2509 4551
1267 2992
438 2959
1476 3788
3242 4196
30 3022
951 4466
749 3423
4232 4962
118 4284
29 3278
1407 2983
209 2841
1440 1972
254 4785
2750 3390
688 4772
1559 1724
2714 4791
343 2018
1197 3830
727 4554
3955 4816
50 4818
848 3829
299 1096
683 3228
1210 3899
2386 2918
826 1217
1936 3701
593 3157
1875 4210
722 3647
1390 2429
210 4801
1064 1736
825 4861
580 2082
967 1437
1871 4191
8 772
1546 2925
458 4947
24 4463
2270 3204
579 3157
1659 4181
26 2691
20 4837
444 3479
390 4290
984 4863
906 3783
1110 4669
914 2455
2923 3295
314 4409
2155 3691
1368 4217
2826 3073
110 4010
505 4082
2023 2891
1557 3267
3027 3377
884 4847
222 4837
967 4707
1931 4591
2322 2519
649 1823
76 4952
2569 4997
2498 2585
1200 2709
1280 2230
3784 4186
116 3608
3227 4082
290 4479
2752 4618
655 2621
1914 3926
2358 4309
754 3397
2275 3126
70 4354
1203 1516
678 2323
424 4948
2176 4896
2044 4546
1339 4423
3312 4245
693 4013
34 4911
1403 2685
1092 4783
2695 2936
1397 4713
781 4725
194 1299
2550 4122
857 4149
598 1201
1170 1354
1387 4962
3914 4930
1414 2820
3705 4673
315 476
113 4767
232 2348
1588 4549
81 3722
1323 4113
1038 4704
137 4684
4144 4983
966 4154
1836 4175
2444 4133
358 3514
3003 3234
40 1988
752 1392
349 2156
91 4482
2277 3262
289 4926
541 3983
244 4748
874 2617
1409 2443
1543 2820
2491 3630
328 3391
28 4858
2263 4164
1126 4505
1690 4985
1742 4352
137 2676
247 4967
236 2174
103 4946
1343 4751
1418 2768
3073 4171
1244 4859
886 1194
169 366
58 4063
3210 4216
674 3960
213 1664
3472 3903
75 4938
457 4231
973 2699
8 4485
1825 2289
1817 3389
407 4647
2768 3642
87 2993
947 4715
1415 3760
390 4817
1153 2108
145 4955
3473 4278
743 2880
935 4459
563 4897
1181 4850
351 2048
445 3429
1339 3030
1982 3854
1775 4891
714 2917
511 4942
816 3992
162 4906
1384 4848
582 4691
4236 4965
694 2941
78 4740
1494 4291
95 4957
2229 4586
1921 4420
11 482
384 4419
361 3951
611 4651
404 3996
949 4659
1304 2155
676 4577
1078 1127
291 4697
1379 4355
999 4084
2043 3619
231 3873
1076 1855
971 4876
119 2376
54 4719
131 4794
180 4954
91 1682
3383 3542
2037 4750
2441 3419
1231 4642
152 4510
1566 4747
7 4713
3520 4828
3154 4979
884 4373
897 4879
2244 2635
268 3388
2442 4819
1113 4529
2900 3807
284 3401
991 4254
2599 3988
1552 4949
546 666
3433 4091
1033 4240
2971 3806
1508 4408
125 4700
1242 1924
331 4109
89 4791
161 4706
104 683
3615 4553
108 4870
319 2637
453 4582
1164 3591
689 4597
2825 2946
148 4489
1543 2679
206 4729
1 4998
2558 2771
507 1408
3866 3909
2483 4943
291 4008
296 4431
77 4482
660 4947
2289 3172
2678 4321
497 4932
1389 3463
370 2176
2703 2875
613 1740
801 1660
292 3597
861 1738
307 2510
3374 4270
786 2325
4 4989
218 4116
2824 4397
1087 1386
865 4503
550 3251
439 4828
170 2965
146 3703
314 4949
385 4990
334 4743
1854 4129
2131 2901
654 2160
1974 2324
3630 4014
1625 2225
243 4708
1 1942
2525 4093
218 4110
746 2704
78 4930
734 4457
925 4812
3613 4102
394 4894
525 2627
4351 4583
298 4383
3547 3980
385 4032
278 4371
371 2062
4336 4352
453 2065
116 4980
708 3184
503 4560
4295 4838
277 1175
2184 3974
1286 2917
2039 3461
1856 4648
1408 2424
2311 4593
481 4513
119 2988
1116 4572
710 4941
566 4837
383 1260
677 2208
2386 3911
3216 3926
1781 3756
41 4933
1443 4953
4154 4522
103 3367
779 4846
2356 4561
501 4507
50 182
1528 4161
2063 4116
7 4954
207 312
436 1864
4504 4797
1320 3527
77 4966
256 3848
262 2787
5 4835
2801 4350
13 2154
1741 4169
2284 3117
991 3100
896 1599
1428 3161
225 3883
1945 3487
1160 2191
1406 4396
854 1829
103 4802
2329 4564
2960 4346
384 4872
2225 2473
201 3644
2575 3280
1786 3128
189 4798
488 3651
83 4567
592 2684
2167 4930
633 2578
4159 4422
524 3070
1350 2008
181 4474
2959 4788
1757 4545
127 4888
183 4959
1773 4527
65 4563
1092 4888
1065 4062
4000 4807
3960 4575
375 3519
1790 2165
3651 3742
24 4783
700 4822
7 937
3330 4733
530 2412
341 586
312 2238
1655 2887
422 2911
1833 3639
1270 2974
1312 2803
1686 2522
4180 4333
292 2437
1052 1199
772 4404
381 3823
61 4866
1147 3987
2880 3078
1066 4601
1505 4146
292 591
925 4026
223 4340
985 2103
1539 4118
406 3941
3518 4452
1987 4805
509 4918
439 2228
1430 3603
411 4609
3574 4618
2915 4676
1582 3705
1516 3110
3614 3881
3219 3222
604 4428
752 4353
1766 3897
3273 4154
146 4944
75 3782
363 4494
1494 1823
234 4970
1751 3468
4117 4875
2990 4333
251 1285
2515 4781
1158 4816
787 3784
2473 2907
1842 4778
399 4827
1962 4840
919 2809
1981 4723
746 1896
690 3743
2479 4100
86 2977
38 3214
551 2168
1982 4162
4870 4944
606 4632
1581 3073
687 2693
47 3566
1415 4271
101 4982
52 4735
936 4194
2291 4874
624 4106
1730 3792
166 4913
4572 4998
928 4170
596 2728
827 1682
2581 4658
62 4920
2956 3401
2872 4125
1926 4799
826 3721
1590 4442
988 3389
419 4825
978 4961
1565 1680
201 4622
2774 2937
38 4998
2441 3621
1556 4322
1339 3800
532 3553
339 4593
1321 3218
2251 4574
452 4737
852 2457
3721 4526
266 3365
1537 4170
2623 4739
1089 2571
85 4970
1314 4402
2190 2568
1586 2638
844 4320
2495 4821
8 2682
416 1922
6 4991
1872 4268
86 4050
3483 4394
140 3543
490 4130
1612 3294
1835 4530
443 4084
65 4757
1160 4880
362 3163
602 1411
3534 4213
2775 3660
764 999
1207 3106
397 4758
2931 4729
191 4892
247 3152
40 4488
2643 3065
1888 4941
95 4738
846 4959
663 3930
926 3399
1849 4077
1629 2948
2649 4899
559 2989
526 4698
525 3924
4206 4442
481 4985
3396 4877
3000 4130
1132 4768
2761 4150
2092 4004
181 892
274 1145
2144 4849
603 4374
1519 1601
821 4373
2261 3064
567 4843
1882 4255
921 1830
42 4806
1821 3019
12 4999
4867 4895
4692 4945
1128 2838
178 4937
62 1147
3411 3672
3430 3906
163 4165
1990 4822
761 4371
1187 4283
811 3022
3074 4649
2800 2869
30 4960
177 2715
1511 3975
106 3750
1405 4853
1238 3391
698 4046
1489 2109
296 4352
3114 4747
478 4911
193 4899
8 4621
2180 4167
1535 3628
533 3196
1663 4014
360 3030
3048 4807
2068 2707
179 3029
1687 1846
412 3565
739 3765
3495 3630
1224 2868
531 1574
394 3209
65 4915
2722 3905
63 4840
2543 5000
298 918
470 737
922 4859
2133 4090
100 4429
881 4974
324 586
2273 4579
328 4874
1386 1424
2731 3726
937 1133
77 4899
206 4555
3814 4399
183 3655
2931 3991
455 1458
435 1600
1792 2682
3795 4414
372 4966
155 3214
2240 4336
837 4448
823 4857
621 1361
1231 3053
1146 4776
2105 2915
308 3801
3646 4869
1989 4205
826 4616
454 2078
434 2967
780 4822
355 721
675 4153
524 4331
2656 2832
483 827
867 4853
1510 3640
94 4871
109 4995
280 4599
94 4820
1224 2076
524 4924
8 3712
542 2368
328 2904
2875 4184
2247 3858
162 4491
2235 3954
460 4818
3924 4696
3989 4243
20 4496
89 3149
193 4906
2250 3571
366 3540
534 4600
4111 4580
269 1994
432 4579
2155 3530
701 4497
15 4950
1277 3896
470 828
155 4718
1631 4186
869 4506
254 4650
1653 3518
3915 4941
1025 3707
2567 3335
505 2462
483 4954
1337 2505
639 4853
1225 3453
231 4939
960 4161
1044 3728
2121 4132
1842 4251
198 4304
260 4549
3305 4751
1878 3645
3220 3722
469 4812
2467 4602
2543 3232
2145 2563
1083 4492
493 3662
3811 4881
364 4888
733 4017
472 3242
1317 4199
208 494
2835 4940
337 4075
231 4885
3224 3950
2084 3837
56 4985
874 4742
896 2025
1249 4957
2220 4256
107 3687
485 3781
140 2085
393 1516
14 4997
176 3512
1728 2460
1913 3844
1378 1901
264 972
2480 3370
1339 2245
2014 2358
1504 4676
1232 1433
1373 3616
1600 3012
33 4760
190 3580
2848 3287
1857 3801
452 2412
1057 1151
2602 4735
1125 4316
1090 4553
237 3792
2209 2707
2633 4193
804 2251
2401 2966
1648 2437
3584 4899
3102 4159
947 3075
2888 3233
2852 4612
3425 4542
2245 4165
481 4586
4665 4740
699 4949
214 4395
265 3555
426 4342
853 3340
394 2326
413 1580
132 4030
3592 4887
2822 3530
1512 4884
4130 4236
1232 4891
721 2623
174 4985
431 4425
2487 3815
612 4007
822 3883
174 1960
287 4355
140 3632
79 4388
1407 2679
2085 4551
1434 4018
1254 3477
716 4602
206 4134
555 4895
3894 4077
2383 3047
698 4390
192 1031
541 4636
638 4991
2089 4105
29 4933
1473 3325
1883 3157
927 1097
2572 4815
1832 2060
1151 4613
3173 3743
429 3912
283 1007
235 4545
73 4851
1073 1475
593 4465
4333 4962
2080 3217
700 1134
892 4299
1612 4500
546 4572
1645 4682
184 4934
1268 3806
2474 4579
1565 4789
2197 2843
970 4231
159 4317
10 4725
151 727
60 4620
638 1480
397 2906
343 4817
5 2931
1403 2146
1157 4718
3349 4511
46 1468
2300 4559
633 4577
3294 3672
492 3972
184 4960
3714 4188
2568 2939
1023 2105
1266 1300
4343 4406
2667 2961
4368 4712
2263 3317
1964 2979
1141 4757
526 3708
2862 2995
1154 3071
167 1907
2440 4880
2841 4288
2614 3511
378 4363
494 1934
1084 4044
1205 2455
2780 4258
2123 3231
358 4653
1447 3644
125 4834
3186 3334
397 3334
4466 4663
1289 1478
2376 3020
38 3091
1226 3964
354 2719
2622 4073
52 4255
1102 4749
724 4987
3433 4608
571 4159
2946 4843
2100 4590
1636 4613
139 4007
2722 4886
51 4494
1047 2610
2225 4808
63 3831
1428 3462
1064 2884
313 4781
1237 4961
347 4333
1947 3706
138 3607
767 4518
2436 3784
114 594
1696 2888
1564 3758
1832 4597
905 2692
2736 4390
171 4479
164 3877
2583 4035
3390 4587
395 1270
994 2143
1241 2391
475 4279
64 4974
1499 4913
405 4387
1877 2113
387 3283
337 983
210 4988
3517 4671
655 4109
578 3535
884 3862
954 3952
1996 3178
2462 3126
154 4937
2069 3670
1653 3560
2105 3101
2209 4148
333 4948
4277 4314
751 4520
19 4956
1973 2592
52 4436
571 4869
2541 4277
1275 3638
2009 4372
395 4679
2052 2365
304 4871
944 4678
26 182
251 947
2123 3743
1191 1906
1697 2442
3198 4416
57 4278
420 981
331 3581
3343 3359
247 3270
98 4138
349 1983
479 4593
460 3690
3664 4633
2626 4979
2569 3162
719 3334
2801 3527
2235 2474
2989 3859
864 4037
146 4075
814 3783
287 4853
476 4944
381 3540
163 4547
1256 2904
550 4955
302 656
3336 4317
914 4312
1962 4840
637 1335
3752 4187
614 4843
1150 1909
2790 4121
1401 3110
270 4000
1012 3710
165 4428
1090 2531
912 4891
1705 4684
28 680
2807 3340
1108 2868
47 4931
1773 4483
1430 4769
608 3144
726 3647
1400 2854
224 4653
29 4272
163 4128
83 3190
3655 4232
84 2229
4889 4918
1267 1782
127 3159
518 4834
1656 4227
387 3709
2646 3525
4010 4409
317 4706
10 4526
930 4665
2332 3762
788 3410
1543 2780
1937 3243
2598 2746
1264 3861
1406 2590
118 3709
317 1683
682 4823
1678 4754
743 2139
721 1864
41 4524
2311 2845
4177 4375
612 4565
368 4973
161 4519
56 4949
429 4947
2275 4820
40 4399
1106 4761
3588 3882
3318 4744
393 3565
760 3934
4118 4293
295 4787
14 4451
3385 4837
174 4849
1304 3187
1173 4058
1660 4827
134 4217
742 2247
135 1796
25 4238
344 4325
660 2804
1983 4071
184 4187
1880 4153
29 4125
167 3124
1740 2589
2951 4377
126 4986
3071 3220
895 3967
386 4570
3391 4955
1400 2961
974 4649
600 2391
3240 4745
472 2699
408 3546
3024 4252
296 4802
1331 4097
1946 4303
135 4425
1415 3705
2297 3231
2060 4444
4297 4914
4020 4628
2154 3498
800 1450
1480 4489
3947 4908
1 4051
689 4961
111 4918
398 3078
1905 4456
383 1875
1282 2017
2396 4594
399 4018
1274 4311
1027 4363
881 4848
972 3733
3252 4128
578 4784
2316 4895
788 1077
1247 3447
1136 4883
778 2895
656 2394
2205 4371
251 355
103 2541
1113 4230
319 4292
2240 3490
1201 2300
4143 4183
3652 4262
180 4987
2233 4783
358 839
494 2614
2274 3807
2797 3462
16 4891
3318 4701
1850 2281
3340 3438
62 4547
281 4672
1668 1833
16 4973
1025 4278
1381 4880
2501 3337
96 4193
19 4834
276 4883
2314 4842
3342 3862
79 4953
1179 2811
332 1882
2940 3155
68 3650
218 3336
1458 4947
102 3564
1093 3780
1097 3787
1519 4451
831 4112
519 3107
1009 4914
932 4876
1774 2244
784 2841
1472 2061
80 2860
276 837
41 3527
433 1159
1822 4877
595 3957
3668 3944
2641 3328
164 4663
950 2153
1147 4081
2342 3027
2006 4427
2812 4001
402 4671
428 4628
2838 3943
29 4962
554 4798
265 4296
178 493
4086 4136
1692 2692
126 1828
2667 3934
2580 3642
2692 2958
257 3838
15 4400
3303 4649
36 4777
252 4734
633 4898
1011 1588
470 4598
924 2278
475 2624
141 4590
658 3301
1433 4598
887 3742
2053 4218
1078 2947
1110 4672
1988 4658
2967 3284
3486 4777
357 4244
66 4030
336 4632
971 3136
36 1295
670 4212
3946 4852
396 2733
380 3335
1227 4367
120 4532
2041 3538
240 4425
7 1798
26 4932
35 4992
392 1109
4044 4940
758 2670
1492 4622
1808 2313
1578 1933
3156 4831
2530 4523
240 2258
221 3359
874 2369
2265 4985
148 4619
215 4833
18 4718
439 4636
1221 4026
2 4972
1139 4024
452 2667
1367 2024
1852 2229
62 441
1356 4880
121 1772
133 4936
413 640
211 3002
1779 4126
1111 4984
34 921
214 4880
451 1595
2427 4598
1977 3691
777 4001
357 2595
107 390
1913 4671
3441 4057
1257 2665
32 3905
173 229
1213 2868
3212 3416
428 3636
1119 3005
1289 1986
674 3303
93 3222
359 2099
442 3225
1474 4641
1546 4775
4 4310
149 4672
2212 2929
3023 4416
1840 2247
3321 4284
2041 3880
2901 4943
633 3604
2504 2584
968 3206
218 3178
253 3920
545 783
2624 2996
2854 2955
972 4702
424 3732
534 4867
515 1960
3770 4746
3517 3561
3237 3396
1549 4247
421 2463
1725 4261
492 4131
918 4535
309 2225
4656 4825
132 1801
2357 4961
889 1508
491 790
2185 4186
815 4932
2446 4756
704 2373
83 4798
577 4005
335 2321
3004 3914
3256 4994
15 4995
42 4133
74 4828
503 2852
1 4959
3678 4344
1695 2513
239 4017
364 2868
523 4300
694 4955
10 4797
702 4334
2680 3705
68 4911
30 3457
618 4373
224 3860
534 2716
70 4736
3627 4026
1610 3880
3915 4678
1985 4271
625 2470
2021 2686
797 1225
1018 3595
697 3608
342 2209
1772 2496
4228 4629
1220 4802
781 3108
1007 4937
616 3141
33 4986
1930 2380
800 4552
1207 3148
118 4782
1137 4955
239 4439
289 3374
453 4242
2113 3948
196 2428
1222 4321
266 2647
1732 3483
16 4643
334 2935
1191 3418
1391 3538
1204 4340
4344 4747
1549 3614
724 4054
70 4920
2193 4676
3765 4558
1559 4748
2482 3827
509 3471
743 4324
1401 3349
1270 4930
3061 3079
4 4562
281 1553
2050 2595
1089 4645
1849 4334
925 2059
1646 3748
90 2802
821 3517
549 4834
908 4619
1263 4667
1711 4885
230 4521
1509 2187
111 4916
607 3735
592 4253
847 973
1172 4304
631 4756
599 3327
64 3065
1777 2947
43 4742
328 4863
289 4775
3986 4346
59 4928
452 594
1608 3783
306 4794
81 4629
508 4612
1714 2609
1291 3298
13 4659
3772 4856
1405 2950
2255 3993
1624 3826
29 4886
1703 4886
2647 3949
984 4755
439 4328
50 4685
271 4152
190 3096
943 4900
877 4363
3294 4226
1923 4281
2056 4777
1001 3751
538 4452
3828 4243
2874 3754
752 1805
892 1808
1354 4048
989 1998
2013 2474
2745 3388
1336 4608
931 4511
1640 4061
2524 3401
4310 4851
993 4316
484 4571
37 4954
1753 1883
37 4772
2571 4901
300 4218
646 4448
67 4923
3252 4908
416 4559
2200 3803
870 4861
1070 4533
578 1464
2327 4827
1563 3863
1494 4974
1871 1920
60 3608
123 2432
439 3018
629 3923
1401 4608
301 3352
4210 4512
1218 4318
2715 4865
1937 3802
133 4513
2622 3540
1836 4547
522 4684
391 4879
899 4335
803 2782
1865 3113
2366 4932
17 4189
3044 4624
143 4916
2172 3670
221 1085
2001 4180
2096 3753
119 3875
3240 3676
309 4103
170 3313
1143 2194
2706 4731
822 4738
330 3309
306 962
865 4593
116 4869
1170 2143
56 4834
1539 4825
561 4793
2450 2498
1645 4464
467 2201
701 2066
73 1572
1006 4828
500 4822
755 4192
138 3577
2431 4238
16 3519
1071 4474
3296 3931
324 4840
1972 3653
416 1577
1217 3411
1021 3134
191 4918
2953 4406
16 4008
4590 4765
15 4795
2237 2246
506 3920
12 4046
428 2493
1295 4307
1055 4053
2336 4362
76 3772
2648 3719
151 2297
2251 3317
748 3460
3687 4435
800 3578
243 4113
201 636
3600 4948
369 4997
3966 4980
2273 3248
2320 4774
435 3211
2424 4215
349 4149
886 4051
95 2316
415 2564
148 4349
1429 3492
1601 3194
591 3843
1041 1366
1562 4683
2886 3437
4254 4546
92 3162
178 4891
1249 4288
4089 4601
2091 2669
568 4873
130 2403
1609 3570
43 3334
531 2207
2445 4641
702 4853
1466 4941
525 3936
839 3953
1032 4179
2051 4286
33 4988
1246 3866
1337 4293
78 2609
952 4282
2139 3824
92 4886
1313 4014
174 2759
802 4096
1677 4187
546 2741
2225 4907
431 4369
2019 4094
222 1487
1884 4618
1418 4800
208 4952
1334 4599
1731 1844
3266 4840
2593 4369
1335 4590
72 897
2583 4812
768 4285
116 4882
616 3754
299 3031
778 4869
1971 4221
1700 3416
4043 4513
577 2771
1028 4234
525 4861
1044 3800
499 4794
3812 4827
1621 4726
151 4732
1291 1773
1153 4545
1206 4490
421 3893
3025 3705
2261 4992
1015 2382
1905 4456
2184 3724
229 3816
591 4676
219 4883
2303 3888
1101 2488
376 2860
4421 4807
461 1438
1057 3670
727 4480
259 3514
138 4403
3634 4313
1889 2729
564 4483
1371 4414
11 4142
126 4148
1025 3780
1371 2255
2984 3904
6 5000
1138 2195
544 738
319 4344
688 3952
405 1882
402 4932
98 4859
705 4308
1452 3669
72 4569
2455 4765
2 3385
203 1090
2196 4243
53 4894
809 3938
890 4827
23 4563
3960 4427
635 2503
699 1666
594 3594
1444 2648
656 2059
357 4580
3553 3758
2212 2847
1769 3616
552 4111
1317 3117
95 4919
657 2463
355 4397
4086 4779
1642 4990
123 4872
400 4868
1701 4815
2804 4406
1128 4918
1673 4022
48 4717
593 2025
40 4956
22 4536
919 1514
155 3573
1 4996
1694 3184
718 1908
383 4511
1091 2011
1046 3294
1684 4053
541 2885
3306 4679
792 4133
1243 3368
403 4476
396 4834
1563 4321
1184 3144
263 4331
1661 2748
2874 4886
44 4353
41 4936
5 1024
3398 4370
342 4722
434 3324
1574 3496
264 4092
1463 4155
397 3550
254 4430
1096 3320
1347 3534
1519 4478
705 4648
3191 3967
308 3724
39 3715
57 4645
193 4579
1371 2719
2082 3767
443 4622
2090 3371
41 4986
1401 3596
2376 3768
565 3440
817 4956
1082 4838
683 4685
1009 3216
1788 2997
231 4542
446 3858
249 2404
238 4976
122 1210
1211 4820
398 1946
25 4529
1339 1920
4431 4780
694 2007
1240 4783
2856 4707
1955 4686
1421 4714
3191 3551
131 3844
325 788
861 3199
307 2068
287 4755
2419 4698
2991 3582
398 2562
2074 2393
206 2324
979 4783
3505 4756
87 4878
557 4092
636 3522
248 3988
2851 4521
555 3307
497 4554
668 4083
2492 3543
671 4937
240 3342
1708 3713
169 2255
447 1568
2085 4161
2061 3067
4906 4914
527 4930
69 3208
1585 2834
625 4860
3 4631
1162 4858
614 4494
946 4902
973 2277
638 3769
2585 3602
1302 1432
728 3872
904 1987
2330 3139
1614 1866
2814 4571
3196 3199
1212 1738
644 4814
717 1837
765 2120
3331 3425
3669 4860
1734 4485
325 3153
1469 3543
1743 1842
61 4915
3327 3519
32 525
2076 3148
137 4830
1657 3483
325 4107
756 3581
383 4391
331 4632
4563 4689
389 2975
575 2200
143 4504
256 2738
2429 3124
1543 4583
1039 4287
1734 3840
603 1406
1333 2323
2092 4406
1384 2635
1935 2041
3153 4529
1060 4382
514 2689
336 4471
2985 4606
367 488
141 4396
406 4785
2669 4347
75 3816
1607 4340
4279 4304
172 3015
3981 4101
4722 4785
607 3229
1814 2993
758 3198
1193 2567
3108 4237
742 4141
179 4130
1420 4061
2047 3393
52 2557
3183 4396
1721 3314
1356 4649
1264 2793
288 4923
674 3914
150 4153
19 4817
1400 1538
167 4951
2214 4657
2385 3391
4 4831
409 1791
1275 4954
3671 4910
4470 4937
323 1516
718 4426
4434 4636
1395 4215
85 4522
320 1520
146 2971
359 3004
451 3295
1994 3916
384 4639
95 4501
1573 2685
869 3615
2288 4615
3869 4587
170 782
856 3034
404 4863
1638 3459
1888 3947
2112 3868
4150 4179
933 4987
417 1657
163 4484
3544 3769
566 2320
1600 4186
2648 4717
3061 3696
178 3432
3468 3900
993 3750
145 3099
308 4464
53 4720
91 1245
1130 1540
1944 3646
177 4050
188 1459
277 1349
930 3917
234 4279
652 4589
2424 3630
415 4603
3800 3823
1449 2071
201 4990
377 748
274 4827
312 4215
764 4446
1811 3913
78 4976
1554 4614
1647 3363
218 3600
3179 4009
752 4571
51 4604
272 3177
300 4859
669 1625
947 2497
212 1699
712 4740
1437 4452
642 1577
409 3811
2433 2543
164 3465
893 3206
3233 3315
1171 4994
775 4724
1487 4584
1307 4101
358 4998
1 4836
1261 4023
2328 4964
1175 1961
47 3624
153 3279
1551 2671
499 2107
278 1035
135 4654
1031 1698
363 3803
4154 4411
777 3162
193 4313
436 1697
2615 4607
1640 2007
514 4269
393 4338
1630 3722
496 3895
1056 1178
892 4680
424 3923
525 1555
2910 3966
851 4637
673 2958
467 3763
183 2881
2810 2869
301 4923
578 1172
637 3711
1815 2861
1698 3693
520 2633
1225 4571
2385 4814
2909 4624
746 4079
1964 2823
1246 4274
619 4995
1636 3610
1080 3603
3129 3863
621 2456
2758 4925
2288 4908
1305 2918
2 4956
745 3874
1205 4672
778 4118
1461 4506
521 4327
1034 3709
2062 4384
34 4923
157 697
155 4734
1297 4685
1888 4829
4288 4306
2234 4767
1724 3071
1034 4993
255 4164
1999 2721
2136 4360
671 1286
368 3086
605 4953
2719 3149
1092 4508
2342 2677
42 4985
1698 4946
1703 4599
2619 3768
2604 2672
2955 3761
39 4426
263 1885
1300 2208
810 4194
1141 4374
55 3568
105 4862
173 2367
1865 4255
742 4040
500 3335
1763 4679
997 3142
2793 4685
1958 4959
1658 4835
474 4574
344 4194
2638 2740
2989 4675
1010 1123
1007 3576
346 2815
364 3574
113 4955
1142 2810
16 3388
289 1921
2564 3735
505 3026
1174 2672
18 4780
2052 3989
1971 4186
1013 3370
983 1454
16 4950
1646 3862
303 518
199 4852
295 4799
149 4881
4130 4540
367 4633
31 4956
1289 3585
1143 4765
4693 4696
2260 3307
755 4995
1045 3951
630 4502
2010 2509
376 2009
2050 2416
1798 4481
3101 3197
711 3587
4104 4856
3865 4607
131 4648
575 4204
97 4203
2371 4942
1956 3756
1835 4791
446 3151
452 1349
1697 3431
4469 4657
895 4357
3557 4893
1241 2750
51 4940
76 4440
55 4562
837 4860
179 4945
3218 4687
1611 4600
380 3242
2907 4233
2723 4835
1052 3725
649 1588
1438 4125
638 3199
1537 2706
1061 4053
2172 3666
489 2503
1012 4435
1538 2683
1427 4980
2168 3883
759 2070
1676 3247
1110 1309
587 924
108 4784
2279 2786
273 3566
15 3734
1264 2039
1960 2943
2050 4760
934 3638
1524 4295
734 3984
2719 4686
995 4941
587 4731
2230 4208
3615 4134
1872 3766
765 2732
584 1420
550 3851
1885 1919
1158 2928
854 3986
208 4627
1425 3996
2405 3843
773 4461
2428 4078
1725 4429
215 3375
1651 4274
708 2728
406 4806
1332 4900
1288 1462
2565 3831
1132 1698
408 3932
1567 4567
656 4819
1147 4118
2424 2592
354 1512
1638 3552
909 2916
1042 4193
1691 4478
33 4267
959 3814
2637 3163
2652 3939
2554 4291
899 4041
1152 4522
2037 3947
3402 4637
6 4875
401 4128
167 4110
360 3464
89 4859
1339 3253
3109 4847
1233 2471
100 4308
977 4807
184 4946
2164 3787
273 4748
1257 2937
1123 2213
2170 3827
832 4115
137 4821
2149 4398
5 4259
1321 4450
1532 4218
676 4651
1032 1267
40 4829
2482 3683
757 3031
205 4769
30 2821
495 4176
1508 4968
4453 4628
123 4645
1222 2712
2829 4428
1902 4640
537 4915
243 4633
2248 3163
1201 3798
2220 4938
3805 4458
1285 2885
508 4240
1915 3393
761 2547
2821 4895
1533 2856
80 4483
203 4907
950 2437
107 3652
2183 4116
3171 3485
845 3736
373 3211
143 4987
212 4928
438 3510
757 4541
423 4580
332 1772
2144 4312
61 2332
257 4862
827 3168
2298 5000
2522 3442
480 4698
1155 3468
2588 3262
4592 4989
189 4836
1865 3457
2163 3109
2631 3980
1812 3660
78 4975
690 1931
1087 4989
2266 4617
2262 3557
236 4168
1473 2940
402 4216
177 278
1349 4045
888 4891
658 4004
838 4927
1390 3658
901 4788
132 4891
2218 4732
1893 2731
1990 4937
1488 2903
6 3954
1394 3083
496 4956
500 1854
293 1482
2342 4159
1706 1975
3154 4776
2221 4395
3863 4553
2058 2945
2368 3591
117 4556
1540 4140
254 4878
598 4540
2322 2475
794 4500
378 4024
1252 2301
1037 3054
65 4865
196 2839
15 4961
1905 4819
2886 4890
708 4762
1445 4868
341 1879
4023 4949
3225 4714
540 1075
1911 3218
28 4104
1686 4572
366 4106
3488 3607
402 4267
1035 4907
924 4118
558 2429
1627 3792
33 4908
3188 4449
946 4873
1511 2103
2 4901
1868 4969
325 4176
3875 4436
2540 4163
2898 3590
75 4704
534 2065
100 4878
718 3750
1445 3744
152 4252
555 4870
1454 4840
679 4077
576 1890
305 4109
354 3390
1076 4738
1601 4805
4184 4481
514 4550
3659 4288
836 3845
934 4420
1663 4914
988 1209
881 2837
222 4537
857 2839
211 2195
4234 4356
829 1563
1429 3475
1756 4851
549 4685
1050 4415
665 2668
180 1410
128 4857
404 4701
776 3666
25 4392
814 3272
207 763
2975 4466
662 3495
307 4971
708 3630
850 4316
182 4756
2502 3639
382 1773
154 4385
2234 3263
2245 3914
2522 4943
701 4392
1390 4071
1354 4530
239 4716
4 4642
2739 3536
1775 4584
3191 4482
1035 2025
2633 4761
697 1695
1840 4498
12 4999
2214 4733
148 4880
4133 4923
838 2473
1597 3221
2171 2962
3599 3824
1096 3037
817 3281
2226 2873
19 4992
1067 3436
82 4304
2128 2648
478 4578
228 4596
1025 4547
919 4332
423 3990
658 3558
1028 1807
1172 2062
13 4779
2925 4752
2212 2363
44 4195
95 2944
400 2152
389 3793
329 4301
501 2646
3359 3639
722 4747
180 4918
1415 1672
317 4628
279 4584
1158 2819
2865 3045
2243 2653
2132 4115
3420 4039
1120 4966
203 4051
615 4577
1952 4853
1757 2092
4444 4957
55 4961
236 4937
482 3824
907 2658
7 4951
770 3371
3150 3303
470 3223
4159 4857
759 3863
1768 2589
1300 4854
1417 3361
2646 3137
13 4935
3325 4493
1245 3958
1249 2804
3214 3531
1742 2884
217 2037
704 1229
981 4315
560 4700
1082 2444
25 4845
3237 3832
252 4966
495 4379
1720 3240
646 4939
441 3515
2255 2538
844 920
1120 3439
2352 4424
1184 2253
2475 2930
3059 3825
2293 4896
573 4373
2451 3824
1890 3441
943 4926
72 2021
680 4874
924 1944
2073 2162
84 4280
705 4449
39 3643
456 4870
4061 4514
208 2943
2667 3464
1255 3569
761 4367
2042 3901
149 1837
22 4903
1430 2650
1908 3104
1146 4329
3301 3791
3707 4736
1097 4963
2003 2585
466 4656
155 1149
1220 3266
525 3337
25 3810
1717 3726
2 4963
2791 2849
2456 4360
11 4492
113 4764
2437 4448
2747 4051
3506 3941
1186 3040
245 4766
91 4056
2269 4334
73 4011
1834 2194
46 4400
2928 3017
816 2898
217 4604
1347 4836
159 3702
1115 4290
29 4378
2587 3169
2453 3614
849 4895
815 4184
4040 4430
231 4337
19 4161
1551 3150
84 3490
814 3917
29 1177
986 3360
1222 1876
855 2975
3297 4049
144 899
1935 4539
401 4839
13 4670
2202 4386
78 4934
686 1611
57 2436
2523 3142
2651 4969
996 4515
1175 2783
1016 4367
1208 1324
2263 4629
286 1670
1337 2513
1436 4594
12 3822
1357 4425
2396 4708
3283 3483
829 2405
992 4954
1596 4140
624 912
53 4592
1609 3905
1514 3215
388 2187
2309 4318
81 2705
754 3560
159 4956
244 2530
