4999 5000
230 4887
1221 4803
24 3508
237 4120
161 2064
26 4780
2123 4773
412 2754
546 3812
2485 3184
971 2829
308 3849
1622 4117
1230 1477
4637 4962
37 4705
1214 4406
2929 3190
437 2889
1580 4566
201 2960
1470 4429
4367 4465
169 4757
1707 3152
1721 3299
4730 4808
105 3643
2552 3632
316 328
1818 4368
134 2358
1321 4318
4173 4177
1873 4237
2793 4636
122 3457
751 4923
1780 3722
1950 2800
85 2824
37 4878
3662 3695
369 3586
489 4462
100 4474
142 244
7 3722
1591 4024
1214 4181
3698 3766
36 4124
2959 3349
534 4183
2396 3616
669 2021
92 4541
1658 3360
429 2989
2489 3662
349 4738
1948 2341
1822 3770
636 2010
2126 2771
3859 4652
3667 4603
3168 3606
276 3321
568 4208
135 1867
1344 4306
1734 4984
2100 4921
130 4914
3003 4231
4219 4963
2318 2599
3371 4644
634 4851
2092 3083
3725 3770
174 3753
605 3297
379 2468
935 1409
195 3934
3700 4854
1584 4132
4623 4894
64 4925
994 4060
1046 3174
1554 2100
1924 2066
2510 3888
367 4825
581 2447
764 2715
495 4857
592 4890
693 3299
16 4713
872 4203
293 4812
263 4962
4257 4426
1512 4830
354 3539
1919 3747
17 4755
2695 4781
987 4625
3089 3651
572 2360
416 2623
450 2433
2384 3576
477 4421
856 4747
1419 4802
1727 4990
169 4637
4390 4952
61 733
1262 3373
3540 4895
466 3142
855 2528
2212 3094
674 4441
2548 2755
109 4802
74 4600
1618 2425
1267 3681
78 4656
2 3618
2439 4006
1785 4873
585 4975
1951 4456
1007 1428
1817 4534
708 4267
955 3048
638 4708
355 1496
2624 3397
2774 4725
2344 4263
1486 4704
2617 4655
29 4193
1618 3005
498 724
2791 4670
368 3610
996 2587
2659 3204
587 1124
432 1542
2049 4894
40 4751
1090 4475
3805 4932
3266 4633
1048 1762
1592 4690
1643 4575
1143 3103
991 3488
3465 4692
543 4455
2224 2797
2239 3427
1140 4847
238 2758
1852 2867
1917 4361
767 4682
909 3522
3553 4995
2828 3119
659 4449
44 3025
1264 4841
3016 3640
162 2732
2293 4838
3031 4960
103 4988
1442 4900
35 4659
2517 4293
648 3909
227 4434
1398 4924
500 4628
1386 4828
662 4774
641 3388
3884 4879
1798 4805
579 4707
859 1376
1649 4938
513 3697
728 2192
589 3916
401 3474
2025 2100
3039 3393
554 3168
1636 3600
1851 4577
70 4993
3317 3630
369 4775
674 1670
683 4214
7 4994
1860 4844
2919 4728
2574 4772
1822 3359
212 4837
2057 4924
1714 3070
724 1547
1290 2773
149 4944
1073 4796
16 4966
138 4180
1255 4425
2591 2641
124 3457
328 3886
1782 3387
1191 3979
1643 4986
3036 4697
340 4855
1083 3538
3917 4939
658 3877
2084 3440
183 4558
329 4087
3081 4516
2781 3736
2474 3969
525 4935
2590 4316
1404 3193
1477 2299
206 259
2652 4756
72 2784
3578 4558
3354 4980
608 4848
833 3195
198 1203
738 1047
29 4471
2731 3627
52 4380
2777 3950
223 4880
2035 2175
163 3165
376 4222
831 3181
427 2156
154 4924
1544 3518
229 4833
2932 4014
1149 3899
284 4521
773 3610
252 4688
11 4783
76 4621
2347 4100
748 1046
881 3579
335 2506
71 1631
3791 4751
1252 4300
857 4413
31 4960
2065 4438
406 682
1703 2739
1936 4455
628 4394
1902 4332
448 4901
2372 3233
1048 3738
2644 4951
607 4866
258 3957
812 4347
2993 3284
3872 4568
1365 2579
453 4775
1166 4133
460 3776
3102 3704
1813 4021
2565 3958
1509 2872
582 3880
10 4753
556 2159
539 4961
2087 4623
1924 3063
496 2300
1326 3720
1019 3129
465 3740
21 4708
316 778
621 4611
37 4016
1633 2425
185 4969
937 4449
1646 4473
706 4779
2618 3274
780 4681
892 4641
2977 3344
658 4324
470 4697
93 4721
1996 4434
271 2069
551 4301
619 4537
1516 2753
3396 4072
1329 4790
624 4877
1000 1841
1330 4499
913 4044
1776 2628
698 4642
1097 3926
4410 4845
1896 3029
1470 3312
821 1861
3260 3694
992 3416
2484 2606
470 4614
691 2376
375 4792
1595 4124
909 3166
977 1558
876 4288
889 4316
1850 2230
1628 4760
1038 4852
3534 3808
894 2322
132 1662
188 528
1266 3928
1773 4775
161 4479
1730 4038
554 3905
258 4552
2821 3298
1413 2508
4036 4688
488 1413
2347 3337
62 4983
630 4080
626 4899
101 3240
1142 4483
181 4639
343 3706
195 4282
1608 4279
53 4635
3319 4147
4331 4335
438 2093
3147 4485
175 4424
3743 4868
871 4492
4360 4497
821 2900
651 1969
4440 4783
57 3955
443 3592
1579 4631
3213 4769
1377 4007
359 4620
1721 2764
1836 3409
1597 3307
670 4808
51 4748
665 703
1275 3075
2166 2975
11 4702
1323 3854
2660 3525
641 2228
155 4890
1080 4126
597 4917
1715 2063
1064 4820
1650 1856
165 176
1399 4860
362 4627
3801 4170
1941 4331
708 2268
147 4294
1639 4943
1622 4744
2299 4771
2541 4782
1756 2452
436 3702
263 4191
126 4977
389 4208
808 4442
10 4989
3757 4593
2987 4155
176 1810
1883 4031
106 4787
210 4973
732 4847
2226 4392
1363 2015
95 4990
2376 3994
756 4127
1203 4409
2192 4374
876 4621
13 4969
2683 3688
791 4745
667 4861
930 4210
4246 4828
1542 4270
402 3472
2438 2560
2344 4491
2268 2495
791 4469
34 4979
1345 4289
51 4993
3711 3833
2968 4674
2554 3708
480 3993
101 2567
274 3650
295 4675
197 679
45 4835
1292 4966
45 1107
274 4474
910 4754
232 3605
377 4761
139 4490
220 4836
1766 4460
2643 2843
82 4847
1037 3831
423 4905
1970 3325
290 4841
3315 3988
53 4992
4761 4790
4059 4158
1199 3828
3384 4998
1037 4004
3711 3734
4073 4980
1008 3884
2093 3375
3276 4608
3377 4254
82 4443
3114 3297
2221 4082
3039 3437
486 1477
555 4076
81 4661
2409 2918
1822 2666
1986 2871
2211 4267
3955 4466
99 2762
1451 2210
1104 3034
2254 3624
1689 4609
250 435
3405 4422
1205 2089
158 1797
1101 4372
2341 2894
1111 1415
3672 4419
2492 4797
735 3329
341 4384
2315 3427
151 3953
2808 4550
707 4031
2384 3843
1275 4857
1213 1573
65 2395
143 4736
38 351
10 1922
1853 2195
1148 2253
508 3837
2189 3235
20 3721
534 1822
2122 4400
1611 3019
866 3867
1732 1995
3107 4573
646 3199
2696 4769
26 3010
655 4091
51 4526
156 896
2310 2364
1192 2151
2983 4108
3329 4376
244 688
1717 4932
151 4496
2582 4666
3813 3871
2058 3804
1011 3910
860 3111
239 4703
1668 4784
510 2951
1167 3875
30 4954
312 4041
1414 3152
135 4971
305 706
614 2668
2646 4477
2144 2424
387 4724
1518 3872
4440 4811
517 2043
811 4603
63 4944
3821 4586
1761 2452
1868 2908
49 4398
187 826
2085 3649
555 4292
3749 4638
397 4874
1287 4882
1178 4562
53 4218
23 3347
2345 2663
1368 4249
2367 2991
291 1837
2776 3863
166 3715
36 4920
393 3972
1545 3032
524 4730
2029 3352
3084 3183
2423 3425
479 4630
1046 3686
680 4920
4101 4859
2120 2533
432 3883
386 1924
815 3256
689 3107
2647 3907
697 3454
3696 4614
406 4740
1282 4367
290 1510
61 4745
1062 4227
2399 3799
528 3951
44 4337
1254 1914
486 1393
3750 3835
787 2926
991 1813
2553 4570
448 3309
653 3394
1627 1932
249 4731
2686 3260
1458 2532
558 4607
1814 4302
24 4759
2416 3073
2704 4308
736 1688
2309 3107
13 4584
29 4930
4357 4407
1222 2437
1012 4498
478 3082
956 3554
1302 3540
1174 4680
368 407
123 3198
2584 4436
582 2538
1238 3081
227 4813
3327 4274
3829 4439
571 3175
994 2191
128 3982
3007 4992
2317 3522
1368 4285
534 4749
1354 3609
1578 2118
1448 3692
2572 3813
4283 4542
121 4540
3841 4515
1457 4414
1667 3287
3495 4839
433 4254
53 2055
2572 4033
1035 2111
3473 4809
3236 4521
764 3019
776 1771
164 4800
327 4919
1640 4667
1293 4398
118 996
1687 3842
2254 4905
1569 2014
241 4056
1005 3040
2804 4740
1243 4771
1510 2029
3584 4920
2601 2793
1243 1347
270 4994
1739 4507
2971 3513
1818 3262
419 1825
194 688
933 1498
1417 4725
217 1254
89 1185
178 4803
3157 3951
261 4171
1896 3523
4430 4762
824 2331
395 2443
1491 4897
2 4039
110 4767
2359 4039
4387 4684
1349 2860
2105 2725
1693 4074
2768 4254
388 3299
2060 3715
3889 4883
1195 4627
146 4937
5 4861
2707 4541
1741 4691
2302 4905
3140 4654
66 4471
1310 4354
1115 3649
14 4934
177 4783
1758 3382
330 4576
2498 3611
2574 4814
2214 2504
1512 3329
2843 4095
994 3446
4070 4248
489 2733
68 4806
798 2434
369 3882
889 3961
333 4591
1220 4497
528 1753
745 4426
87 4543
567 4180
2774 4312
125 4429
2424 4475
457 2916
4782 4806
478 1077
500 3819
53 2907
785 4324
418 3770
3919 4122
565 3057
248 4853
901 3687
1873 3688
13 1925
3975 4863
3239 4493
446 1549
3339 3908
415 3726
324 1757
3772 3885
1590 4170
3562 3621
678 4700
117 2822
16 4977
707 4619
1740 4179
1526 4490
416 2653
2068 4926
1060 2469
860 3896
1356 4838
2599 4049
431 3888
1823 2197
1321 4933
1760 2957
595 4460
77 1334
437 2695
2937 3503
62 4901
292 4908
720 923
1174 3293
466 4290
3561 4939
3893 4603
2420 4926
861 3039
1690 2272
351 2024
263 4365
35 4620
567 2567
433 2577
1620 3920
1627 2622
106 3602
1016 4873
183 3360
85 4909
497 3592
649 4808
1434 3940
482 2078
2155 2522
1965 3342
24 4925
1361 2288
568 4508
1401 4941
586 2709
18 4960
2648 4412
953 3921
228 3683
5 4966
2540 4859
760 864
1376 2431
1539 4307
722 1860
1073 3134
94 4239
87 4701
346 4150
21 4491
198 3846
1432 4211
295 4217
429 4793
3473 4930
886 977
15 4928
153 3706
43 3948
227 3681
572 4802
1422 4659
424 1677
562 4882
185 4943
1443 2083
355 978
741 2230
482 767
3072 4800
746 3870
77 4888
1054 4053
1510 2297
26 4737
92 4590
857 3785
1876 2469
1572 3298
590 4531
137 3252
1716 3370
941 2017
750 4894
804 4019
478 4819
869 2383
4342 4830
2526 4089
2446 4680
3323 4807
1897 4318
1579 3068
960 4778
21 4352
69 3020
1204 4803
464 4297
2149 3634
2713 3927
2555 4021
2456 2550
3299 4531
3380 3851
269 4363
510 1260
2149 3919
2818 3890
189 4940
2200 3210
10 4203
669 2734
54 4794
1326 3780
1359 4424
1055 4694
2292 2516
24 1078
1047 3407
3128 4439
211 4946
261 4649
2822 4994
469 4634
688 4926
136 4375
1290 3252
260 4730
4724 4948
375 4165
1655 2996
272 4103
3031 4776
212 4939
1576 3889
84 4799
11 2747
1275 3904
1823 3834
1075 4144
603 2359
234 2902
880 1983
633 3411
823 3073
3110 4739
631 4325
3483 4266
1465 4884
1716 4530
2677 4264
1333 4122
2062 4711
1828 3783
2560 2650
1962 4561
3621 4509
2372 3712
1595 4567
308 4416
3708 4981
566 3963
382 3182
537 3294
2204 4118
174 4620
1395 1798
318 4035
2374 3515
1139 2440
263 4999
4161 4213
2121 2694
3100 4121
1113 1582
202 701
2296 4748
4202 4593
1434 3365
1 4683
1550 1778
692 3034
137 4429
494 3532
5 3892
2827 3347
1336 3212
2249 2853
662 4953
1416 2146
194 2258
2823 4740
2716 4693
3290 4584
869 3154
687 1547
568 4959
28 4989
257 4607
1840 4813
1999 2789
205 4020
1215 4424
28 4962
110 2908
76 4762
2139 4412
27 4838
1200 3498
474 2931
3987 4792
309 2907
2118 3119
768 3104
2535 4884
319 4796
323 4191
903 1083
783 1886
774 3896
1083 4928
407 859
15 186
2794 4380
831 4283
1655 1892
1284 3070
238 3432
1980 2726
324 4805
605 4994
3681 4460
664 4870
824 2070
2386 4512
441 4931
325 4849
65 4759
109 2887
922 4076
2614 4663
1411 4198
433 4072
394 4816
1247 3253
596 3286
126 4911
1011 3106
342 4117
925 3450
2784 3393
435 4780
2281 4512
239 3918
54 3099
480 1705
2928 4351
1766 4399
1454 1846
527 4821
761 4996
4036 4747
2511 3311
1937 4617
2861 4159
2677 4834
438 4592
356 2197
1969 2683
8 4975
316 4811
119 4656
1728 4354
63 4983
815 4337
1614 3894
43 4740
720 4964
1322 4145
985 4447
480 4539
2073 3398
1681 4710
145 1326
2341 3568
629 4731
3622 4741
97 2078
480 4553
1497 2797
249 3024
1437 2353
550 893
2553 4619
7 3036
636 4733
3132 4022
732 4911
327 3023
379 2419
92 4974
309 3915
208 4666
132 4820
2140 2789
95 4844
614 4735
1661 2480
2324 4442
542 2675
4 4876
919 2869
1562 2797
328 4435
57 788
4 4451
244 4958
1465 4256
2708 4563
2037 2960
1205 3859
265 3510
1771 3423
659 4811
3120 3735
1478 2155
1829 4183
764 3999
1244 4425
2629 4981
128 4756
2214 3551
3 4871
152 1999
2075 4201
840 4347
2635 3407
13 3074
2783 3204
689 1059
2079 2957
298 4959
1498 2518
21 4997
1625 4963
1642 2253
2327 2829
2880 3111
126 4179
234 4910
49 4976
3800 4890
2953 4377
1577 3649
1736 3370
1612 4293
2481 3047
2774 3476
1411 3897
730 4664
1279 3610
1526 3085
69 4412
3141 3268
2056 4895
1275 3794
1904 2071
2865 4984
83 1033
204 4260
27 3432
42 4933
1692 3676
135 1772
1141 3470
93 4176
705 2760
3078 4964
418 3284
1080 4922
1252 3162
3 4882
3087 4126
255 2130
213 3025
2529 3367
1201 3300
577 1722
495 2540
40 4921
155 2086
3390 3618
1878 2543
514 4011
367 1951
975 2789
2106 4332
3112 3912
2668 4541
446 569
202 782
1368 4121
1333 1842
154 4997
3365 3575
1048 4503
2048 3485
432 2996
476 4187
344 2936
417 3743
1369 4691
1982 3242
778 4530
183 4919
461 3813
2614 4997
1531 4591
339 4666
3510 3900
3010 4080
2918 3663
142 4963
1885 3470
107 4878
772 2104
2762 4690
1167 4421
634 4379
99 2476
2224 2526
2967 4622
1150 1216
478 2482
167 4955
2530 3738
1595 4077
468 4755
27 4955
4 4951
2802 3933
1375 3304
2748 4913
1341 4797
302 1938
277 666
1726 3292
3181 4470
1421 4345
877 1982
4539 4652
237 4159
398 4669
302 1961
71 2520
584 4738
1879 4191
408 4470
6 4943
1144 2431
9 4995
561 1390
442 3653
1305 3982
404 1500
1179 2391
680 3042
292 4965
205 4829
397 3694
352 464
1537 3409
850 2144
335 2245
3183 3373
1842 3809
3021 3039
2450 4725
493 4660
1066 1866
912 3636
65 4935
3656 3877
3129 4838
1148 4695
577 4354
3328 4059
1978 4810
139 393
1055 4377
2574 4232
425 4964
432 4964
56 4932
314 2398
265 4380
938 4372
477 2536
1204 3676
2387 2937
458 3945
2248 4065
220 4052
892 3564
827 4013
204 2777
607 4912
3940 4401
1486 4901
1029 2524
808 1750
1084 1148
22 1700
322 1895
1852 4701
341 3181
2868 4394
158 4471
149 4738
1636 3554
1063 2567
1391 3234
2711 4395
2319 4756
247 4876
3213 4074
3164 3954
1295 1428
336 4284
2681 4011
370 4955
185 4986
56 1706
1200 4115
1393 1928
364 4046
970 1493
4046 4414
1636 3337
3149 4078
25 4679
261 1892
643 3755
371 4272
768 4241
2910 4257
4384 4523
1863 3220
1179 4824
1135 4575
2592 3527
45 3453
1411 4828
1856 4217
127 3376
356 3718
95 4763
2130 4161
2401 2806
369 4931
2812 3733
4593 4845
2292 4472
376 4788
1399 3785
92 4842
219 4798
1582 4697
1371 2276
198 4917
1189 1464
1100 4439
371 2090
1647 1782
1893 3771
966 4862
1134 1147
2935 3251
641 2244
397 3359
9 4838
111 4766
346 4271
2411 3566
1158 2559
1502 3018
656 3642
2967 4907
8 3302
3669 4200
1766 4726
188 2605
412 3125
3858 4823
484 4239
251 4939
1559 3584
122 4965
1802 2729
2807 4802
1937 4753
190 3407
27 3699
651 2883
2492 3847
499 782
10 4921
3 2387
660 1549
2088 4915
767 4153
2259 3493
1000 1051
30 4987
453 3238
1017 4232
852 4614
4336 4369
2027 4871
176 4940
886 4178
569 1298
978 2628
2654 4855
668 3781
828 4065
50 1019
55 1750
209 4359
86 3313
121 4599
220 2648
2558 2600
1431 3643
126 4316
138 4929
854 2473
3366 4229
467 1325
2280 2658
204 4850
909 4929
1050 4548
3095 4576
1160 4213
1570 4152
824 3908
573 3353
390 2520
2634 4293
372 3948
3476 4958
2495 3237
1017 4651
1028 4710
249 1193
992 3132
82 2156
273 3559
2708 4142
14 4861
233 3836
2404 4365
1313 4533
1162 4232
491 2427
778 4025
91 3182
906 3296
695 4835
80 712
1060 1682
815 3531
4019 4687
285 692
840 3868
1720 2291
835 4029
1696 4265
379 3748
1071 4792
1789 4251
50 4789
924 4601
1288 4376
468 4665
261 2742
1451 4961
292 4853
548 2956
257 3235
360 4180
2890 4381
1933 4477
739 3958
2551 4936
1728 3068
1258 4367
229 4941
220 4926
185 4632
333 4728
675 1853
528 4333
2715 3978
16 4749
186 3874
195 4549
2398 4693
580 4742
149 2244
476 4004
173 4823
935 2519
228 4633
671 3051
924 3877
1170 1407
858 1106
113 4462
870 1306
2531 4767
4650 4724
2090 2852
20 4970
1016 4375
607 4817
163 2888
1121 1390
2116 3919
1754 3355
402 4235
2063 4554
230 4726
725 1479
3827 3922
848 4100
1513 4569
22 4999
159 4323
1202 4308
2562 3697
146 4988
702 2309
3155 3820
3123 4934
4108 4931
253 709
1852 2058
1244 2791
2262 3829
1833 2543
1744 3846
2733 4818
2351 2509
2213 4816
4560 4672
3465 4422
1284 1789
1143 4200
1224 4612
11 4932
155 4905
210 4067
1941 4483
66 4814
1202 4596
880 3731
2308 3664
467 4954
3017 4668
877 2606
111 4559
1535 3489
1223 4959
1491 4354
863 3413
1756 3591
133 3257
479 4871
3 4495
1056 3669
476 4897
2273 4147
2780 4055
722 4665
335 2198
2922 3383
2079 3444
786 1630
1376 4880
1680 2357
1798 3840
50 4860
511 4278
888 1740
824 4742
856 4727
2069 4839
828 1547
1063 4997
776 4281
2301 4717
66 4785
113 3672
1778 2267
1608 4340
1598 4535
2065 3313
625 2500
627 4731
9 4999
1579 4608
1760 2928
1340 1394
686 4975
2171 4646
63 4939
3385 4623
371 4271
26 4842
203 4959
4679 4977
2103 2995
1679 4481
899 2492
748 4927
1419 2335
3011 4879
93 4995
63 4862
449 4405
1316 4852
39 4969
76 3361
302 4708
2311 3831
146 4986
486 3656
3853 4817
2016 3104
467 3323
518 3914
2052 4707
496 1109
4 4933
949 4398
2001 4810
613 4529
2249 4188
351 2644
1623 2470
479 2953
1665 4106
508 4967
15 4996
662 3435
476 4609
2311 4469
2877 3250
1759 3143
1067 3232
491 4461
317 4297
1576 3213
1089 4329
1115 4013
2742 4760
242 3183
44 4378
1004 4611
394 992
23 4796
3287 3583
71 4906
2503 3424
1090 1785
1535 4003
604 4951
2224 3005
737 4541
384 3309
266 4915
3124 3425
4532 4725
674 4172
3114 3568
346 4333
361 3467
267 3085
1684 2166
664 1692
782 4625
511 4420
387 4149
110 4938
397 3898
3377 3978
50 4142
1641 2654
2763 3654
997 4005
1255 3238
1043 1702
840 4837
251 4118
483 3119
240 842
1326 2602
366 4978
1204 4899
2026 2707
160 1080
867 2982
2004 4530
2868 4006
818 4951
1220 1473
1368 3242
3933 4908
1292 3810
107 3962
39 4788
889 4882
640 4193
2303 3452
24 4680
1815 2297
2179 4719
355 475
56 3144
42 156
3426 3512
2508 4807
525 4399
10 1469
870 4946
3690 4300
4153 4981
17 4586
2536 4201
1537 4217
1861 4325
842 4373
2622 4326
668 4885
712 4716
1952 4916
401 4552
198 629
2035 3343
24 3082
1216 3443
672 1267
109 4799
4475 4999
547 4894
244 2660
41 4628
248 4139
2108 3868
413 3781
2503 4784
543 3734
1424 2374
186 2251
1536 4176
1325 3580
937 1715
2492 3707
1362 4067
2027 4336
358 1723
4178 4493
1565 3379
131 4985
9 3375
684 1107
1799 3251
382 4364
813 3209
611 3514
444 2996
2099 4312
623 2997
6 4045
187 4653
1241 3444
152 4999
1127 3781
3082 3340
868 4307
481 4805
2105 2751
2023 2819
849 2752
2849 4709
1768 3978
578 4217
467 2882
2284 4135
224 3271
345 4949
2167 3834
1442 3768
1184 4264
492 3018
2915 3434
1342 1767
216 3990
1855 4769
500 1849
940 3121
2021 2994
494 2300
1272 1903
1466 2713
301 4533
4081 4875
19 4992
1613 4127
305 2488
1702 3902
2523 4618
1929 3508
2416 3272
2153 4348
448 4613
1082 3275
394 4777
584 4498
1328 2844
1934 4786
243 3063
258 2134
911 4603
552 2211
1295 3001
1035 1778
829 2993
6 3069
3275 4483
183 4185
2636 4680
890 2963
694 4655
157 2686
83 4816
3738 4565
1349 1564
11 4993
113 4971
762 1123
1066 2600
380 4142
726 746
1965 4531
555 3602
555 4614
159 4705
1848 3674
750 4491
1496 3659
3556 4686
1416 1583
2599 2782
1814 4808
1442 4409
155 4906
806 3385
2052 3345
1089 3305
328 557
627 4517
469 2894
35 1048
2304 4223
71 4968
4124 4635
70 4686
2757 3570
3035 4174
3212 4089
928 4494
4678 4761
2474 4696
2612 3739
365 1990
1968 4722
696 4564
981 4747
718 4917
2826 3994
599 1943
826 4288
535 1808
951 3207
27 426
220 4894
1268 2756
1309 4520
382 787
3967 4748
1406 4166
1469 2276
770 4834
1961 2879
305 2280
174 4412
22 4620
1157 4745
2585 4648
986 3662
1754 4904
291 4472
3829 4332
2612 3496
209 4976
565 1790
2863 3495
98 4414
2033 4941
1920 4750
487 4370
4217 4899
26 4901
278 4988
200 4463
1385 1478
503 4817
1560 4799
148 1308
2371 4094
117 4695
691 3460
383 3708
254 4458
210 4530
1691 2870
1172 4990
1552 4057
2584 4133
2405 4857
435 4053
3810 4330
235 4431
1871 3382
3296 4286
224 4167
163 3780
3271 4525
82 4863
507 3369
2217 3978
397 2529
770 3285
27 4805
1269 1720
740 4604
417 3348
1931 3229
3886 4245
304 878
1153 4424
2702 3087
1927 4851
252 4646
631 2222
721 2042
3878 4905
1449 4642
1440 2131
2197 3642
367 4615
476 4230
2932 4877
1370 4317
1892 3322
40 3144
415 4063
12 3727
259 4588
3607 4328
1082 2565
1385 3447
11 461
1817 4706
3764 4969
3445 4983
174 4715
2820 3135
1288 4909
1890 3684
1376 4673
458 4971
1990 3475
1588 4087
4762 4778
1727 2273
271 4780
1852 4337
1857 2595
1494 4266
2503 4146
2216 4093
1422 4617
326 3238
3361 4056
971 3074
1073 4511
3262 4191
2051 3248
694 3679
171 4811
201 754
497 983
3173 3520
2877 3451
265 4668
49 2597
1153 4509
199 2559
787 4994
1267 4087
1125 4741
2095 2309
447 4857
1626 4106
585 3862
2465 4936
938 4675
2574 4696
1034 3956
242 4556
482 4736
972 4421
10 4971
35 3775
901 4697
337 3032
350 4786
1361 3599
2808 3664
2710 3201
1819 2917
2467 4509
573 2367
1335 3936
2935 3833
316 3722
812 1490
1843 3409
1031 4368
396 4740
1307 2459
410 3265
861 4124
1123 2167
3505 4687
505 3905
61 2598
1536 4382
1039 2363
3193 3428
2170 4591
422 4934
608 2014
66 2981
412 3550
913 4868
306 4878
1 4998
450 2663
1211 3533
169 4638
500 2926
878 3647
1269 3324
4090 4945
66 1660
1329 4949
1040 3898
416 498
448 1161
2402 4431
771 4997
184 2961
412 4213
866 3887
1303 4281
423 4696
72 2677
915 3696
2712 4858
1401 4906
2535 4876
1188 2040
7 4948
2326 2539
1238 3940
145 4719
62 4248
326 4904
40 4959
2356 4808
5 2149
1979 3789
61 2337
1791 3416
886 2553
1411 4506
113 4686
340 689
4662 4703
14 4250
526 2716
738 2848
1592 4241
1172 4954
3511 3639
1112 1907
188 4784
1722 3140
3135 4985
1006 4226
26 4526
353 1758
2855 3199
2371 3268
2272 2625
1287 3027
345 1014
1310 4893
2213 4990
2714 3938
2299 2690
1458 1654
976 1518
2819 4925
692 2861
2571 4981
447 1359
297 3652
115 2730
578 1476
3704 4107
122 4906
110 637
2768 3965
1148 1384
525 2235
123 2874
1771 4201
805 1096
898 4536
524 3337
1987 3117
923 4705
1828 3320
1713 1788
1594 3397
628 3410
576 4991
272 4921
773 3819
1443 2027
127 4936
577 4311
1514 3811
671 2574
2133 4189
3009 3192
83 4917
3099 3376
2994 3168
943 4640
41 4683
2079 3265
474 2670
1213 1294
608 3644
771 4044
1553 2685
472 4872
1244 4406
279 4073
936 4446
50 3826
1274 1340
931 3812
414 4619
1353 3675
742 2416
176 3326
784 1412
1980 3005
1996 4486
81 4198
119 2516
1053 1162
10 3832
2664 3266
3178 4976
779 2011
82 3294
5 4998
887 2256
205 3278
917 4139
25 4768
43 4270
468 1616
1134 2696
1467 4449
1614 4565
1776 4856
2830 4208
197 1940
1100 2359
1933 2778
3849 3906
776 4094
2022 3891
769 1674
1205 4891
43 4675
996 2894
857 3771
1943 4140
445 4763
2368 3399
4342 4516
408 4811
722 4115
2599 4650
1111 2648
1297 2039
1028 4878
532 4569
1547 3863
958 4831
485 2731
114 4978
50 4963
799 4506
4281 4686
586 4615
454 4955
384 4049
1252 3020
645 3969
4166 4854
540 3086
761 3011
2305 4827
1126 4670
4609 4978
488 4722
639 3614
586 3508
2574 4954
1373 4380
3543 4878
2910 4612
2010 3194
1278 3398
4209 4711
115 4220
4157 4503
361 4223
1856 4890
2100 4282
1547 4726
163 576
3506 4356
496 4569
1556 4554
1343 4927
165 4802
10 4915
355 4244
2 3927
1880 3858
1989 3368
547 4588
2920 2964
2231 4578
756 3721
3309 3325
18 4766
3481 3581
3599 4569
2037 2380
1234 3796
4300 4785
943 4920
2765 3024
728 2960
690 4672
1439 4862
2155 4561
793 3951
700 4968
2977 3440
483 3958
1067 4796
7 4974
4364 4476
17 4506
273 4854
121 2523
4294 4415
1715 4904
1 4980
31 2884
2173 3643
2211 3806
777 3641
12 4979
3679 3723
1880 2362
2663 4772
80 2900
576 4309
1587 2154
13 4321
838 3627
1 4999
1537 4189
287 1421
1691 4253
1646 2662
45 3206
597 1629
978 3331
1390 3917
1222 3930
922 4870
216 4302
1001 2768
1492 3885
368 4703
716 3931
745 4566
504 4262
2054 4538
2099 3770
2732 4304
1154 3832
293 609
2473 3501
1131 1689
145 3795
418 4880
671 2928
600 3559
522 4472
4166 4361
55 4907
1419 4947
39 4769
750 3079
3707 4584
735 3806
2262 4737
14 4929
1689 4861
3030 3338
551 1968
1126 2041
1102 3893
1612 2629
3585 4319
1736 2909
722 1625
471 2085
1819 4977
2529 4771
237 3713
1731 4735
747 4696
1358 4137
432 3558
903 4452
3891 4114
41 1650
3296 3515
1542 4474
211 4256
935 3427
566 4529
1699 4086
31 1284
4319 4758
163 4379
725 4165
2097 3495
518 4850
949 2439
417 4021
285 3347
240 4892
530 3691
2189 4986
22 4787
171 2215
83 3733
545 3348
832 4434
16 4905
393 1824
1002 4292
148 3721
645 2972
2182 4930
1029 4455
2312 2597
1083 4876
2469 4711
2309 3804
2773 4532
2483 4546
3107 3677
351 2237
175 3613
835 4316
1390 2917
545 4313
2536 4895
2411 4580
1622 4202
1166 3607
305 4860
2904 4616
1735 3233
1569 4205
3130 3848
579 1735
3191 3758
166 476
2794 3790
982 4278
227 4920
3174 3995
997 2495
1295 3313
1206 1598
84 2675
342 4862
584 2397
586 4691
70 4810
3286 4331
1901 4117
1794 2834
4017 4855
1007 3685
2872 4839
499 3282
12 4935
78 4397
2109 3502
236 2964
355 1360
3998 4743
1403 4342
307 4898
116 2729
1601 3164
2756 2937
163 3539
1414 2974
14 4976
1525 4453
2447 4825
952 2206
2300 4619
3455 4953
128 4999
445 4130
1816 4406
129 4982
1664 1876
679 2606
4645 4740
776 4558
1495 4203
569 2157
2510 4326
339 385
1711 4756
39 182
1573 3031
40 2856
1593 4574
506 3772
639 3896
1681 3485
74 1886
1085 4580
1569 3523
300 1934
481 3522
174 4882
1499 4388
223 4895
3491 4470
320 831
1834 4277
862 4654
30 4564
119 333
416 3717
1637 2298
1186 4141
1901 4407
28 4458
2473 4316
328 2140
1654 3000
79 4447
1972 2786
814 4986
1244 1680
2027 4187
911 2452
146 4958
871 2578
1738 3973
212 695
1160 3215
208 4401
3683 4477
2752 4728
8 2895
120 4400
214 2958
1220 3382
23 4634
381 3868
509 1674
1121 4505
625 1604
1673 4088
607 4634
1373 3556
100 363
2603 4398
1554 4656
209 4775
2077 2200
2380 2469
341 1422
855 3441
2261 4537
2830 4470
1421 4650
1241 3201
301 4933
943 4031
876 4863
317 3375
2912 2913
5 4996
611 3256
115 3557
25 3750
487 3412
2166 4396
2884 4889
296 4099
63 4986
33 1744
48 3450
504 2616
1139 4941
4016 4240
1195 4311
2032 4637
29 1530
50 2704
3398 3414
2739 4859
578 2272
1168 4693
3006 3429
56 4810
704 2404
1936 2618
2628 3416
1526 4815
342 4950
2112 4466
112 4955
411 3934
581 3764
602 2699
403 4922
1359 1741
831 4546
469 985
1227 4495
415 4796
4643 4945
438 2878
277 4914
2818 2865
3739 4105
236 3166
284 2786
2924 4684
2040 4695
733 2831
519 2325
2517 4319
667 4328
118 3670
278 4686
37 4983
355 4954
131 4859
2526 4586
1282 3246
1084 3717
1569 3490
276 3190
2399 4433
4528 4909
349 652
85 3764
2303 2803
64 4724
1064 4109
783 2739
497 3760
4012 4445
747 3878
219 4895
1268 2957
2427 2674
3680 4155
8 4446
144 4795
1 653
926 3614
148 4596
2622 3882
55 1158
249 4611
14 2635
547 743
519 2713
663 4390
13 4606
485 4954
1722 2091
130 4838
471 4575
675 4045
755 4139
231 4484
1141 3988
931 1022
12 4961
1812 3977
1204 1625
799 976
3482 3829
496 3895
693 4897
1744 4042
2073 4597
616 3217
917 3038
2883 4140
2543 2579
604 4842
1688 4638
10 4903
1065 3928
2380 4892
78 4480
601 4775
2418 4415
424 3509
550 743
483 4351
220 2029
539 2501
1106 1814
3228 4684
893 2611
104 1101
959 4905
893 4894
1617 2937
3337 3529
132 4949
2313 3522
1283 3672
60 1289
1934 4701
1447 4506
1452 3416
85 2625
1962 4259
670 3207
1290 3484
704 1769
1826 4607
45 1382
2168 3558
1248 2795
362 4147
194 4787
3556 4493
1114 4880
342 1945
305 3157
1232 2491
817 1550
2623 4024
3525 4011
3515 4440
26 4896
906 3703
483 4768
1315 2346
2758 4527
1968 3967
619 2429
2636 4948
2823 4438
2620 4895
2367 3098
844 4919
286 4386
3663 3813
2023 4150
1816 3863
1760 4909
1181 2137
877 4506
3285 4485
683 4164
325 4504
2554 3521
622 3882
1087 3327
1833 3164
75 1550
1396 4871
1074 4909
2464 3863
50 2589
654 4089
2241 4516
179 4669
3211 3863
354 3696
105 2451
458 4561
1633 3917
3199 4620
275 3709
1037 3747
3481 4912
1059 3211
479 2957
34 4809
435 4374
1078 3609
59 4625
240 4065
946 1732
1477 4470
1093 2450
1068 2019
2898 2964
136 4175
2915 4255
453 2527
1155 4620
2712 3760
453 2016
1612 2235
264 1446
763 4940
511 4662
451 4399
2694 3112
2609 4631
440 4467
792 2039
1018 1056
1032 4096
3548 4705
2977 4986
227 3290
243 4223
1189 4166
86 4710
386 4152
1367 4663
2070 3023
1498 1883
272 4856
1279 2179
677 4545
1381 1517
2127 4812
240 4727
3 4972
8 3629
414 1394
698 2060
3979 4370
1731 4207
1048 3283
1618 3779
39 4286
329 792
484 1623
205 871
806 1338
749 2254
301 4715
1513 2754
1494 4279
1758 2352
2544 2665
1281 4449
827 3435
188 4945
3056 4767
512 4500
1299 3847
1918 3713
270 4994
632 2200
103 2865
3071 4427
91 1666
32 1946
2038 4481
1133 2770
1538 3374
1665 3122
3155 4647
1432 3979
1936 2480
712 4951
70 2946
167 4885
1603 4228
2 4997
434 4300
403 4223
881 1059
772 1860
548 4362
786 4866
172 4168
3033 4304
2883 4636
3234 3710
996 4676
106 4926
1264 2603
189 4591
3679 4990
1428 4951
46 4925
781 4965
501 969
725 1073
253 1948
800 4358
3190 3549
2496 3812
682 1306
2688 3883
678 3129
1159 3369
334 4977
205 1080
593 4158
747 4543
2061 4538
321 4505
1992 2937
228 3853
2223 4354
1915 2030
1196 3940
723 4911
306 2951
2296 3474
349 3992
1613 4645
725 2388
1558 4535
284 4273
1679 4329
1058 1596
925 4197
1694 4666
87 4036
28 4547
3161 4878
262 987
449 4405
2227 2319
228 3790
436 4600
2089 3290
2454 3584
4038 4550
3573 3996
1597 4926
99 3797
829 4120
168 4810
1464 2626
1538 4211
88 4709
4240 4957
1492 4178
172 4756
3950 4308
818 4277
332 4903
521 4414
918 3270
566 4843
560 3419
1035 2650
1534 3758
858 2029
453 3052
1615 2111
3102 4621
2393 4477
1106 4236
630 4567
3992 4878
4485 4589
2490 4223
255 4367
139 459
518 4655
1527 2775
451 4940
2455 2790
2573 4981
1652 1697
671 4245
2192 3300
554 2435
43 4994
631 1084
869 4793
35 4980
1213 1316
167 4208
1377 4564
73 463
3547 4856
325 4001
243 4973
3369 3530
2117 2276
3696 4151
2266 4582
136 4919
747 4834
2538 2976
1407 4095
4064 4641
755 4276
579 4401
99 1504
244 4953
3235 4807
274 1120
401 4592
92 4959
58 4988
924 3156
1356 2112
989 2331
399 2249
2933 4986
3792 4899
78 4804
644 4559
912 4942
1663 3840
634 4316
534 3931
964 3682
677 3490
2757 4965
4634 4881
2537 3114
2450 3690
1230 2837
577 2484
58 4969
738 2889
1917 2596
1557 4804
204 4484
1100 1855
1181 3290
992 4028
110 4909
151 1371
4324 4713
1544 4739
91 4920
322 4990
85 4407
1387 3042
707 2304
1870 4767
43 4354
2878 3632
541 4500
555 3642
787 1745
32 4359
1979 4003
109 4909
3089 3732
3966 4822
2788 3529
368 3251
390 2929
3745 4871
1000 4489
1081 4749
405 3663
274 758
1628 4644
3092 3292
668 4841
505 4592
57 4588
1592 4403
298 4220
3605 4087
1610 1964
110 4152
2061 3880
1982 2046
1078 2487
450 4906
2 4999
1037 3485
379 1139
2629 3536
596 4606
85 1232
412 2009
1058 1490
602 3617
724 4797
1733 3735
803 4733
2355 4633
135 4980
921 4322
2174 2893
6 4993
2943 3810
87 4997
168 2934
1097 1951
404 3199
551 2890
305 3582
34 4643
126 1332
2064 2901
211 2680
311 2837
1465 3913
1535 3154
344 3271
1381 3135
1767 2820
624 4103
502 4711
157 4183
209 4746
259 2201
269 3205
29 3882
71 2750
475 4422
2323 2690
2012 3990
277 3568
2276 3653
351 4950
2956 3560
1766 1989
8 4728
1082 3455
987 1835
1462 4899
626 2402
601 4782
267 4108
71 4970
660 4983
418 4518
714 3171
108 4466
577 4128
2109 2326
223 1098
957 4579
324 4198
892 4241
16 4862
375 1368
891 4968
2000 4939
2399 3545
908 1083
406 3601
723 4887
299 3787
2156 4092
208 4629
172 749
2777 3310
151 4464
2507 2628
3138 4617
4339 4509
590 2835
381 4276
4202 4555
1676 1881
302 1666
138 2759
1209 4868
1687 3493
163 4774
3822 4972
1730 4119
759 3409
356 2646
1028 2496
1025 4686
963 4876
1006 2445
2914 4187
197 4425
3508 4441
639 4430
447 4983
1500 1629
157 4849
685 4798
329 3347
631 4304
768 3511
2466 3688
902 2520
835 2652
1210 3811
769 2778
1775 4385
1507 4168
140 4972
2784 3674
3317 3618
2175 2410
332 4603
1812 1981
1403 3958
1244 4545
1216 1675
494 3872
559 4709
997 3318
43 4613
13 4979
818 3852
34 4444
1155 4388
78 4982
264 1481
1810 2995
3917 4672
475 2885
2692 4540
1807 3029
732 4535
132 4453
364 2719
1197 4082
543 3390
1101 4580
1039 3089
2513 4549
530 3952
855 4928
817 4384
2739 2865
1294 1818
655 4103
585 4460
2677 3337
1412 4847
313 3984
984 4637
1484 4806
241 2448
1840 4347
723 3845
1158 4155
4130 4867
545 4620
3275 4323
3057 3649
107 3866
149 4998
499 1082
1979 4810
150 4870
828 2888
2332 2944
1882 3511
2807 4482
511 4534
1983 2517
3312 4526
3009 4463
567 4912
4585 4671
1426 3159
3080 4926
657 3876
602 1326
320 3431
1450 3354
24 4785
2061 3034
3661 4702
1869 4312
318 4603
1272 2394
1305 2656
294 4910
154 4969
2533 3401
74 4994
1081 3737
3614 4445
266 4858
572 2497
3142 4286
47 682
957 3434
638 4969
697 3574
2122 3942
4 4967
998 2213
4351 4653
2064 4229
1066 2891
919 4435
36 125
2093 4160
597 4807
44 4329
504 3699
7 4984
1313 4765
754 3150
3389 4788
1722 3871
1382 3936
466 3467
1398 3070
612 889
322 4777
411 3016
470 4725
109 2540
1889 3099
510 4543
2479 3019
892 4772
105 4903
133 4616
1288 2820
792 1924
231 3927
2901 3385
4043 4271
897 2382
1347 3903
1699 3654
711 1373
363 3710
413 4798
1846 2556
359 3998
575 1863
390 1545
1249 2635
603 4823
263 4861
567 1276
1511 4501
3034 3252
1986 3432
1029 4060
1649 1682
194 4854
625 2805
7 3796
3112 4570
1936 2388
339 4312
4 4940
1910 3371
251 4860
759 3180
2832 4974
3547 4318
1131 3165
22 3916
2495 4435
1745 4405
2207 4717
865 3696
345 4568
2358 3065
392 649
56 4555
432 4814
41 4799
1952 3390
1680 4140
3062 3946
14 3110
1369 3447
926 3124
634 4777
1928 2019
146 3741
301 1296
1614 4630
732 4837
57 3608
237 4651
607 2726
666 2157
276 4526
4764 4909
347 1178
1086 4024
2717 4406
708 1402
60 2452
3422 3485
241 2573
1175 1192
2771 3831
768 2211
1477 3086
62 4207
35 3217
1174 2391
2560 3535
193 4841
293 4990
207 454
23 4772
1986 2270
44 4837
383 2135
1581 4797
2185 3432
1112 1641
48 1252
354 3476
3189 3433
145 4992
1613 1951
129 3127
274 4392
245 4794
3025 4860
1306 3357
217 4822
1013 1270
2392 4615
20 4973
896 4254
859 4655
3142 4472
297 4116
675 4283
4629 4663
2953 4044
2375 2695
19 4880
1356 4415
3062 4419
1366 4307
824 2644
2238 4063
208 593
2585 4625
1609 4764
385 4051
588 1181
20 1270
529 4631
1657 4637
1378 3040
1729 4090
319 3744
157 3041
146 4735
2238 4258
2134 4189
50 4145
657 1924
1408 2846
968 4885
377 4704
946 1390
211 4965
3401 3696
786 4874
248 4348
1145 3352
151 3530
912 3615
190 4261
92 1292
29 4843
2028 2722
57 4472
1523 4730
511 3360
646 4748
42 3583
890 4225
1459 4404
1809 4913
2852 4956
167 4528
461 4958
143 4599
1957 3109
961 4669
3470 4291
1991 4856
594 3872
170 3923
4100 4314
1838 4911
1885 3810
3542 3979
69 4829
698 1560
1621 3117
4240 4409
5 4626
4190 4877
307 4599
9 2978
1492 4392
3024 3359
1859 4514
3988 4241
3886 3956
572 3302
266 4555
3240 4360
256 3939
2212 4039
1947 2652
2717 3624
158 399
523 4925
973 3188
403 1503
2893 4715
2786 3930
162 4498
367 4653
4485 4862
11 2650
401 597
2709 4648
189 3810
432 1163
206 492
1010 4757
350 3782
38 4677
618 4779
4181 4816
138 4955
1349 4532
53 2939
915 3779
485 4854
1267 4036
623 3814
505 3597
273 4442
3895 4131
3337 4378
636 2311
688 3983
1480 4311
3056 4129
907 4316
2257 4900
1391 4222
1654 4973
32 4770
1281 4029
3409 4389
1674 4001
2264 4060
2540 4103
1267 2123
2102 4203
1331 4506
3761 4560
1364 1403
599 4229
1098 2196
2088 4306
1215 4331
1324 4109
770 4935
65 3949
1374 1783
822 4265
923 2474
2164 4817
871 4844
568 4446
2287 4136
841 3636
384 4113
901 3472
2783 2862
26 4954
1560 2956
79 3841
357 532
3041 3954
580 3984
3290 4957
127 3276
58 4429
41 3399
1372 4173
3213 4992
313 1362
3485 4610
2290 4965
3253 3726
312 1498
426 4937
163 4374
2007 3472
498 4623
1310 4656
3861 4880
703 2736
31 4788
2296 4752
2509 4029
980 4766
12 4457
2250 4495
1582 1793
871 1818
2203 4616
85 4558
451 3539
277 2974
2125 4515
1334 3237
1028 4204
1309 4995
510 3789
1993 3908
1709 4797
1155 3929
212 3909
4690 4994
2823 3757
490 4949
1 2485
902 4022
1007 2500
64 3921
3381 4648
177 704
804 4296
208 1259
3355 3954
42 4720
535 4514
3712 4797
1837 3393
1155 4685
2002 2585
1651 2946
562 2980
1693 4045
1139 3431
1035 3522
569 4585
792 4930
1361 3732
103 500
10 3466
2723 4899
330 2068
1701 3908
434 4620
3381 3442
1846 4290
791 3992
2753 3596
557 4600
929 4932
243 3503
2158 3611
1703 4184
642 3173
180 4291
2212 4839
79 4942
232 2653
4161 4453
81 4895
2045 3769
39 3114
477 4945
1335 3174
156 872
64 4953
1122 4540
1104 2160
87 4364
2001 2311
2468 4954
1524 2830
79 1853
1815 4143
554 3309
2895 4474
1299 4916
65 4724
111 4754
1351 1927
23 3017
2411 4116
203 4357
765 4282
1952 4318
3236 4175
1524 4620
450 4541
1059 1190
859 4604
303 3810
956 4810
63 635
220 1777
241 3006
841 1902
585 2986
212 722
816 4154
1163 3869
380 4218
813 4397
1411 2670
280 4449
3070 4973
788 4796
1200 2649
124 287
334 4909
32 4974
3317 4945
1732 3109
960 4988
1072 2565
4499 4779
2591 2942
605 4221
97 3729
159 3510
848 1445
417 2247
3192 3508
32 3914
1045 1304
61 4637
3837 4384
2031 4571
2487 4325
541 4601
717 2519
502 4568
3311 3990
189 4440
1502 3035
88 4821
2672 3456
4 4250
1807 2612
925 3660
1322 3709
3605 3741
1332 3366
1341 3260
548 4997
115 4707
400 1021
1999 3660
1136 2069
1672 3959
1630 2658
2241 2677
1277 2523
995 4493
1557 3033
146 1093
175 1316
72 4113
1667 4906
318 4955
1282 3883
114 4915
429 4939
2444 3393
1017 4466
90 4623
687 1629
522 4949
92 4435
1306 3649
3092 3860
970 2479
2092 4351
1054 4368
394 4810
447 2125
3593 3994
2473 4929
2375 2978
136 1734
2763 4628
1093 3129
4129 4974
961 4919
1021 4469
4560 4959
1374 2829
2191 4415
986 4721
1201 2966
131 4893
1193 3941
642 4858
299 4894
741 1668
1040 2807
1002 2190
1349 4648
1057 4389
1197 4480
1915 3168
158 3978
26 3312
256 3664
1206 4506
2018 3248
534 4517
2008 4657
1019 1817
2233 4366
708 3739
1686 4195
3466 3958
684 4965
391 4641
640 4995
42 4804
542 3533
153 3924
159 3069
4091 4672
2013 4553
201 1579
1014 4648
1047 4076
2743 4855
3451 4896
215 2061
942 4933
4239 4313
1195 4824
445 2039
2097 2574
529 4267
1373 3773
773 4906
601 1284
1146 1526
71 3731
382 1158
319 3761
935 2860
335 4596
500 4432
699 4261
209 2745
76 3490
219 3710
680 2632
634 4908
689 2985
2397 3863
4687 4772
68 4864
2157 3026
2144 3220
1493 4494
63 4933
2401 3711
39 1067
1266 1266
345 4126
15 4966
685 3219
142 4859
1282 3536
234 2307
1099 4742
1931 4320
643 4945
1394 4098
873 4898
563 3920
38 4959
202 4987
1063 4801
286 4582
2434 3216
801 4753
614 669
1279 3273
848 1531
3004 3657
2700 4775
580 4994
949 2625
2790 2867
1326 3133
592 4914
1461 2517
1200 4909
720 1034
27 4720
37 4930
93 4772
997 4533
954 4828
446 4607
2328 4168
575 3890
1818 2190
2998 4504
742 1862
2182 4288
1411 1505
689 4947
729 4513
3109 4607
1152 3918
3908 4769
2269 2472
1740 3367
1091 2780
43 4883
1450 4391
760 4342
1689 2472
409 3128
1405 3881
483 2864
1355 4993
1233 1617
1964 3929
912 4185
2145 4713
752 3550
2672 3496
57 4702
2715 3491
1287 4199
486 3208
422 4339
677 4406
607 4350
190 4744
24 4985
32 4975
433 3733
1044 3660
1889 4356
177 4152
2537 2606
4 4995
1279 4006
851 4944
90 2520
830 4807
667 4671
7 4108
289 3174
1867 2905
432 3743
57 4981
1849 3049
4012 4856
250 4232
533 4278
1847 3403
1410 3185
1173 4752
2818 3001
1402 4261
1611 3702
18 2032
1269 1888
1275 2555
785 4750
836 1654
745 1813
1480 4668
791 3541
1794 1927
2321 3047
2479 3797
1415 2487
1877 4746
699 2542
2765 4959
2694 2914
38 3494
2793 4691
1386 4873
516 2506
3 4987
817 3696
93 4958
2833 4101
1719 3420
2784 4889
2024 4990
3879 4132
725 4418
2014 2105
241 4555
645 4920
81 4801
307 4129
926 4973
464 4645
1576 3221
2263 2663
3076 3868
274 4956
588 2617
301 2489
266 4071
2509 3539
15 4973
1277 4833
2643 4346
557 4774
1349 3775
48 3195
3078 4332
1470 4707
1052 1185
255 1229
1627 4417
398 3422
513 905
1225 2338
1150 4459
13 4774
575 4602
183 4502
2286 3470
592 1689
2642 2642
640 3091
1134 4456
1075 1993
107 567
3731 4610
166 3907
3262 3969
939 3229
205 1921
78 4587
2890 4743
42 4729
70 1440
1185 4468
1092 3637
681 2872
1220 2738
694 2653
4670 4892
57 2842
139 3519
2071 3565
4216 4219
1148 4461
3926 4273
473 2180
1965 4248
130 886
620 4259
208 3590
748 2070
2762 2959
506 3968
328 1196
53 4917
2030 4676
3433 3821
1950 4333
1334 4366
2004 3262
1662 4796
1075 4724
2059 4402
744 4315
750 4709
2795 4386
129 4849
807 3222
470 3154
905 3997
331 1219
934 2160
996 4977
1616 3354
414 1948
684 3717
63 3697
188 4614
318 4683
2289 3846
66 3965
290 2535
821 4588
2269 3137
217 4978
1735 4712
2310 3462
450 4721
1827 3432
1039 3846
403 3720
2017 3703
56 4986
429 4092
3649 3663
2915 3362
1020 2446
2135 4155
2304 4090
490 4823
1047 3711
1423 4768
3731 4738
120 4941
819 3134
660 3906
4811 4901
1023 1508
1061 3909
154 4976
542 4614
2101 4829
534 4985
222 4969
641 4930
729 3042
24 1752
123 281
786 4899
3758 4818
400 4746
1843 3258
476 3877
4241 4571
51 4869
1447 4721
127 3142
1578 3953
496 4890
2982 4316
909 4958
7 4993
697 1816
331 4775
1025 4559
572 4573
2217 2495
1449 3721
10 4808
112 4392
2544 4030
1711 3357
3946 4192
602 4561
460 4828
963 4631
1185 4317
1485 4370
601 4773
1745 2078
3187 4030
1924 3926
2368 2656
263 4460
865 1688
475 2863
2 4814
605 4455
997 4596
2229 2321
108 4696
1245 2997
444 3401
455 906
455 3594
403 1200
399 4339
270 2040
3162 3515
445 4952
1655 3880
624 3401
1589 4759
35 3724
2293 4146
1955 4927
329 3011
80 4867
97 4870
449 4834
4448 4844
627 3889
39 4891
1487 1587
896 3526
1221 4095
1131 3945
280 4578
320 4849
2934 4232
1065 4496
1534 4945
3 4896
2768 3209
352 1767
1736 2306
518 3885
4525 4931
574 3980
202 4299
605 4621
643 4518
294 2263
1442 3562
579 4943
892 1505
4731 4934
48 2559
376 4908
3540 4303
852 1049
2296 3075
1749 3172
1390 3877
3577 4174
1945 3790
778 4845
1244 1308
59 4982
3112 3751
51 4766
84 4816
988 2769
129 4477
3060 3750
396 3395
508 1324
1476 1938
2083 4672
2541 3970
1459 3055
336 3463
2518 3973
622 4865
653 1992
171 4944
314 3998
1531 3472
1222 3595
27 3073
874 4331
372 4902
868 3726
273 3765
2439 4798
1020 4938
804 4998
73 4641
564 4956
407 2309
3027 4745
435 3987
92 3947
1604 2507
1356 4238
1399 4697
3825 4724
929 2916
90 4937
62 4717
671 4975
3431 3991
269 2473
907 1727
1470 4546
197 4741
119 4804
270 4914
2123 4920
1956 3872
1863 2388
1325 3927
258 2850
228 4860
1765 4236
266 4051
1773 3907
2910 3107
1165 3990
108 4863
401 2884
168 3840
1369 4046
3590 4907
2092 4442
1451 1758
331 4968
2755 3581
90 4642
915 4455
1125 4712
2660 4510
2272 3485
240 1145
1082 4511
191 3865
2014 2540
348 4485
1713 2583
804 2889
1412 1821
2109 4995
1342 4831
87 4950
2068 4367
63 2767
351 517
2238 4992
471 1922
2210 3715
795 1861
888 2878
301 989
919 4501
42 4992
372 4259
300 4215
1103 4504
402 3662
2415 3885
135 4969
22 4982
128 4795
955 2536
2481 4118
3226 4026
2921 4603
57 1730
628 4786
121 4760
1558 1707
100 4341
3056 3788
53 4985
119 4963
726 4979
2101 4791
346 3791
1827 4378
1293 4120
141 4465
1121 2903
196 4092
123 4903
3134 4560
3175 4546
3615 4120
691 4854
1432 3567
6 4618
755 4329
4512 4621
1101 4763
2112 3225
1951 3641
1427 1868
641 4791
587 4947
1057 4885
632 1266
373 4201
3446 3582
2447 2835
673 3309
1773 4818
890 4343
669 987
78 3152
261 4846
4148 4644
873 4867
1255 3529
2 4998
1477 2866
3503 4703
245 4689
4311 4606
112 1750
3078 4471
1396 4581
684 3840
2303 2725
884 3881
755 4748
1113 3944
666 4993
166 1356
2663 2862
2204 2686
1175 2353
341 4851
486 1783
2190 2665
766 4309
8 3301
27 3893
691 4925
3326 4976
316 1082
1607 4861
1812 3457
2091 4597
401 1972
520 2754
128 3779
586 4683
452 2264
101 4988
728 4942
376 4364
96 4616
663 1036
142 4757
2742 4247
81 4416
39 4896
551 1164
213 3437
34 392
56 3691
414 2870
1178 4060
577 3476
2007 4653
1735 4824
612 3236
1098 3955
117 4884
1651 4593
342 4984
459 2702
1837 4656
922 3319
4508 4834
3140 4886
540 3584
773 4612
2306 2685
3334 3456
471 4682
105 3837
625 3874
1600 2745
570 2991
1920 3882
2139 3131
2686 4808
179 4252
1573 3144
795 852
252 4675
564 4474
1693 3091
218 2407
3364 4875
952 4390
3661 4799
1342 4486
589 905
1637 4552
1024 4594
118 4832
674 1069
160 4980
227 3990
11 4960
608 2977
50 4710
324 2830
799 1490
2501 3833
1806 4247
450 4309
1157 2840
154 4838
1800 4555
428 4677
537 4685
2336 3085
1165 4104
1001 2363
117 4933
1053 4910
1522 3076
2901 2920
252 3599
2325 2812
619 2323
2894 4563
1502 4246
257 3136
2199 4975
2997 3870
202 4219
654 2185
2958 4693
312 3920
85 4999
183 3140
681 1497
2185 4597
1626 3862
2068 3991
283 4454
142 4825
182 3679
3770 3872
277 2481
475 3175
824 2605
761 1774
3144 4730
55 4308
619 3592
4487 4707
374 1258
511 2006
3394 4239
4194 4291
756 4999
3882 4331
1803 2064
1271 4981
2213 2977
709 4267
583 3960
495 4257
238 3550
619 3284
1006 3378
2254 4264
1494 2751
9 4295
483 3100
2189 2303
1943 4674
449 4018
6 4986
691 4450
2549 3622
1197 4966
1506 4718
1790 3450
427 2694
453 3007
231 3140
30 4980
1302 4219
799 3968
25 4532
252 4208
1852 1894
952 4649
570 2671
2264 4201
3185 4982
3709 4472
1612 3205
2978 4353
168 2732
3037 4469
481 4428
3181 4925
3974 4130
4045 4931
32 4013
3352 3964
2584 2769
253 3314
1449 2832
341 3572
2891 4728
212 4133
1003 4489
1365 4467
472 4527
2141 4218
1204 2106
1253 4331
1088 4462
1685 4334
28 1923
2526 3764
4336 4778
329 3449
369 2636
1432 3598
392 4968
675 4317
1336 4127
1207 4267
999 4673
1 874
550 2276
2734 4852
230 4663
65 4845
2222 4082
1478 4698
1028 4068
1603 4061
1017 1101
1294 4462
2122 4270
2461 3751
1434 4693
3035 4080
1350 4046
3032 4287
1614 4252
1155 4646
349 4823
2016 3630
478 4981
312 4439
361 2042
72 4093
2489 4801
2729 3102
447 1431
2334 4686
2439 4278
128 4613
2450 3965
87 4147
283 4173
1478 3693
1222 4115
687 4770
17 4467
209 1524
104 4300
131 451
259 1988
1983 4065
84 4798
113 1969
82 4829
629 3057
2308 3159
593 628
12 3629
1644 4386
344 1789
2345 4428
896 1597
1395 4823
2546 3912
1952 3254
387 2183
1505 4848
326 4051
719 3483
1964 4429
83 3531
114 2489
1533 4446
375 4797
124 1896
42 3995
93 290
171 4870
2760 3562
3487 4678
1040 4882
4257 4531
1099 4446
563 4591
720 1697
1483 4451
2812 2949
732 1149
502 3569
1699 3460
1398 2546
45 4488
1060 1179
1971 3213
1496 4449
577 3854
576 4420
1484 2830
397 4100
2635 3224
3415 3879
218 4708
224 4656
1040 4167
2568 2894
1129 4078
156 3419
3265 4920
543 4395
419 3769
598 1743
106 4268
885 1893
2266 3565
327 4584
2263 3042
4493 4902
495 3749
1870 4863
276 4975
431 2780
2258 4231
1062 4068
53 4980
559 3610
1750 3930
1238 3843
1183 3500
1724 3328
862 2339
2822 3959
242 4649
198 4007
3 4946
17 3236
1026 1549
224 4426
137 4887
283 3342
31 4479
3043 3627
76 654
367 2836
14 2186
932 4960
925 2467
955 4999
1654 4616
672 4920
2490 4063
3711 3734
243 2940
2448 4701
2653 4375
1346 4998
1272 4871
151 4782
23 4940
360 4689
1803 4466
1942 3261
792 4940
881 4539
361 2236
730 3344
581 2643
2826 3015
361 4949
844 4638
744 4997
2597 2617
1596 2348
2648 2691
3185 3442
1545 3470
2609 4501
1873 3552
2763 3689
4706 4911
1329 4356
2351 2801
35 1491
2413 3752
927 3782
2716 4784
79 4014
1826 4044
1980 4398
1495 3360
249 4958
3891 4488
275 1891
257 1155
1810 2211
912 4720
2798 4621
2455 2557
508 4957
2249 2785
1683 1771
705 4915
4260 4572
649 1992
3 4290
1447 1524
3105 4253
405 4999
207 4472
546 949
2503 3478
21 4985
12 4958
724 1983
802 4510
3884 3911
488 3964
1031 3117
3571 4504
426 4663
368 4150
1350 3457
30 4836
1886 4215
908 3620
493 4342
14 4605
737 4362
1220 4615
186 4715
2241 3628
125 3671
2474 3488
1160 2338
2241 3025
2658 3872
2434 4211
334 1726
6 3688
375 4919
439 2047
723 4179
1486 3801
1204 4774
56 4902
2571 3712
2157 2338
331 1637
2036 2752
139 2650
91 4169
2523 4851
356 4845
28 4743
897 1563
432 3418
962 1200
1233 2558
652 4134
1441 3521
2815 3328
311 4895
571 4381
1699 3924
1551 3521
1210 3558
569 4782
2029 2595
621 3566
1040 2567
200 2660
2684 4793
925 4276
1636 3471
138 4912
2831 4845
1288 3900
2374 3000
1303 1922
12 4993
133 4272
3481 3860
350 4508
1501 4446
654 4459
2269 3757
2984 4180
3152 4157
3340 3715
1687 2778
672 4421
1093 4165
2906 3477
1442 4675
927 4805
1457 2807
7 4998
661 2749
1229 4006
380 1665
1602 2391
1194 4859
1085 1761
2373 3083
1765 4159
2637 4306
1423 3854
3362 4656
733 2746
929 2521
533 4034
1151 4664
308 4795
181 4090
33 2252
786 2655
1269 2728
17 4754
640 3172
732 1585
1483 4723
3456 3884
1381 4357
115 3095
4088 4684
206 4658
1734 3096
4122 4553
51 4895
1127 4960
1236 3705
374 4412
81 3153
167 4891
370 4919
1605 2425
548 3314
870 4995
37 4900
877 4699
534 2826
65 2080
42 3810
291 3905
1930 3113
3053 3245
2323 2962
2226 4299
1844 3878
550 4869
476 4322
2794 4416
994 2750
67 4938
1523 1909
747 1012
1418 1855
2471 3419
2102 4050
16 4728
4695 4995
617 883
626 4321
263 3495
738 1710
1713 3265
1893 4705
337 3760
183 4416
670 2440
1638 1972
100 4102
235 4293
20 4593
196 228
820 4290
952 2339
701 4633
904 2628
103 2508
1519 4400
