5000 5000
3865 4252
720 4731
1374 2326
106 4589
535 3734
53 4953
1612 4271
349 4979
736 3598
1941 4525
3958 4541
2027 4586
526 3928
612 4528
196 2742
439 4845
1327 1720
996 4448
443 4948
16 3537
257 4552
2669 4143
3470 3990
894 4968
551 3380
736 799
63 1786
1951 4513
434 2297
321 3472
1162 3210
637 3042
1162 4928
2860 3734
936 1456
105 2958
1118 1372
687 4655
2312 2705
1247 3687
1689 4928
837 3732
4441 4764
2711 3470
550 3411
536 4873
1007 2144
1874 4691
2834 3945
1233 1330
878 4872
31 4938
3129 4519
2115 2895
2699 3528
2524 4452
964 4563
202 3981
680 4502
165 1573
237 2647
212 4447
46 3968
1227 4008
2822 4357
1797 4955
555 4955
3754 4690
865 4686
1421 2217
136 3010
236 4278
13 2630
988 2881
45 4998
387 404
1854 4563
2062 4087
783 1487
68 2366
62 4950
235 4020
293 4988
66 4912
1200 1517
1141 4004
760 4892
352 1640
334 2816
211 4899
1856 4591
666 4980
793 4616
1694 4047
559 4403
295 4680
4088 4503
351 4911
2280 4092
633 687
1117 4428
1602 4784
521 2266
350 4757
1108 4736
939 4823
2555 4200
1897 4539
812 3316
3923 4239
2104 4316
2230 4781
597 4576
3652 4180
2355 4530
2737 3332
1403 4773
36 4886
1446 2799
429 1866
1463 3933
2528 4027
1427 4226
241 2969
286 3409
444 4975
563 4657
78 4735
184 748
1545 4952
496 1095
1950 2541
976 1642
530 4715
1221 4752
2377 3702
2297 2507
165 4238
2916 4615
626 4862
1162 4576
1641 2568
442 3941
2054 3160
1088 3019
173 3541
1238 1553
2520 4878
712 1170
339 4604
81 4520
2759 3114
1879 4095
1266 3258
499 4176
4364 4928
11 2069
2281 4843
343 3766
566 4528
7 4983
427 3824
444 3979
217 1189
2680 4382
526 4767
1089 4077
807 4617
916 4148
1689 3407
837 4165
352 4676
124 4697
844 3654
250 4820
397 1054
140 4814
62 3767
445 2302
116 4835
590 4824
598 3771
635 4024
4305 4760
162 2850
3735 4196
14 3779
391 4713
24 604
1583 2631
618 4172
1939 2865
872 2222
2042 3789
506 3307
499 4576
75 4686
814 3189
1019 2524
500 4101
315 4540
664 4447
258 4707
1538 4033
40 4609
202 4803
576 4837
520 4545
1502 4212
877 3812
644 4430
262 4467
1773 4200
1761 4030
175 4925
475 2201
2050 3401
500 602
3725 4347
252 4367
346 4808
46 2377
636 4651
1947 4116
213 2249
788 2416
1060 4618
1767 2020
499 4417
2682 4764
995 4717
3181 3316
1430 3342
345 4082
2789 3888
66 1231
2224 4121
183 4812
352 4890
1127 4393
254 2270
744 4050
423 4165
1470 2945
1183 1312
307 4236
267 3569
1557 4494
4567 4801
2435 3624
1217 3234
2570 4992
9 3680
416 2280
3638 3677
869 4259
962 4936
4182 4453
28 4989
2543 3826
2331 3818
3368 4242
928 1770
1209 3861
1034 4467
2391 2940
1547 3319
739 2394
16 509
3230 4935
238 3549
768 4209
3042 4753
345 4407
487 4116
1536 3564
21 4817
670 4954
917 2691
17 4330
1485 3020
653 2748
2928 3768
672 2658
1266 4907
3528 3944
147 4864
864 3745
2931 4731
279 4836
886 4380
1635 4621
1444 1921
174 4834
741 4813
192 3896
1391 4980
221 3286
65 4701
3600 4405
458 2536
1633 4855
182 4358
39 4768
3503 3625
772 4383
1100 3141
368 3122
1601 4707
493 3655
946 1266
897 2319
2882 4929
511 4249
1057 4369
1172 1233
1368 2732
110 1985
166 1547
27 4937
1490 4625
1252 4716
154 1398
265 2963
1015 3133
2372 3326
3044 3273
1105 3588
989 3822
74 4454
944 2428
974 4935
254 2722
699 752
1398 2631
1516 4303
4150 4528
1195 3389
240 3867
210 1616
2870 3918
113 4994
369 4410
3443 4883
2297 4644
2040 4944
1186 2903
28 1733
701 3590
505 4183
2274 2859
762 1894
3178 4529
1308 4960
121 4824
1831 4958
1982 3123
593 4587
198 1063
2856 3321
578 4316
57 4967
418 4068
714 3774
3335 4196
574 4974
508 4112
742 878
10 4814
932 1347
1919 3792
923 4521
1232 4644
1796 2007
34 4578
282 3512
235 4658
27 4922
1394 3182
727 4251
2595 4602
1745 4394
231 4594
273 4444
1580 3157
1834 4048
299 2400
1178 4945
1611 4194
1620 4149
70 4629
3435 4784
1005 4199
519 4540
1693 3977
1700 4192
1740 4577
3799 4018
1084 1473
768 4576
600 3138
2666 4387
138 4026
3641 4614
170 603
2035 2382
332 3214
498 4880
760 4472
394 4698
1608 3016
57 4821
2351 2762
418 4924
3295 4478
783 4150
1042 4749
126 3716
1472 4684
101 4710
2274 3960
2213 2431
2360 4534
577 4246
3075 4228
35 4442
2147 2635
431 4364
662 1327
1884 4774
585 4613
966 2779
279 4727
1853 2061
498 3123
1232 4984
1107 2623
812 4280
1932 2478
924 4546
2017 3318
3413 4331
4740 4814
151 4764
250 4914
594 4015
2601 4417
839 3731
46 4801
423 4694
1651 4601
2455 4475
3459 3649
181 4751
402 4192
8 318
2210 4731
828 3079
167 2091
50 2819
846 4613
2692 4491
1495 3152
2614 2654
137 259
145 4214
1360 2222
597 4277
348 4840
1143 1791
1159 3223
1319 1818
126 4642
664 2555
544 2858
2301 4771
2508 3138
265 4635
1730 4099
2393 4525
1 5000
1313 2781
2371 3064
3 4772
3668 4716
1823 4540
2361 4607
1995 2475
2187 4300
3002 4000
634 3544
3844 4380
541 4793
4 4444
1563 3102
383 4449
1924 4720
3594 4685
68 3254
237 4938
354 1985
869 2297
1299 3576
2084 3167
363 4281
1395 4998
449 2179
682 3577
4158 4623
3531 4678
466 4535
371 2223
766 4938
334 3817
799 1176
120 3326
2855 4207
308 3663
1885 3524
385 392
464 4664
4287 4781
2176 3578
1630 4695
727 1299
4022 4457
1546 4732
2361 2807
783 3187
164 4307
520 4610
283 4742
3556 4422
172 4909
189 2944
46 3995
1431 3002
2275 3485
2165 3151
2469 4986
559 4407
2765 4657
1869 4200
471 2618
2448 2512
1816 2944
3471 4376
1806 4984
491 2980
1783 4487
3433 4952
2661 4988
2359 3003
2061 4614
55 3513
144 4463
1472 4975
1417 4434
46 3031
4592 4742
883 3131
3517 4654
177 4856
412 3381
4470 4707
2038 4797
1640 2494
1406 1872
1115 3470
2309 3280
1064 3290
5 2499
260 4609
920 2327
1202 4948
1216 4955
196 4597
2039 4724
2430 4570
4864 4876
31 4346
3527 3710
562 2575
519 4487
303 4863
366 4659
82 4157
322 4253
598 3060
379 3537
3 4992
1030 4347
458 4435
96 4806
290 4914
1098 3149
28 3870
45 4497
2258 3819
645 3009
1129 4405
1662 1959
4904 4951
1816 4897
86 4404
73 4736
792 3848
1413 4521
226 4202
2752 4181
907 4934
372 4609
3335 4010
2699 3778
1893 2002
46 4254
405 4670
1560 4899
1908 2561
2518 3855
1431 2276
1615 4539
1767 1930
1419 4249
520 4523
4237 4457
3235 3953
1486 4617
441 3215
753 2296
8 4935
718 2355
322 4672
667 4912
275 4299
3377 4129
669 4991
1043 4958
1097 2148
287 4776
1375 4542
1164 1301
933 3335
95 4112
13 4056
958 4667
529 4515
2553 3142
2742 4204
113 4391
288 4160
962 4949
1583 3291
790 4078
1149 4582
1951 4024
1604 4571
117 2308
381 4558
818 4703
524 4758
4144 4287
83 1892
325 3624
1530 1981
67 3163
2288 3812
97 4603
2049 4819
12 4710
71 3881
1319 2432
1162 4671
1236 2486
201 1277
2440 3813
2142 4724
2467 3039
593 4963
395 2634
35 4997
3435 4277
80 3663
3685 4461
1612 4025
1398 4823
848 4797
712 1533
124 4683
1155 3876
3129 4326
1000 3609
658 4219
549 4844
2506 2739
2769 3240
1447 4088
2043 3068
1647 4159
89 1380
3902 4320
2057 3469
1989 3781
1346 2497
150 3856
1560 4942
171 4884
2945 4607
480 4442
132 4809
3 4210
653 4244
1605 2695
3243 4486
2631 4919
2791 4920
1237 2077
1864 4335
640 1857
3863 4696
449 4060
1789 3597
4101 4113
3116 4344
291 3817
1788 3252
138 4889
497 4625
731 4071
2789 3601
283 4316
2049 3736
424 4985
1788 4817
836 4074
1156 2871
74 1772
669 3989
1999 3570
423 1491
3623 3763
1074 2493
1910 3958
1530 3426
437 4732
536 4270
1155 4885
1976 4755
992 5000
341 2608
1437 4287
445 4625
728 4022
319 4598
236 3766
1515 2762
71 4930
343 3312
378 4624
82 4959
3623 3666
995 3058
2834 3696
1248 3932
1748 2663
639 1928
287 1978
581 866
2200 3059
1101 1697
298 4441
1226 3845
299 4843
344 4608
1280 4529
1977 2897
244 1892
2062 3617
3680 3915
1188 4617
69 4366
2660 4355
885 4579
2119 3714
1951 2623
3267 3492
2133 4050
2911 3911
1682 4951
599 4005
476 3133
10 4990
153 4883
127 4342
1040 4674
40 192
137 3705
37 4970
253 3721
301 4651
1003 2494
570 4987
2975 4825
498 1537
2146 4083
1425 4191
388 1177
304 1107
234 3729
887 4871
1731 3531
1540 3282
1305 4969
1004 1384
301 4329
1792 3458
108 4911
1152 3660
93 3920
172 2106
744 4855
2572 4392
19 2389
609 2650
807 4744
224 4142
350 1576
2136 2226
700 4859
1914 2478
112 4855
1409 2084
1223 1405
234 4986
524 4947
506 4931
524 4497
4614 4842
611 2469
1615 4348
340 4452
342 1135
218 4428
1447 1839
2634 4191
382 4702
1482 4218
1124 3441
448 4292
575 4991
13 4997
94 4180
606 4521
8 4950
1503 4892
2685 4355
3377 3855
977 3677
336 2159
355 3685
2217 2271
556 4405
455 4883
1240 4283
3728 4114
459 3843
378 4475
428 4757
1729 2231
620 4767
2220 2897
2059 2348
583 3873
2551 3676
1750 4324
2875 3103
48 2989
1361 3246
1083 4711
1244 1990
896 4340
599 3419
390 1950
1105 4513
200 4446
1580 4791
2210 4384
1117 3072
638 4508
1826 4322
763 3004
1304 1817
2595 4261
2167 4965
4657 4722
1620 3272
28 2863
1212 4204
955 4931
633 4991
1772 2333
477 3855
896 4769
789 4215
201 3238
112 4222
684 3885
697 4550
450 3823
417 4838
932 2300
916 2186
146 4868
163 3997
396 1518
894 4925
3182 4985
28 2445
487 4950
941 1231
1020 4024
1060 1625
18 990
64 4899
1326 4929
1843 3762
360 4666
479 546
3276 4259
1905 3918
3641 3698
2194 4809
434 4989
472 3441
1745 4722
534 712
183 4567
311 1420
287 2095
1757 4476
1778 3345
522 4988
166 4411
212 4960
1515 2704
23 4968
262 3210
2951 4616
1694 1722
2450 4977
1966 3927
118 4711
1836 4692
2935 3790
817 4411
1681 3122
893 3917
99 4956
1854 4453
1046 4984
1187 4295
1603 3444
1501 4520
1179 2910
193 1831
1636 2990
3005 4694
3382 4556
228 4757
666 3181
526 4953
332 4510
3156 4754
1382 2876
2428 3627
475 3178
303 1236
1657 3680
1269 2666
78 4194
3003 4098
4384 4928
320 4564
345 2528
21 4908
2199 3047
978 4478
711 4932
1592 3135
260 2625
1336 1877
3019 4802
1876 3976
3915 4880
2814 2873
453 2954
1265 2825
144 4868
2020 4208
1661 3189
3445 4436
327 4982
167 3971
283 3309
144 4629
3497 4239
18 2285
69 4925
595 4221
91 4808
1142 2354
1424 3821
486 4655
626 4692
1784 2174
565 4266
3066 4393
2049 4896
982 4399
144 4841
1001 4302
681 2843
1963 4204
727 4052
1931 4834
2149 2659
1331 3074
181 4827
2167 4641
451 4746
46 4448
2800 3686
861 4895
15 4532
1301 4293
147 3937
699 812
1224 2301
3386 4072
659 4076
973 4197
716 2446
1023 4163
949 1560
647 4886
1682 3671
2268 4691
2074 4717
3233 4636
844 2275
52 2740
272 4706
75 4954
769 2588
732 4762
1763 4116
3875 4825
1614 3545
2156 4635
275 3672
457 4151
38 1281
1034 4556
620 3884
956 4397
1511 4262
465 3475
1114 1365
47 4231
3518 3939
1590 1707
4425 4517
9 1066
2219 4233
180 312
2683 4069
1794 4086
26 4722
449 3180
291 2613
779 4601
1340 4529
625 4927
621 4875
4390 4800
1362 3914
471 672
433 2164
412 1092
1737 3893
1188 4941
103 4778
486 4514
1264 1387
44 2912
700 4124
56 4576
3864 3931
1312 3504
1798 4271
1689 2617
845 3897
1556 4002
4668 4791
814 1801
2427 3689
433 3051
113 4996
85 3693
1626 4622
1390 4159
4 4904
153 4948
38 3294
3223 4794
10 4847
516 4371
2083 2995
1752 2870
887 4841
2771 4466
6 2699
1011 2685
706 2231
1262 4137
556 3321
26 4758
513 4090
471 4564
743 4461
1259 4421
539 3574
204 4968
770 2680
993 2780
1245 1954
2003 3611
2756 4572
307 4940
1626 4500
39 3547
476 4690
1757 2213
1659 4368
329 4656
884 3476
1480 3308
915 2750
2685 4902
2536 3184
2065 3725
431 4993
112 4865
1671 2027
1597 3467
1651 1966
1386 4111
2842 3886
630 2201
2000 3978
2321 4512
2225 4565
1556 2073
133 4622
2448 4488
629 4562
603 671
1222 3279
1758 3323
113 4998
2181 4737
1113 2273
318 3702
1231 4114
2249 4271
3 4994
1637 4294
338 4675
2353 2937
1721 4917
1067 4139
4388 4472
328 4531
375 4133
2786 3568
54 4936
2583 3352
1742 4912
3400 4550
21 4082
130 658
413 4307
1428 2483
103 4710
278 4894
4187 4883
692 4857
7 3989
1173 3095
504 3974
41 4996
79 4415
707 1386
406 4190
8 1454
1287 3452
496 1912
1789 3488
91 4784
2249 4008
2344 2772
4355 4572
1049 4807
434 4686
187 4648
33 2411
721 4209
812 3250
644 4882
213 1792
9 1567
112 1604
1922 4633
1959 2678
1274 3874
720 1129
1227 4835
597 4417
272 4887
2055 2730
1917 2928
466 2196
291 4545
1095 4866
1145 4366
786 1713
462 4276
217 4987
253 2589
1356 4533
1190 2420
419 1930
11 3696
2544 4404
876 3912
1257 4436
13 4982
598 3258
2306 3177
1311 4503
124 3352
103 4908
50 3333
454 2565
1836 4427
2719 4405
1446 3442
477 3013
1160 3697
834 2324
375 4545
2551 4781
1637 2557
231 3559
417 3000
4 4968
260 4285
3821 4913
744 1246
2342 4554
1513 3303
1982 3353
950 4268
3475 4666
1646 4994
79 3385
2286 2539
1874 4074
304 801
982 4876
396 4702
2718 2721
229 4046
1541 3558
1567 4162
1939 4131
76 1507
2926 3070
4353 4702
596 4416
880 3317
2 5000
885 4483
800 3174
594 4300
1145 4521
933 4074
19 4826
54 4950
3316 4212
4419 4470
3477 4427
671 2260
1190 3931
2348 3274
1753 4808
509 1449
1707 4219
2578 2722
2705 3545
1357 2933
1555 1755
2673 3651
766 4919
644 4861
543 4806
4123 4556
1303 2581
2 5000
3614 4810
2323 2340
691 3610
554 4315
187 1840
39 4953
261 4914
451 4037
300 4917
2376 4318
650 1867
1330 3825
1722 3798
265 2972
3783 3803
2746 4676
214 4991
135 4810
553 2029
1640 2491
428 3219
2054 4734
3414 4084
138 2860
69 4640
940 1208
1053 3291
250 4857
483 2517
2141 3365
3786 4266
1983 4920
1664 3966
1832 3345
307 4819
111 4021
4606 4847
393 4660
691 4972
177 1819
50 4995
2927 4863
2099 3191
3897 4519
430 3771
454 4869
1984 4960
528 4342
1881 4143
511 2509
451 4220
1377 3983
1094 4966
2604 3505
3108 3845
130 1390
705 4355
829 2400
251 2291
3394 4349
246 4800
873 4596
210 1692
2080 4366
2263 3480
911 4880
2219 4756
3281 3897
51 4173
2130 2597
964 1013
505 4951
63 3681
499 1172
400 2991
3145 4139
491 2518
1795 4848
1530 4320
152 4326
2097 3382
257 4886
2948 3843
2 4992
551 4806
278 4591
636 4913
150 4892
3123 3491
157 4885
200 4641
557 4886
280 3217
298 3887
968 4729
2789 3837
799 4747
354 3075
1394 3606
751 4993
1021 4208
1772 4837
2474 4962
1868 3898
1351 4034
1738 2069
472 2262
729 3675
1547 3142
4675 4698
502 4244
623 3758
1157 4399
832 4924
1954 2488
2089 3272
208 2701
438 3592
1456 4340
198 4973
817 3051
1396 3955
1534 3470
326 4965
394 3199
311 4398
219 4232
1673 4063
519 2843
221 4793
1954 3333
855 4674
290 3375
92 4987
2028 4896
180 4728
3433 4012
2919 3881
3116 3357
639 2055
110 1048
1432 4614
19 1767
149 4372
156 4867
1061 4585
34 3410
1844 2626
1974 2078
1856 3419
891 2993
3624 4293
526 2723
1102 1325
1320 2994
195 4843
1423 4654
3170 4916
490 4194
678 4092
309 2282
1839 3268
2053 3867
1362 4015
3905 4156
1652 3383
172 4875
561 2325
1325 2812
2468 2783
472 3698
1404 3241
402 827
652 4897
3868 4426
2605 2970
1069 4950
234 4324
1461 4831
283 2276
652 2884
920 4942
120 4554
1149 4175
3170 3895
1033 4567
3725 3878
3309 4865
3086 3754
1918 1977
594 980
624 2228
527 2696
60 4153
153 4863
963 4884
607 711
1457 2067
30 4603
249 3625
329 4907
152 4400
126 4928
24 3995
662 1013
1229 1849
532 4259
494 4480
3418 4170
630 3681
3102 4797
850 1241
25 4204
3864 3885
392 4291
4 4907
2175 4181
931 4969
305 3768
560 2363
12 520
666 4215
2715 4821
2986 3565
1202 3746
753 3835
83 4981
4224 4262
1807 4869
90 4271
1284 2022
360 4849
363 1455
892 4439
782 2642
3131 4567
117 4023
63 4961
2287 4453
1320 4791
135 1195
285 4683
646 3417
2854 3001
351 4660
460 776
99 3190
1752 1907
698 3613
2008 4366
33 679
3603 3964
832 3050
624 3755
2694 4000
430 4588
300 4422
1399 3840
1706 3595
4250 4658
2397 2408
637 738
1340 4627
782 4510
653 2297
30 4410
2773 2785
1923 4674
2277 3399
249 1474
1411 3751
102 1813
1964 4720
1502 2972
2494 2651
2716 3437
276 2338
17 4932
147 4882
473 4909
95 2048
12 1151
2558 4901
137 4110
1050 4474
1767 2938
1876 4846
3803 4172
3147 3666
1658 4027
1388 3842
698 4901
56 4956
606 4912
1224 3345
2170 2872
137 1050
181 4522
2688 3706
981 1293
3993 4692
363 4402
1693 2760
2525 4520
950 2184
2714 4799
365 4772
1227 2707
639 4926
3162 3393
226 4892
2360 3332
2345 3928
284 3982
2023 4719
1261 1337
833 4828
544 3808
4513 4613
1464 4059
1415 2671
2113 3435
4251 4313
2830 3512
644 3280
4421 4969
164 3447
791 1611
214 3472
714 1529
4 4199
363 1630
330 4095
1716 4422
1597 4429
4494 4968
1726 4409
207 1818
766 4995
1266 3671
521 2108
345 462
146 4058
3695 4810
1267 4778
1429 4892
655 3392
2837 3046
1172 3805
473 4723
1542 4360
3547 4729
341 4562
1783 1974
1444 3682
584 3638
554 4031
72 4360
1822 4218
2920 4735
2859 3946
1886 3908
518 4689
2713 4002
521 4678
668 4908
1221 4793
1873 2884
135 2030
2699 4653
72 4305
111 3607
1007 1201
3681 3860
265 2125
3034 4704
84 3213
1450 2906
1169 3130
67 3682
868 4748
605 2301
1897 4268
939 4891
131 4867
2549 3925
1840 4736
2278 4342
3559 4826
324 4649
755 2023
3065 3884
1926 4528
1034 4503
1136 3852
641 3897
435 933
3131 4364
1646 1695
3021 4158
1266 4069
58 4817
7 4018
2058 3829
199 4991
1133 3083
1197 1894
1601 4948
159 3415
1268 4165
1490 4903
222 3467
1610 3480
2524 4498
2873 4984
416 1515
50 4998
323 4463
1382 4331
2175 3956
4055 4594
1917 2449
152 2380
385 3944
1311 3669
2711 2811
2701 3053
1491 4518
2363 3377
1228 2462
3718 4721
885 4297
817 3993
41 4859
103 1527
182 3568
1262 4433
170 2802
3312 3657
3857 3857
3597 4592
1535 4786
141 4955
1511 2280
449 4956
4575 4647
2140 3030
1380 3772
1099 4079
184 3984
506 4980
895 4590
339 4914
144 3439
367 3088
1783 2422
1174 4655
853 4641
439 3155
363 4801
2156 3198
2226 4719
3454 4346
537 4176
517 3660
440 4876
3556 4531
1004 4023
795 4671
43 4791
89 4950
412 4963
232 3135
1338 1991
450 3700
138 4062
1530 3546
1233 3072
709 1311
645 1736
960 2595
2688 4806
762 4955
52 4953
1180 3191
406 4242
3939 4175
2814 2856
2709 4965
385 4982
17 4970
144 3764
688 792
739 4993
1676 3572
578 4403
2144 3927
2418 3938
3528 3773
374 4218
171 1124
1303 2809
1597 3640
484 4459
1867 2169
1 4989
525 4597
90 644
2415 2929
950 4982
427 803
619 3988
2754 4982
2644 3185
1619 4157
1846 3302
155 4146
2371 2788
2550 4621
1593 2566
2303 3805
610 3190
2615 4536
316 1317
157 3664
369 4638
2797 4715
2982 3966
1822 4916
1369 4361
4055 4648
184 4530
1611 4263
2262 3408
897 4227
3032 4328
1114 4195
1468 4809
2476 4925
3386 3594
2355 3208
506 4735
330 4808
2060 4075
2054 4428
641 3796
369 4526
378 4641
2895 4975
18 4362
3225 4514
1176 4791
383 3204
2589 4447
1445 4759
1317 3550
3341 4117
1002 3039
1882 4582
204 4920
304 4087
1485 3002
11 3438
347 4691
936 4734
3387 4384
1884 3781
2252 4403
1722 4864
1600 4720
1741 4897
1184 3847
1929 3265
529 2411
338 3772
305 4615
1163 4771
163 3003
2368 3725
1864 3586
1298 3220
469 1298
102 3832
542 3760
125 4975
2211 2815
235 4976
2236 2920
1157 3486
266 4861
1066 4177
1358 4674
255 4790
1862 3156
1564 4709
48 4970
339 4640
714 3180
548 1000
1326 3076
507 1781
2200 3442
107 4847
79 4960
24 4644
705 4563
2926 3536
367 3118
605 2607
356 602
885 2511
31 3277
3265 4310
1510 4636
2582 4836
2046 2692
475 1723
1545 3040
2591 3068
1122 1624
1288 1869
761 2444
326 3537
971 4722
1318 2524
1600 1690
2870 4690
1128 4578
1581 4622
102 4017
2398 3699
3012 3154
1712 3177
1848 4243
1981 4818
519 4868
661 1818
485 1398
328 1723
4283 4430
675 4300
3293 4321
791 1557
16 1834
826 972
1807 3707
1500 2144
206 4571
2306 3798
365 4387
215 4251
2780 4940
1282 1769
1206 4760
63 4075
2630 3584
1943 4594
1116 3726
1258 4876
2035 4873
221 3666
6 4962
2144 3950
421 2858
1690 2566
817 3705
1366 4395
1926 3807
802 4885
3842 4164
658 4528
135 4685
2628 4151
332 4071
80 4984
2764 4050
332 4765
4720 4761
355 4953
203 4720
1639 1654
2991 3502
4163 4508
3312 4711
3139 3798
420 3516
287 4524
3085 3214
2017 4723
49 4178
113 2477
1004 2218
1094 4300
4142 4518
110 3880
1438 1995
902 4946
28 3555
2950 4400
2160 4182
2791 4278
274 4501
568 665
2811 3667
1027 4116
1502 3385
200 4659
1012 3516
1014 4989
2844 4394
370 4831
2180 4382
1115 3532
704 2219
462 2403
2923 4925
150 3680
1522 2769
54 4962
87 2544
1706 4095
4 4910
625 4345
2200 4894
81 4990
1425 2918
1574 2151
8 4972
32 4805
1852 3955
1216 1625
62 4914
1796 3695
3380 3756
461 4262
3718 3789
1447 4918
589 4994
1048 4163
398 4839
91 4799
1289 2640
2039 4552
1052 4445
207 3959
453 4781
1123 4042
2829 4730
140 4985
2749 4982
2110 3907
2128 4600
254 4507
270 3375
912 4398
1757 2897
891 1947
1390 3918
1635 2462
696 1646
317 1360
1728 4599
302 2919
789 4837
106 4205
392 3726
765 4604
2246 3342
368 888
1181 3535
3664 4876
2362 2866
1165 4095
2295 4165
1559 4169
3487 4842
511 3985
466 2999
2923 4266
1785 4908
86 4673
490 4447
570 2803
395 4789
2135 4852
952 4988
25 1927
135 4810
2234 4944
509 3406
23 4944
3825 4887
17 3805
117 3185
2613 3148
237 3756
222 2466
370 2364
476 4326
818 4749
58 4442
1334 4221
955 4656
859 1659
1352 4033
6 425
436 4979
9 1376
570 4867
4230 4651
668 2130
84 4804
4287 4575
537 4368
2677 4129
1898 2804
933 3280
808 2829
395 3519
568 2938
601 1008
4482 4651
1522 4600
613 824
1067 4292
155 4962
819 4713
1872 2261
1434 4927
1340 4474
1011 2269
279 4754
1107 1970
1978 4043
1198 4723
491 4994
104 4991
111 4771
642 4713
235 3002
619 3547
451 4058
1872 3059
2613 4487
3849 4065
1586 2155
567 3921
1309 4089
903 4814
684 3733
990 2729
558 1448
304 3637
122 3807
928 3480
830 4200
766 4832
526 3432
4404 4966
1603 4500
701 4185
208 2544
365 4608
4185 4935
223 4873
1018 3565
227 3007
581 651
301 3492
2271 3772
69 4090
82 3827
882 1680
869 2677
1850 4387
2132 4621
2603 4907
644 2535
194 3065
169 4881
674 4564
1226 1707
90 2950
1556 2993
522 4339
351 3781
1158 1365
313 4593
2196 3815
2974 4823
308 4304
1410 4181
858 4815
2826 3287
924 3841
2703 4604
2498 3122
1779 3085
182 4722
400 1880
810 2034
1986 3083
1894 3380
742 4309
580 955
766 4795
101 4376
599 3827
151 2548
913 3770
1299 2785
7 4822
3455 4001
1875 2778
153 4908
277 1625
2738 3776
162 875
470 4662
1099 3778
435 2712
2672 4396
12 4930
435 4822
84 4893
112 4028
5 4982
2223 4438
1103 4911
1466 4987
271 4944
2105 3983
836 4836
1787 4680
1392 3994
405 4495
2930 4006
1296 4377
578 4835
3572 4917
1240 4459
70 4988
703 4336
631 2292
2398 4027
531 4974
1770 3282
608 1714
151 4752
972 4934
652 869
25 4984
916 4852
2956 3268
3 3464
412 4230
1086 1317
754 3749
4316 4905
1131 3547
689 2157
120 1345
34 3746
1075 4625
1240 4969
1006 4966
704 1549
320 2970
354 1222
926 3739
1038 3693
3155 4725
66 4977
1162 1896
457 4853
18 4864
508 4817
2374 2836
1680 3839
658 3934
2520 3396
3721 4622
83 4655
50 4901
2225 4891
105 3833
2528 4648
93 4799
1975 4811
2823 4737
1672 4667
140 4885
221 2539
925 4081
2668 3386
2855 4950
951 3949
3671 4981
756 4981
1838 3769
296 4875
2213 2563
444 4361
873 3553
447 3869
617 3979
642 2745
616 3063
1176 3091
1271 1493
34 3000
930 1643
135 4637
2750 3380
3379 3628
1459 3770
440 4693
1547 4350
136 4581
1148 3855
1302 3032
612 4495
4230 4285
3136 4946
307 4548
2814 3948
2944 4804
769 2323
915 1279
1705 3926
1445 4311
574 3655
142 4511
4393 4793
1619 3934
780 1302
163 2675
808 3663
4148 4933
658 4135
359 4276
141 4516
2000 4007
584 4561
780 3930
4393 4531
2765 3043
2466 3998
959 4558
310 3676
824 3108
1465 4803
407 4459
1482 4415
3796 4774
1204 4194
2265 4645
159 4170
3108 3313
1005 1480
1770 2855
3670 4975
1552 4945
3447 4315
2635 4682
290 4111
11 4807
1131 2887
361 4851
227 1936
53 4695
3633 4427
3886 4098
1308 4971
1450 4117
1775 3763
1146 3488
505 1186
2481 3570
772 3320
3725 4846
18 4885
36 2480
1906 1963
123 4895
1816 3993
91 4794
478 2914
600 3520
18 4216
115 4980
718 4295
1014 4528
1425 2538
1528 4509
502 4928
2184 4152
368 3842
2142 3214
6 3977
2309 3138
2027 4430
1256 3996
534 956
1513 2809
1763 2288
437 4043
494 4739
1925 2939
125 3216
690 4951
3864 4050
1193 4014
1335 3020
73 4507
41 4083
157 4643
558 4415
34 1929
1304 3851
4786 4821
307 4641
4142 4975
227 4955
512 4117
1351 1571
297 2043
1668 4832
18 1865
501 4493
1984 4645
3362 4720
1430 3207
1823 3474
487 4900
3108 4821
688 4970
383 4120
1735 2594
1551 3499
944 4541
2458 3280
51 4978
140 4996
1185 3298
71 4615
235 4957
1562 2589
1371 4063
704 1683
2376 3319
1059 4764
1334 4606
3319 4859
310 3308
1330 4942
1624 3430
680 4991
1778 4480
130 3603
1192 2523
2603 3107
4294 4896
2457 4095
1428 3528
175 4505
1792 3928
2227 4198
1261 4082
1401 4917
1290 4767
242 3147
2066 3815
98 661
484 2735
1924 3360
441 4188
452 3526
2441 3036
2798 3006
1232 3456
635 3714
1497 3344
4109 4671
809 3948
2354 3702
1503 3580
578 3296
897 3917
57 4531
154 4768
294 3523
3320 4366
2511 4705
3 4852
150 4706
30 4650
186 4420
3427 4144
2180 4726
342 2173
543 3635
3434 4639
721 1795
7 4985
3189 4219
253 3841
159 4879
3296 4259
899 4758
3356 3421
489 3294
3670 4988
297 3854
1560 1675
3159 3455
612 4498
2825 3753
1909 3681
3327 4795
3813 4863
2267 3061
474 4843
1388 3537
3164 4966
3327 4798
231 4627
354 4530
486 3838
444 4191
1318 1585
345 3423
3544 4207
293 4419
1331 4921
1849 4691
89 3765
37 1320
733 4422
372 4351
279 4277
2364 4874
30 4907
138 4092
1087 1265
492 3905
256 849
152 4120
1278 2203
1240 4770
512 3738
1946 2377
46 4951
337 3959
3799 4851
245 1359
879 2761
575 3804
1343 2018
193 4352
110 3984
804 2384
1243 4768
304 3539
2 4994
421 4990
3138 4111
668 4744
3842 4755
240 3108
2376 4600
1517 2348
3043 4281
783 4001
125 4237
318 2770
951 3383
2332 4035
413 3687
716 3206
263 307
681 800
1298 4881
606 3632
1599 3399
200 4913
1930 4508
1308 4289
2219 2525
1732 2009
2075 4914
555 3413
367 1511
44 2307
482 4390
626 3011
4660 4739
859 4370
216 4682
680 4287
52 4352
1066 2652
1573 4406
1492 4796
1274 3251
1394 4972
1850 3870
683 2734
2939 4538
125 3755
224 3262
852 3387
2 4587
69 3548
1826 4875
310 4754
7 4992
710 3287
3660 4236
4746 4804
1967 3520
470 3784
121 4872
85 4605
1168 4950
268 2386
3007 4122
456 1468
50 4989
1233 3993
74 1894
3927 3931
885 1952
3656 4327
4055 4778
1638 1657
1122 1137
4069 4788
305 4611
1739 4546
585 659
107 618
1201 2864
138 3253
1170 4420
199 1494
958 3560
1821 3436
717 2909
1766 3102
1012 4134
2038 2652
73 1556
456 1086
1828 3343
1548 4846
2655 4759
132 4793
1003 1164
929 2711
2107 2227
387 3692
636 4798
94 4337
1388 3884
221 2883
197 4947
35 4609
214 4669
1213 4842
1574 2561
1752 4862
130 4778
313 4583
4029 4217
186 1289
37 4114
304 4710
235 3688
3738 4899
449 4735
434 1976
3231 4972
597 1658
2648 3205
3342 4704
2648 4522
2140 3935
384 4849
122 1815
271 4434
2171 2593
716 4383
77 4592
2935 3909
193 3296
1280 2117
2713 3352
1209 4001
317 3928
1635 4681
1228 3379
2126 3765
1941 2331
411 4231
3127 3356
2859 4166
3 4139
867 1791
18 3404
1903 3814
435 4720
116 4518
3506 4284
231 4926
39 4045
527 3820
1553 4770
376 3633
460 4483
1720 4200
1281 3464
75 4968
18 4790
62 4972
2284 4391
1259 3185
588 4223
1619 2130
582 1666
1367 4303
1425 4654
1575 4005
2451 4893
1872 3860
1006 2185
2497 4772
987 3344
133 3619
2588 3963
587 4403
1357 3368
275 4406
907 1432
61 4334
758 3712
1706 3286
2584 4057
213 4020
676 2381
3159 3498
36 3955
1215 3434
4557 4786
464 4839
3899 4002
67 3745
3064 3496
681 4997
3616 4844
511 2992
2679 4284
284 1262
402 4806
2799 4222
1869 2859
1036 3066
1948 4012
234 4574
1106 2803
955 4770
315 3395
1240 3238
12 4331
400 2660
714 4929
2554 4032
734 1155
623 4920
1614 4533
243 4803
40 2983
260 1698
504 4486
1404 3810
2263 2518
1841 3062
2110 3379
3372 3567
1355 2576
1010 2771
490 3384
1024 1489
233 3313
863 3740
2915 4138
1247 3673
416 1772
1364 3883
408 1078
208 4582
99 2105
284 4163
1878 1912
2139 2946
60 4853
193 4638
8 4997
801 4164
500 3577
199 3446
2877 4770
699 3132
810 4907
54 4328
1125 3854
272 4868
2172 2877
2292 4574
111 4971
488 3483
619 1401
925 4837
1589 4566
738 3943
1480 1859
1259 2250
383 2779
2 25
12 2788
2153 3042
1369 2645
1124 4864
622 3890
30 4910
151 4772
515 2627
887 3002
1080 2410
1466 4623
902 3891
733 4797
68 4448
28 4322
560 3192
2903 4261
225 2848
643 4140
89 4891
98 3055
139 4821
3987 4226
695 4283
1678 4398
855 4882
1673 4809
3023 3369
97 4904
3507 4997
855 4653
491 4183
447 4062
79 2219
358 4356
1816 3335
3348 3515
1286 4928
70 4204
200 4768
248 4413
1240 1730
1087 4553
2238 4455
25 4789
1769 4077
2073 2219
1005 4756
1694 2813
2714 4278
2632 4844
615 3415
1437 4978
2594 4375
1441 3820
131 1608
335 3110
366 374
746 4174
1102 3712
66 4633
799 3409
779 4706
2029 3069
451 4666
648 4849
1358 3096
6 4835
33 4688
57 4919
1051 2247
544 3307
2996 4354
1128 4287
2129 3636
405 3851
707 3240
461 3189
1320 4874
1270 4888
480 4531
935 3169
1101 1407
38 4301
3772 4605
1312 1877
190 1734
2684 4635
843 3798
2069 4965
77 4474
33 4520
1669 2784
2296 4887
300 2025
342 4615
278 961
1110 4123
4544 4967
836 2470
562 4866
3514 3840
3 3948
425 4009
184 1498
654 3659
526 2568
316 4125
501 2649
1816 2337
1624 3113
86 4910
183 4070
1049 4422
187 4308
1986 4330
1915 4384
53 4872
102 3207
840 4333
1914 2478
803 4889
193 4822
1768 1935
145 4808
164 1823
423 4086
1475 4812
1088 4649
376 4370
1964 4370
106 5000
193 4549
4813 4946
3708 4943
1195 4892
1688 4703
611 4827
191 805
1653 4959
1132 2551
642 643
324 3833
1826 4505
276 3803
4386 4462
972 3487
471 3411
3809 4665
783 2749
13 4271
3897 4497
2653 4589
149 4739
140 4414
4265 4584
517 4115
1 4999
6 4951
10 4996
419 2398
1248 4342
420 4945
388 3401
4168 4499
1710 4246
435 4251
697 4539
328 3583
258 1516
2916 3772
4277 4621
910 3735
2397 3226
1746 4890
1307 4769
4135 4829
693 4092
1311 4983
287 4628
512 4104
776 811
371 4485
62 4938
259 3370
777 3869
1278 4704
1360 3935
209 437
66 4745
3274 4202
2195 3334
3291 3845
384 2706
148 3622
571 4071
1698 4775
3819 4537
670 4879
180 2598
297 4641
4508 4560
4191 4487
223 4406
3075 3790
1529 3894
2444 3016
2752 4538
1120 4486
943 3174
1448 2758
2126 3043
349 2713
2075 4468
2194 3021
1944 2785
113 4179
397 4935
941 2321
5 4997
435 2345
3839 4481
3729 4840
609 4948
1449 4394
118 4940
1720 4938
116 3421
3496 4343
222 4723
3078 3464
1992 2523
424 2896
9 4976
3045 3519
2083 3601
238 240
1120 4164
1250 3481
509 3636
1703 4724
3152 3243
855 4919
430 4152
2497 2538
198 2197
1183 2443
2047 2223
886 2118
462 2655
337 2955
293 4900
1213 2928
20 3121
31 4978
1683 3328
3011 4296
222 4126
1068 3257
1976 4734
1423 3462
472 4862
2146 2970
299 4683
1030 2148
35 3725
190 3304
18 4684
746 4925
1815 3480
412 1300
4626 4651
280 4369
1813 3300
1680 3996
3841 4791
18 4862
428 4950
1717 4992
1955 2475
1544 1562
2097 4170
3346 4677
143 4261
1931 3191
195 3393
3989 4378
705 4413
55 4295
4449 4533
883 2756
1731 3242
2009 3638
18 3036
296 2500
489 2286
49 235
919 4811
1589 3963
443 4230
416 4977
894 2693
1682 3655
2281 3647
2500 4489
506 3500
64 777
639 2253
230 4557
737 886
695 4574
170 4946
5 1947
2136 4027
992 3559
1321 1428
1870 4561
31 4667
1205 4626
3657 4158
1544 4613
2185 4411
940 4639
4210 4310
687 4077
268 4967
1266 2437
841 3735
172 4228
638 3295
8 4882
1796 3252
991 3801
857 3301
1423 3670
1062 4180
298 1423
1590 3689
744 1589
3561 4824
412 3385
3329 3860
992 2421
210 4009
1873 4818
83 4222
2862 3062
21 4995
1165 4332
2094 3964
741 1395
1689 1927
809 2690
1325 2514
4096 4645
218 2733
1564 4791
1395 4419
4219 4845
1438 2579
1608 3178
3836 4332
459 703
208 1653
1966 4183
979 3927
3333 4152
1778 4144
4695 4839
1060 4011
2436 4997
380 2933
750 4927
2840 3742
947 4562
1611 4430
435 3903
1371 4417
1058 4941
4109 4371
344 4240
1747 2661
997 1839
2046 4361
351 1589
2625 3201
374 4966
2189 4603
279 4410
460 4766
503 4932
412 3338
2461 3149
2073 3830
2512 3372
320 3022
1367 3340
891 3840
1861 4751
2569 4625
45 4709
1981 4828
1377 1582
425 1995
197 4769
432 4411
243 4027
3386 4968
2268 3151
1328 4186
283 2269
2312 2896
1356 2537
3047 4368
1140 4775
127 4850
1773 3720
152 4989
2511 3061
1822 3804
2307 4441
300 721
2235 3874
840 4440
668 3783
279 4337
316 4847
890 3198
2892 3689
6 3739
3740 4486
211 4841
1592 2581
439 4521
16 4768
425 3222
601 2864
1800 3222
44 1177
127 4994
283 4469
316 1976
288 4946
559 2902
135 2417
1210 4799
2793 4212
377 2918
288 4487
80 1521
2050 4975
14 4893
237 4847
1325 1339
214 3610
156 2451
1131 3498
1541 2993
121 1981
1903 2933
2934 4524
3202 3766
1254 4597
562 3063
267 4846
354 1636
2680 2811
1405 4415
810 2121
2904 4361
1587 2466
2431 4926
619 3252
1907 4357
649 3795
391 2899
1343 4614
463 4688
134 4924
299 4896
34 4958
32 3586
806 4834
1517 4759
21 4654
58 4898
700 3981
1436 1975
3034 3802
4236 4527
137 3366
7 311
1476 4172
214 544
1511 3976
24 2566
1738 1758
1624 2120
2236 4890
2984 4098
195 4230
627 4734
105 3708
2301 4590
680 4078
1398 3642
1671 3791
50 4722
494 4815
638 1879
422 4600
2094 2258
2161 2526
2278 3412
101 1573
459 2245
267 1889
381 3398
216 1637
498 4952
2359 2755
3482 3489
170 4227
23 4363
5 4984
1970 3470
1739 4715
491 3363
1141 4978
266 2673
1443 1675
2818 4076
59 4935
1974 4418
3 3570
214 4958
3781 4556
1106 4659
545 4932
2013 4356
1668 3843
904 2227
2454 4742
272 3524
595 4629
2462 4994
1162 1169
2002 2517
288 1648
2914 4021
42 3974
2310 3644
116 4821
1946 2225
4523 4690
1657 4749
890 4795
523 4323
3110 3695
5 4242
966 4184
3303 4559
1539 2690
2866 4112
2303 2937
921 4323
2805 4156
1236 3886
1440 4734
686 3837
2083 3617
1136 4695
987 4958
620 4889
707 3366
65 4928
1027 4457
2530 4547
3709 4452
775 4250
678 3739
213 1846
34 1044
1498 4367
651 4476
520 1422
20 43
1986 2311
2740 4855
1919 3988
9 4997
1813 2770
2709 3386
2703 4810
506 3841
1696 3760
1658 3629
1095 2218
332 4980
714 3902
2067 2700
181 4619
3625 4299
3047 4214
2658 2895
46 4660
1336 2594
1993 3261
184 4878
2279 4945
381 3943
1304 4668
560 3162
1438 1607
214 3885
1460 3487
128 4631
2012 3506
490 4949
1166 4979
3040 3322
2699 3292
3285 3425
82 4733
226 3655
4407 4580
3446 4077
683 4334
908 4885
44 4789
1000 4436
1782 4077
275 4728
588 1550
539 3329
546 1206
2389 4537
258 4467
3456 4624
244 4748
4694 4831
1072 1706
195 4731
144 4287
209 1050
2458 4772
658 4455
270 2795
1348 3633
2547 3480
1153 4707
840 2203
2550 2607
42 4969
268 3323
2297 4126
3737 4407
3007 3388
956 1186
1705 1744
248 2846
730 2871
2012 4269
4202 4428
552 4840
3046 3693
504 3262
598 4186
3708 4503
1631 4699
904 4163
14 3742
1543 1913
946 4170
2602 4111
2408 3977
3593 4904
90 3974
2402 3630
167 4513
2129 2200
914 2893
3043 3199
228 4087
3581 4356
613 3163
89 4961
461 1183
347 602
2967 3030
1187 2077
170 4778
114 1009
709 1797
92 4976
1840 2653
513 1532
3026 4425
2951 3106
769 1278
87 4938
876 4585
2317 4996
1032 3022
589 4806
977 4626
1877 2912
3908 4052
3027 3518
53 4267
169 4756
3770 4029
235 4949
616 3919
220 2722
1679 3960
83 1296
106 4984
44 4641
1121 2235
51 4208
49 4374
1128 4415
316 4004
1366 2191
3221 3802
138 4420
177 4830
2117 4375
849 1155
38 4643
242 4935
1317 2646
1694 4250
8 4216
3841 3848
3943 4037
830 1281
343 4994
495 4361
438 1578
724 3795
327 363
952 2977
3877 4796
1653 3268
2947 3107
84 4926
1679 4112
1654 3710
27 4919
968 2949
974 3669
549 2827
869 2201
3882 4517
84 4950
721 2429
20 4979
3975 4635
73 2586
2079 3158
4528 4597
1119 4827
1003 2530
223 4596
2617 4380
1062 1863
890 2123
1119 4556
609 2872
1381 3997
4175 4318
1408 2587
2406 4706
752 3002
2105 3420
219 4417
2832 4684
2545 4372
254 4881
1687 4413
2424 3653
195 880
280 4077
1274 3987
1446 4791
1619 2079
3012 3176
636 4985
1416 4787
4740 4752
1 3134
226 1654
3895 4095
1701 3462
789 1912
1289 1708
3331 4299
139 3602
1671 2404
392 3170
2868 4358
531 4862
1459 4755
2837 4510
1004 3517
1362 2954
843 4842
3392 3569
877 4802
2308 4843
264 4143
1476 4868
308 2984
1532 4849
383 4741
3576 4249
3472 4048
2135 4335
1968 5000
486 1697
1975 3379
749 4401
1483 4903
3404 3905
1776 3712
613 4942
681 4516
84 4527
3665 4627
46 4968
1570 3713
1346 2800
127 4254
217 3224
2397 2438
2372 4991
17 4818
110 2854
2048 2924
13 4895
943 1884
1223 1669
3570 4784
576 1652
227 4912
949 1983
1351 3897
1581 4360
3824 4339
1022 1382
924 4532
336 2720
2989 4219
2164 4935
1451 1595
581 4805
2949 3630
119 4733
1520 4914
1337 4534
1059 1955
5 4556
920 4472
108 4877
845 2700
1037 3644
2229 3171
1049 4016
2679 4754
1751 4528
2820 3255
192 2881
41 4630
193 4412
20 4993
80 4342
58 4762
366 1248
3569 3790
703 4437
620 4133
1484 4978
28 4329
142 4927
564 4930
646 4718
540 4530
61 732
1002 3170
1002 3342
3516 4420
624 4138
119 2847
884 4709
1491 2591
1821 2895
3 4910
522 4806
39 4960
2372 4947
4224 4793
2861 4136
1023 4496
965 3906
869 1823
151 1243
183 2449
64 4704
360 1872
998 3475
1063 4422
655 4637
3295 3461
1656 4480
1 3092
1044 1663
1264 2606
485 969
1115 3732
1663 2373
2459 4100
26 4819
71 4426
1150 3821
1820 3027
548 3468
1783 4462
2482 2777
1224 4956
1880 2230
1 1022
3352 4167
177 4934
1526 2087
52 4436
1076 3736
867 4473
1297 4470
1742 4371
2460 3294
1408 3714
1084 2175
686 1457
2366 3848
2089 4096
219 4567
370 4021
1140 3036
113 3873
1565 2842
3219 4430
160 3152
1463 3711
229 3981
1364 2974
1525 1938
849 4118
1534 3975
1957 4623
3030 3427
1021 2288
2569 3960
100 1739
505 3453
541 2452
8 4734
412 2511
1451 4786
443 3631
1017 4712
45 3162
434 1478
2169 4668
272 2827
69 4107
1310 1378
649 4989
299 3781
711 2839
17 4475
188 3659
800 4195
2287 4648
263 2983
198 4909
2958 3470
101 4360
4038 4758
118 4823
3181 3764
861 3956
1862 3565
155 4424
328 3552
131 3798
201 2569
46 3811
3972 4847
1792 4863
3754 3838
255 4672
3678 4511
71 4828
655 2700
1320 3114
111 1651
3281 4319
389 4869
2832 4758
1231 4879
3642 3974
908 3619
231 234
671 1762
2918 3909
1120 4679
665 790
2679 3711
2872 2979
765 3142
47 4872
2531 4459
547 4996
1279 4022
3321 3777
2810 4061
239 3299
2010 3899
1202 4412
818 4883
1165 4187
3034 4342
1213 3922
1001 4366
604 4577
1701 3711
1379 4985
2703 4532
1558 2725
938 4874
596 2132
998 4229
745 1809
519 4727
2507 4851
442 4349
2532 4620
363 4696
3020 4573
51 836
66 4981
1642 3421
531 3344
1103 1232
1367 3370
482 4650
250 4417
257 4671
379 4583
248 3007
429 4353
176 4077
4261 4449
900 3510
1264 4630
281 4825
3689 3953
658 1526
1436 3843
2317 4642
1374 4798
6 4962
1435 2621
2282 2931
1193 4498
1842 4554
1921 2644
2497 3711
1564 2379
1475 4491
1205 4390
2162 4014
593 4975
1331 4441
1744 4852
54 3306
792 4969
1292 4889
128 1918
1519 4156
10 4856
2831 3931
1172 3849
1592 4539
123 4866
1553 3706
1579 2007
1779 3034
383 4074
3 659
1075 3832
1705 3078
210 4524
3289 4384
777 4582
1214 2732
1237 3415
258 1651
182 364
129 4643
952 1898
2867 4121
88 4684
46 4305
129 471
151 4857
80 4498
414 1775
224 4978
3125 4081
73 4906
1761 2725
619 4798
2323 4984
213 2969
21 3717
721 4965
262 4880
1007 3113
1936 3516
539 1597
640 2533
3628 3930
2810 3152
1853 2212
588 2136
3078 4890
54 4894
700 4705
1878 4881
1548 4353
994 4003
1048 4678
4357 4825
81 1956
798 4964
139 4809
1402 2373
611 3749
46 4552
1191 3986
3148 4431
1524 2630
1197 2270
2876 3514
3159 3800
128 4065
461 3910
1078 3174
507 4534
360 4890
2094 3935
1407 4171
465 4445
718 4788
368 2016
323 4558
469 4418
661 4619
811 4893
975 4499
1583 2756
604 4281
4551 4743
360 4565
466 4757
1062 4766
2172 4238
1248 4890
45 4867
868 4995
2176 3183
518 3419
1831 2796
190 2048
2116 3539
459 4472
46 895
2481 4556
1241 4934
1959 4507
966 1459
279 4978
216 4767
125 2890
419 4258
887 4924
897 3101
716 1580
2425 3274
575 1658
562 2787
92 4977
122 3817
829 4127
2578 3609
539 4734
743 3042
1195 2994
1361 4501
1208 3826
581 4823
931 4512
505 610
1237 2523
1662 3172
3246 4938
243 1605
2217 3449
97 3096
598 1272
195 3373
134 3878
1548 4243
1438 2583
494 4721
2456 4792
1321 4182
3462 4250
2345 3378
126 3782
438 4983
1933 3966
3029 4451
574 2765
1677 3808
885 4387
622 4699
970 4932
989 4855
3842 4519
1088 4130
3923 4669
270 834
2930 3346
358 4985
321 3891
257 4309
358 4345
747 2431
1473 4498
642 3621
649 3991
2585 3385
1708 4658
1024 4527
2269 4871
290 4618
74 3127
347 1385
884 4095
453 4419
1042 4992
3072 3711
3108 3515
2244 3549
46 4836
208 3983
3632 3682
13 1251
767 2436
357 4281
1098 3527
905 3102
415 4955
93 2582
184 4903
510 3391
669 4885
2 761
2148 4945
1427 3206
2859 3630
3209 3394
615 3952
454 4582
1373 1515
914 2433
4073 4140
1036 3451
656 4597
22 4987
487 3236
2321 4358
812 1019
1583 4938
164 4847
1064 1483
468 4908
1107 1811
2026 4803
132 4806
2405 2786
3925 3996
1925 4588
96 2550
662 4396
1872 2303
664 4075
28 4743
1129 3030
4763 4934
1403 2977
1007 2470
1821 4120
766 4990
596 4662
1821 3374
1162 4112
123 4727
293 4654
2517 2928
134 4628
106 4508
2126 2930
2403 3506
590 4605
677 4805
509 3686
87 4991
155 4466
1724 4393
128 2729
1055 3161
2927 3600
258 2524
419 3063
1523 3252
4552 4921
4777 4890
239 4474
1914 4295
1262 3888
1232 1779
1732 4820
375 1652
15 3969
322 3271
458 4660
2645 3003
2875 4620
631 3865
2165 3738
2390 4126
884 4825
449 4086
266 1536
3593 4824
870 4936
1489 2705
2738 3292
353 1114
1158 4823
4638 4671
964 2339
1224 3856
652 4335
496 4968
498 3546
12 2487
2935 3507
3983 4607
4764 4871
1223 2441
479 3348
2724 3736
357 1853
491 3278
1789 4662
991 2074
929 4932
99 618
2038 3231
827 2115
1471 4328
1644 3459
2079 3755
2915 3482
395 4450
821 4975
1112 4906
2175 4668
273 4861
161 4997
1464 4695
321 4525
403 3885
539 1839
415 4717
2430 4141
743 4173
88 4973
179 4878
1453 1929
48 4684
1635 4843
1008 4923
1508 4884
664 4944
1115 4022
1576 4970
840 4494
916 4238
4093 4917
8 4866
294 4139
2104 4929
47 4418
2184 3938
680 4948
1498 4376
341 4192
255 3731
1016 2842
300 4016
611 4569
997 3750
2193 3239
2165 2434
1784 4621
305 2509
4147 4357
75 4180
456 4409
330 4957
2669 3443
887 4470
446 4637
2162 4516
29 1026
938 4858
260 2756
2421 3793
1543 3281
766 3174
808 4642
2867 3453
31 4979
1056 4493
537 4857
143 1484
2453 4248
797 4943
3207 4809
727 3480
16 4995
543 4778
1581 2421
136 4763
1354 2534
1929 3160
246 4249
1089 4930
461 3263
124 4066
3998 4084
545 4720
176 4975
189 4631
57 4686
458 3270
1207 4174
40 4831
3027 4729
1927 3010
2378 4126
1413 4010
2863 4960
11 4978
126 3565
2204 3792
2100 4375
751 4032
2803 3635
292 4249
199 4181
1667 4547
2414 4621
119 4950
2462 4402
80 3699
1051 4648
1116 4138
319 1202
3384 4004
2149 3251
2438 4510
992 4948
1975 2566
349 4656
2285 4924
1948 2931
1616 2144
3103 4108
883 2894
933 1556
2114 4799
606 4153
1011 4809
360 2547
2471 3160
1055 4075
335 4650
249 3511
365 4702
775 2460
595 3808
498 1724
84 4956
328 2888
506 4149
3813 4859
1283 4511
2283 2917
1510 4124
1031 1456
3702 4908
388 2463
1053 4483
647 3333
245 2400
1875 2784
1303 3693
287 4989
568 582
1263 2697
932 1521
1379 3559
53 4516
275 4661
782 3626
1886 2573
37 1716
640 1652
2286 3919
459 3676
1 4975
995 3994
541 2316
1456 3497
181 4845
68 4989
2328 4556
1263 4717
2341 4304
130 1805
316 1972
791 3659
863 988
200 4754
2675 3569
657 1911
669 3601
67 4955
44 4861
788 3188
1153 4911
3364 3925
3282 4846
2280 4303
2243 3059
3573 4479
82 4961
7 4995
226 1822
282 4748
499 4372
22 4944
23 3901
1809 4155
1256 2881
122 4599
83 4893
1909 3611
3327 4541
3602 4822
282 4771
1074 4880
733 4496
236 4920
1863 2061
2891 4874
33 3853
1194 4262
217 4742
566 3852
246 4840
2644 4615
1994 4257
75 4251
1791 4906
216 3758
1933 4093
113 4960
2484 2967
2896 4581
2699 4401
223 4961
213 1351
2197 3318
2250 4495
74 1709
958 2298
503 4472
372 3809
1243 4724
3223 3332
1314 2811
355 3497
1547 1651
623 3991
741 4793
699 3841
115 4626
3795 4144
192 712
288 2073
3973 4071
71 1014
231 4031
37 4919
744 3931
218 2595
709 4715
1216 3232
1979 2245
23 4838
544 1305
587 4269
4434 4622
11 3708
1812 3598
477 4580
44 4027
1186 4706
124 4643
214 4945
1393 4338
97 4832
1593 1845
2 4776
2182 4808
929 4843
337 3548
656 4235
207 1628
500 2667
1865 2936
1099 4493
151 4585
582 842
716 4626
2539 4096
1061 3893
281 3925
2082 4386
1779 4274
2726 4511
189 2357
1795 4296
481 4410
1026 1198
674 3526
668 2713
2790 3645
1711 2662
916 1034
295 4993
799 4621
648 3642
155 4812
2501 4676
1074 4128
2331 4994
732 4602
3963 4248
3919 3995
823 3714
2989 4976
1872 2605
515 4492
999 2893
1799 4045
2391 3107
320 4821
152 173
250 4740
2195 3627
1899 2300
105 1774
2763 4866
253 4904
164 4961
630 4860
3514 4539
23 1607
613 3263
1065 4904
1127 1818
745 4974
1522 3626
23 2594
3707 4999
1745 4634
885 4722
205 4984
2298 4605
164 2344
480 4188
1656 4326
1719 1793
334 927
730 4365
374 1498
1159 2741
491 4843
1381 2627
415 1864
857 4843
2669 2684
1371 3126
274 4816
478 4705
156 4581
1599 2425
41 4977
1585 1648
3046 4998
804 3361
450 3033
151 2210
1619 4431
215 2423
784 4340
1465 3630
1529 3754
485 2431
1518 4818
3231 3283
1924 3203
467 4430
339 4707
168 4892
1436 1885
1753 4121
1000 2953
3928 4866
226 4919
3636 4711
736 2156
75 3623
66 3450
212 2932
16 4997
439 3430
2059 3482
1724 4464
476 4991
1366 4061
3605 4917
638 4966
367 4909
453 3753
505 3831
143 2182
2081 4977
2121 2236
3350 3764
1223 1703
2394 3710
1070 1608
2105 4225
1760 3708
133 3191
546 4848
277 609
670 4980
9 3780
98 3019
120 3515
1669 3564
1996 3639
2147 3435
444 2306
446 4730
1612 4349
2180 3775
1868 4291
1132 1385
70 3761
1715 4531
1627 4668
600 2463
223 4853
2006 3571
2664 3843
1617 2551
743 2408
2157 3645
249 2238
14 4955
1759 4960
2154 4308
1540 3908
2133 4644
1210 2283
4440 4728
1771 4225
810 2640
576 4991
453 4468
2011 4181
53 3269
1317 4465
607 4646
163 4607
895 4020
64 3979
90 3385
224 3412
1241 1985
3756 4324
40 2495
784 2796
25 4825
922 2684
2299 4401
2129 2835
1583 2903
607 3391
496 4361
1204 4536
2208 4484
4944 4955
86 3389
190 2691
177 3105
614 2683
840 2126
4543 4865
22 4989
3335 4262
2090 4967
981 4433
1121 4256
1973 3357
210 4961
841 2624
29 4946
1178 4373
227 2868
1152 2779
430 4072
94 3079
152 3249
7 3052
632 4240
573 4962
955 4166
374 1883
3254 4872
358 2319
169 4150
2835 4848
715 4954
2545 4659
814 2415
2500 2762
511 4201
2217 4910
10 4927
1890 4642
187 4364
77 4876
705 829
101 4867
3 4876
2302 3483
3070 4717
45 4879
633 4331
757 4096
495 4929
2757 3055
672 3950
387 3233
463 4725
902 3726
4083 4566
2455 3887
262 4894
733 4128
554 1753
240 2982
3746 4408
282 2649
1078 3279
825 1538
436 4792
1793 4943
330 1457
172 4870
390 779
774 2038
1435 4085
1171 1873
943 4771
2067 4794
921 4451
653 2157
1089 1250
781 3663
946 3401
1902 2010
1206 4748
1194 4246
31 2477
1441 2171
2873 3199
4083 4713
345 4726
1063 1443
4477 4951
46 3649
633 4652
277 2467
1582 3745
155 1561
1055 4300
3091 4900
3984 4156
226 4313
543 4825
220 2803
2452 2865
376 4659
3431 4775
624 2884
2504 3176
2671 3483
2427 3847
454 2200
4343 4376
302 4293
420 1701
4041 4989
1081 2987
269 4763
16 4714
944 4715
469 1641
482 3228
232 2352
468 4984
1520 1533
2330 4827
2245 4760
2606 3364
4750 4928
827 1414
762 1770
231 2003
2199 4442
745 2932
2297 3429
2108 4808
473 4982
106 4380
2212 4223
1338 4639
3635 4745
2572 3585
2262 2838
87 2926
829 4422
366 933
1384 4339
38 4766
1419 3218
978 4962
1223 4106
94 4935
772 2958
1325 4990
303 4953
554 4305
2310 2354
364 2429
1290 3447
3454 4118
551 4991
1224 3961
18 4998
324 4973
21 1620
3453 4650
345 4675
1399 1996
902 4018
676 3986
2186 4083
3560 3740
896 4960
1353 2205
196 3713
154 1837
505 4228
125 4900
621 1016
235 4850
1193 3189
90 3841
2006 2347
488 2998
2115 3883
1587 4516
1664 2697
1178 4806
861 4930
1103 4309
1734 4969
168 3356
1180 3356
281 2512
135 2921
364 4488
3248 4945
839 3962
209 4609
1624 4852
308 4479
1326 3091
1650 4518
2110 4160
258 3727
53 4847
317 1204
155 3178
1517 4415
458 2242
950 2273
1805 3881
402 4868
1447 4415
2367 4500
305 4307
2615 4777
625 4417
249 4082
1049 2864
49 2047
1094 3331
930 2342
150 4276
4131 4213
4272 4981
180 4161
3424 4408
929 4291
1013 1541
371 3558
1503 4855
2255 3914
704 2837
940 1987
693 4263
2088 2840
789 4870
2036 2286
1070 4276
750 4587
2453 4360
564 2507
167 4544
51 3090
287 4192
439 1763
708 2706
174 3184
2011 4852
1838 4423
2177 2494
1201 3652
1704 2345
3846 4053
1006 3375
469 4683
491 4344
2187 3653
846 4392
583 4945
1528 4660
928 4998
572 4792
1271 3219
58 4319
1545 4222
576 2557
923 3089
1635 4650
1865 1951
713 4829
868 4286
1297 3507
2125 2872
1317 3239
1362 3278
2556 4026
2142 4108
622 4711
4502 4605
1541 3095
31 4740
25 4367
180 3160
490 4694
612 2448
425 4303
74 4950
16 2818
344 3581
1000 1046
428 4893
462 3592
684 1553
425 4105
1129 2516
1577 4046
1905 2574
463 3546
4249 4997
376 3266
1289 4040
130 4725
3397 4197
411 1533
1727 3077
1725 2953
4257 4515
45 1976
