4999 5000
1250 2912
2799 4093
3071 3340
1425 4315
643 4600
2342 2961
292 4671
103 4875
2247 4741
2128 2496
1611 2440
308 3178
507 4729
1214 2833
498 3338
3249 3568
1029 4184
369 4993
295 3612
3533 3735
1266 4098
178 2992
674 2496
2440 3756
253 3153
1533 4084
941 3642
746 4588
469 4327
1136 4907
459 2900
1518 4672
1050 4857
890 4627
276 4533
1053 4333
1251 3489
266 4488
1543 2264
15 4786
440 3989
2430 4718
1279 4689
1757 3997
1132 1138
589 1724
234 4887
2691 4439
2 4981
2 2314
26 4914
240 2875
90 3623
468 4688
859 2071
82 3117
2157 3988
719 3091
3043 3717
267 4891
478 4911
724 4971
1395 4653
1492 4497
909 4389
1682 2652
3386 4117
196 3097
426 1610
1590 4995
64 3945
507 4639
4219 4536
1473 3467
337 2013
4132 4573
1315 4160
1900 4841
2605 4638
1766 4239
4527 4558
2951 3107
1462 2584
150 4116
680 915
695 4759
1223 4985
298 2244
4132 4493
923 1734
2355 3841
990 3746
2840 4934
63 3609
161 3235
1808 4678
58 3233
187 4612
1052 1192
2325 2685
306 3079
1200 3721
879 4462
1416 4893
43 4337
72 4224
1 4996
13 4997
1300 4860
886 3814
298 1623
610 4675
776 4867
316 4750
642 3927
2373 2527
90 2533
4036 4320
163 2429
1040 1206
1785 4403
371 4723
94 2465
3059 3455
294 4868
1566 1619
2237 3629
254 960
185 4613
1839 4547
364 4110
1208 2782
1136 2362
1221 4873
2742 4171
3777 4292
2057 2125
311 3182
156 4502
1346 2855
843 4492
320 4370
948 4404
36 4635
3253 4770
50 4775
2568 2852
346 4596
1094 3916
718 2638
327 4269
2271 3167
2193 4906
1183 4722
4 3001
2455 4370
209 4645
2726 4798
976 4504
283 3170
361 1680
1879 2062
3635 4478
2224 4222
425 3641
84 4721
582 1097
3126 3493
2063 3845
704 4339
849 2690
356 3248
2302 2489
3913 4366
506 4095
178 4806
73 4725
1353 4038
36 3044
1497 1604
3368 4591
1034 4521
1344 4630
356 2371
356 2825
311 1831
2909 4116
740 3054
1278 2802
500 3725
894 3867
66 4953
96 4194
1009 2636
430 2389
35 3843
2485 4255
336 4083
266 3151
545 2502
899 2315
220 3155
1090 1566
473 4544
98 3457
313 4454
343 4560
967 4374
4086 4271
429 3963
2316 4720
1096 1181
409 3278
406 3401
1571 3158
2230 3912
429 4040
1221 4997
127 3491
13 3835
289 1292
2782 3746
4216 4278
3501 3992
501 4579
1407 2342
390 4641
772 1469
2503 3830
34 4504
11 4317
1592 4750
895 3228
916 3423
145 1700
1974 4876
1031 2844
806 3364
1231 2739
886 1506
2081 4082
966 3533
1426 4539
141 4765
496 4994
57 1506
3590 4928
129 4244
2947 4955
160 3961
14 4972
683 3592
439 4999
2526 3764
46 3665
3197 4791
168 4603
1914 4839
955 3432
283 4602
279 4338
17 4457
4252 4272
2675 4217
30 4940
2365 4596
961 3548
130 2816
563 4425
606 2693
2201 4776
1490 4984
570 2858
1975 3883
762 2461
1892 4695
110 4816
22 4897
4386 4411
1994 4810
101 4962
1615 1779
1160 4820
2623 3219
2 4468
3527 4515
3562 4601
1620 2800
1209 2135
896 3601
4137 4868
486 1706
54 4666
377 4191
292 4938
1861 2546
1227 4878
438 2580
267 2472
1316 4761
1392 4023
1923 4383
4307 4339
1268 4151
2 4996
571 4287
2074 3433
353 3722
1942 3658
2397 4081
287 3665
364 3921
4486 4808
1954 2418
2491 3297
152 2946
154 3872
1119 4369
4276 4491
3155 4185
1624 1873
2249 3369
30 172
3231 4484
2815 4364
3229 3573
500 3635
270 4692
887 4169
1813 2038
1366 1414
455 2009
1351 4411
572 2187
81 4331
947 4456
558 4950
606 3290
2709 3563
178 1052
3742 4799
2584 3723
1941 4228
1299 2970
310 4146
1813 4757
29 4734
1783 3209
2555 4396
308 1348
119 4283
219 2354
51 449
3320 4334
683 713
536 4906
1336 4063
761 4219
3399 3517
608 4407
1120 3515
463 4353
894 1067
3744 4254
437 3872
1102 1944
806 4767
461 4275
1218 4673
2370 3259
231 3944
807 4943
1013 2123
3730 4917
83 3327
340 4169
181 4494
357 3717
75 599
30 4991
3494 4902
903 1959
1498 4969
1255 2861
1645 4704
10 4737
4332 4618
2825 3312
1443 4109
404 3429
574 3361
598 4194
245 3617
1752 3123
825 4970
622 2840
3896 4334
1289 4611
90 4854
1364 3313
1034 3448
153 3446
2248 4363
1887 4953
7 4995
4028 4459
50 4930
652 4086
140 4365
791 4046
110 4250
2 2683
909 3322
1737 4964
2439 3800
487 3621
427 4883
27 4932
1391 3640
437 2155
4067 4387
1691 4921
642 4323
44 4207
1237 3245
144 3467
41 4505
1233 3454
730 4208
1513 2898
689 3804
1501 1789
179 2083
1744 2601
625 4728
293 4420
1849 3741
1014 1856
1715 4892
93 4883
992 3900
15 3658
2566 4471
404 4640
36 4982
26 1828
79 3468
432 4929
495 4106
49 162
276 4941
813 2898
25 4980
1011 3642
3307 4655
39 4754
1136 1982
168 4919
1549 3843
295 3907
36 4549
348 3404
1098 4512
859 3311
870 4509
731 3293
2241 4821
417 4693
383 4671
288 4662
2134 4324
3952 4737
479 3090
34 2778
4822 4974
742 2450
3376 4393
2997 4680
4623 4970
34 4994
44 4853
3608 4796
421 4853
729 2056
1402 3505
1044 2873
214 4881
72 4890
2120 4517
651 3799
825 2851
484 4470
2615 4250
2115 4097
2548 4222
2747 4631
36 4447
2263 3483
1491 1581
883 3705
612 4420
3497 4155
1099 3260
26 574
543 2103
2655 4416
780 2640
3657 3727
350 3866
767 2591
2712 3560
767 4862
1466 3721
2208 4549
334 2227
814 1626
1427 3707
34 3618
547 3875
728 3619
851 3755
470 3118
539 2622
58 3586
2164 3612
941 4972
527 1253
1400 4649
3590 4927
557 3790
548 4175
1641 4356
1432 3568
1201 2377
1678 4865
588 4513
1941 2870
1455 4426
6 4138
89 4885
110 2103
368 3244
1707 3407
426 4616
245 4919
1361 2202
199 3266
1971 3798
2838 3320
913 4162
1610 4013
421 3489
355 4870
197 4591
780 3486
210 4694
2760 3289
1789 4531
3063 3394
2587 2725
972 3780
46 4399
1901 2912
342 4401
2471 4104
546 990
1107 4455
2756 4324
1537 3893
1254 4764
2022 2249
1974 3354
1523 3643
2327 4504
307 4381
267 4977
260 4958
3249 3978
2095 4055
1709 3166
1352 1880
1606 2749
1738 4437
982 4894
550 4757
2249 3288
489 4794
2956 3874
540 4762
2804 4238
313 4058
1046 4809
151 2351
132 4060
678 4547
3290 4017
53 4738
91 4991
1101 1997
2749 3032
1077 2760
207 4293
52 4815
756 4026
125 545
584 4513
2260 4105
1075 4275
1662 1819
1639 3520
1455 3663
745 2919
1406 4366
1276 4478
268 4537
312 4717
1510 4611
877 4361
3099 4359
597 2979
3151 4218
1091 3435
631 2496
513 4408
1722 4804
1592 2964
196 4738
608 4325
788 3051
1040 3832
902 1737
133 4852
1596 2415
149 455
1429 4789
25 4994
3581 3825
1234 4843
485 4200
574 4684
902 4539
1522 4322
645 1788
373 4269
3759 4648
1895 3835
3887 4716
780 3199
954 4649
599 4303
2497 4403
789 1310
304 3223
3609 4801
1502 3061
2233 4646
1360 3183
1043 3291
131 4987
1317 4329
30 4830
3124 4933
203 4830
910 4762
3978 4592
4 4360
906 1244
1033 4993
2222 4506
2886 4503
922 4371
1572 3376
1038 4148
1774 4443
700 2513
453 4239
357 4647
224 4895
159 4564
3258 4733
1118 4622
25 4760
320 4923
191 4748
1820 3899
863 4355
45 4773
1298 4660
851 4983
1980 2860
1270 2217
826 2621
1900 3252
2516 3745
177 4944
33 1492
245 3768
2161 4268
1334 4594
2020 3299
3875 3926
282 2164
1514 4755
715 4760
2011 2842
186 4385
27 4948
68 3176
752 4908
368 2459
1190 4435
416 3047
382 4058
690 4441
1266 2071
4050 4373
455 4413
188 4923
174 4729
1432 3327
776 4971
1698 4577
627 4350
860 4686
1070 3016
31 4650
2398 4716
1141 4694
1563 4990
889 4471
805 4874
2906 3117
156 467
1243 2227
3614 4973
1596 3188
2969 4577
290 3292
2721 4717
1242 4974
416 2184
464 3033
686 4253
10 4965
670 2286
777 1160
1299 2511
481 3311
479 4765
352 3130
1212 4598
1122 4271
233 2111
45 4961
391 4817
845 2346
228 4344
3499 4247
283 4921
811 3246
1599 2848
109 2552
1095 4798
2974 4157
843 3377
220 3369
162 4782
4356 4785
2212 4721
261 2021
556 4387
1045 3703
199 3282
3420 4528
370 4057
61 4994
1003 4964
416 3435
77 454
2398 2718
2296 4446
3864 4217
2467 3763
413 4727
1975 4971
732 2691
1021 2885
177 3156
439 4872
2146 4640
1420 1662
248 4847
1074 2706
348 4375
742 3488
4024 4436
563 1540
117 3502
1384 4165
221 4841
2797 4676
1564 3104
1380 3573
567 4270
1815 4437
623 4124
917 3906
3972 4464
2551 3532
588 4500
855 1958
1584 1767
576 2812
174 4776
623 2499
1 4985
2331 4526
1669 2593
917 4637
1049 3973
1782 4996
17 4832
861 3775
368 2709
97 3961
2067 4015
325 4380
1565 3543
2091 4365
113 2625
2147 3649
295 2960
2024 4322
1369 4892
405 1991
903 4217
156 3414
2834 4248
3240 4116
1932 4067
1703 1732
1020 3964
1233 4872
773 4926
827 948
434 4585
220 4564
718 1386
133 3872
1144 1617
2968 3594
823 3352
1521 4661
1027 1467
1392 4954
783 3980
25 1225
145 4464
835 2256
1716 4661
309 4849
143 980
1244 2655
3710 4209
367 4950
154 1490
1780 4156
3816 4022
336 3300
139 4876
4635 4969
1557 3312
1655 4514
895 2738
791 3992
1700 3205
3481 3942
2230 3904
1160 3918
1542 4666
1424 4188
20 4429
2469 3510
2644 3164
1773 3910
702 2077
71 4628
164 558
386 4887
440 1395
3779 4951
3427 3799
388 4877
283 4728
835 4402
1786 3597
480 4137
294 2625
1718 4850
268 3134
1205 4389
2103 3946
619 4906
1585 3461
159 4529
184 2982
1338 3881
1826 3945
521 4068
1366 3600
883 2020
107 2138
4176 4663
1063 2593
1068 4603
484 4561
184 2639
268 2021
3683 4724
674 2323
1383 4739
640 3992
95 3017
2198 3334
1349 3215
753 1110
3631 3652
2869 4481
1720 3408
395 2846
727 4593
2592 2871
156 4461
3036 4654
10 4871
622 3632
1325 4678
1232 2704
206 4866
937 3422
405 3604
985 2179
1205 4312
857 2446
1617 3142
396 2318
2791 4100
4157 4997
1671 4904
1031 1509
2885 3848
675 4378
412 4622
3745 4394
2 1896
111 3306
4135 4915
1140 2961
59 3240
1874 2635
439 4964
1164 4832
1743 4834
1087 3877
454 2288
721 4958
135 2069
14 4733
579 3352
4385 4451
2875 3699
1714 3045
1300 1336
372 3833
1115 4827
698 3252
3079 3661
86 4807
3728 4753
718 2151
1914 2491
1300 4982
115 1984
59 4604
1960 3771
452 2978
472 4368
882 4597
978 4206
2653 3205
142 3933
756 4881
686 4112
1708 4813
484 3765
492 4647
1638 4632
3613 4849
2030 3294
1376 4707
2563 3534
212 4558
575 4552
1366 1504
2682 4164
2467 3484
680 1403
288 4993
40 4950
849 3933
422 4637
463 4808
347 3994
2763 3627
933 4836
344 4534
3479 4501
233 3559
1483 4139
2780 3636
1290 4076
566 4661
53 3481
517 4580
106 2086
745 4401
4247 4337
1971 2950
1396 4942
3557 4422
1532 4759
1181 4338
15 4868
4300 4422
1398 3814
425 1666
949 1800
3528 4836
553 3369
2821 3069
1393 2960
805 3896
1237 4985
1478 4609
3621 3736
2412 3496
411 4836
1658 4163
2821 4673
395 1399
60 1319
1783 2301
4020 4649
728 2909
551 3897
712 1648
2995 4157
59 4834
239 4076
2282 4340
1855 4616
644 4155
649 4609
2521 4286
909 4000
362 4647
306 3045
1725 4178
684 3775
3074 4597
236 4427
30 3789
1819 4558
650 4634
1127 2927
3318 4735
240 4787
1490 2613
2129 3779
392 1220
3135 4589
535 1935
1003 4853
101 4715
1620 4424
589 2392
1537 4566
705 4972
443 3210
3320 3522
745 2000
1766 2935
1092 4842
2157 4251
1337 1757
822 4599
493 4051
59 4989
1618 3535
1161 3696
2506 4718
147 4571
264 4305
1022 2637
3626 3837
1042 3903
5 4558
3124 3377
755 3782
777 4575
951 3503
333 3530
1914 2570
388 3808
1418 2129
1655 2377
116 1066
2952 3519
405 2717
813 1186
1831 4805
1361 3460
262 4104
888 1827
1630 4939
2176 4889
255 4326
3391 4184
72 4152
2090 2237
802 4530
123 4982
1025 2011
160 2924
692 4635
1077 1620
1847 3687
822 3785
942 3085
2089 2602
447 4478
31 4517
986 4974
2513 4988
1944 4610
2369 2532
2294 4961
30 245
280 3348
1267 4942
588 2319
3887 4644
3814 4508
352 4421
2477 4822
1734 4923
1731 3660
2 4964
32 4690
1522 2678
520 922
1311 4950
14 4986
95 2093
604 3939
503 4541
546 4807
1092 1977
273 548
1369 4988
807 981
1408 4764
343 3568
435 4779
114 4089
461 3759
167 4264
167 4976
627 4069
1646 4203
776 3985
2015 2989
181 4255
88 4384
273 4907
167 4727
2467 2991
1287 4791
575 2337
1605 2838
2354 4774
196 4225
288 3430
346 4586
764 3275
543 2532
304 3295
600 3745
816 4118
3157 4009
691 2873
16 1994
770 3636
648 4840
50 3659
2480 3474
1516 4812
212 1113
1352 3974
44 4723
1478 3627
1333 3433
2398 3245
1044 3103
16 4592
292 4464
4 1472
515 3747
1106 4624
3343 4015
528 1477
401 2896
1600 2213
1953 4267
341 4607
759 3990
57 4108
847 2379
1265 4964
2373 3894
272 4978
155 2433
2912 4965
2867 4718
160 4887
1658 3055
743 4461
1267 1596
300 4668
1939 4150
753 4975
1970 4177
304 4821
4503 4729
1388 4691
2799 3156
209 4402
778 2955
835 4873
176 4839
824 4618
1503 3970
839 4857
1409 4960
456 4079
2295 4431
327 1225
858 3283
1496 3957
941 4538
456 4353
2227 4847
241 4671
4071 4269
2148 4416
1155 4357
128 3959
478 3695
162 3767
1913 3357
117 4941
1667 4042
82 4717
2635 2848
453 3897
2306 3729
624 4280
1275 3234
196 714
500 4120
395 4687
2486 2861
3524 4229
406 2565
484 4675
4070 4862
490 4485
737 983
1471 4780
822 4827
1237 4648
1938 2286
449 1290
1771 3421
3361 3966
4544 4784
2147 3122
29 4984
475 2945
259 2670
2516 4849
1542 4028
325 4991
654 3285
3236 3353
1172 3476
3436 4356
2516 4475
613 4961
2088 4207
2183 2380
807 4659
2301 3804
3057 4265
466 3976
1564 4699
2801 4968
36 4914
746 4403
2668 4755
948 2760
438 4126
2515 4057
247 4247
1712 4473
1379 4276
544 2691
32 2589
142 3177
819 1257
3137 4250
1238 4949
620 4105
2239 4772
470 772
60 3412
3309 4684
323 2858
2672 3387
843 4709
2314 4730
670 4674
241 4815
1222 3401
35 4953
2715 4178
2478 3983
1459 4987
1494 3012
598 4355
122 4607
351 483
1217 2757
10 3763
2353 4256
53 4179
1133 3349
451 3111
194 4453
217 2346
862 4192
2583 3686
792 1898
862 2942
271 4780
395 4179
3684 4316
1072 4018
2679 4659
32 4963
3553 4071
569 4995
341 3184
1478 3911
1221 2413
736 2094
1193 1505
1941 4551
416 3494
47 4971
1321 4672
563 3862
1693 1997
895 1204
1467 3446
4006 4102
1036 4491
1475 4949
1417 4168
755 3866
1225 1678
491 3908
1252 4720
2103 4991
85 3378
240 1726
2572 2828
91 4900
395 1889
151 4535
588 4965
147 4862
239 2165
1197 2710
1575 4022
89 1466
278 4692
335 2143
1964 3914
2793 3229
721 4828
2272 2272
824 4599
3468 4777
4829 4956
503 4159
1678 3330
2078 2568
65 4823
1211 3065
3232 4951
3597 4345
21 4035
3842 4960
119 4232
1669 3712
2406 3558
1374 3781
503 4729
68 4488
1757 3498
726 4106
1418 4143
173 946
22 4329
840 1094
306 3967
2811 4627
1907 4496
242 4531
1136 4067
1651 3661
762 4944
1689 3616
31 4945
595 4369
2631 4939
1423 4176
651 2340
483 4918
1465 4462
3000 4184
2359 4122
297 1977
3960 4331
760 4029
234 2325
3505 4551
107 4547
2699 3862
347 2205
409 4612
92 4749
2400 4141
73 4154
1190 4575
1003 2983
1403 1598
418 3182
735 4612
787 4861
216 1395
842 1730
440 2794
168 3161
242 4231
2039 4374
969 3669
1492 4994
1245 4563
897 4225
1586 4734
2107 2669
679 4950
4638 4890
2020 4018
87 3357
51 4229
190 4079
952 4996
919 1951
1392 4384
457 3463
4112 4931
59 4975
105 3166
1877 3379
1774 3524
1145 4553
3130 4112
953 4909
490 1301
2776 3793
498 2619
819 3741
116 4188
16 4417
254 438
214 2269
1981 4471
2235 3551
303 2279
2531 3957
1642 4786
3131 3549
765 4336
328 4263
124 4934
768 3943
1822 3346
2004 4310
2582 4717
1150 2771
1965 3589
2564 4351
43 4832
1497 3509
768 2213
515 3743
403 862
824 3811
2690 4156
213 3127
1280 3907
655 4834
22 4245
1700 4757
2113 3043
2927 4879
218 4464
1004 2576
46 905
1593 2046
1567 4372
450 3399
1994 3066
4211 4346
41 4279
3563 4738
1851 4923
657 1587
2584 3813
1 4998
147 4099
690 4410
3362 4514
18 4702
1762 2889
583 4871
556 4841
67 4853
43 2228
442 4437
2442 3189
2495 4626
475 2095
571 4302
225 4833
802 3758
2491 3172
1311 4991
4350 4376
206 1022
1313 2753
326 1500
2649 4582
4421 4820
71 4806
1495 4163
1152 4792
951 4909
389 1477
4039 4860
1147 3163
1164 3292
656 2661
123 2965
2520 3278
943 1677
868 4686
1012 4213
2595 4192
61 4994
549 4199
327 3678
1103 2585
917 1446
1034 3667
4063 4485
166 4957
1266 3677
3095 4659
1430 3658
225 4873
495 3520
3585 4712
329 4722
291 4567
3515 4284
129 3879
165 3897
1149 3528
1482 4981
1288 4256
1226 1967
348 3541
101 2317
7 4998
945 4169
403 2510
627 4510
1996 4857
97 3173
916 4501
608 4935
1791 4960
4735 4994
1825 4644
743 4202
3968 4198
464 4435
3195 3657
845 4842
7 2489
3695 4349
1113 2924
1138 4140
241 4937
721 3902
574 3092
1217 4236
1284 1463
10 4993
289 2203
1766 4174
11 4638
691 3491
2371 3414
357 3923
2523 3444
1580 3188
1269 1562
352 3183
197 591
2564 3413
1384 4731
270 4725
166 1594
38 2842
3796 4636
484 3857
836 4687
811 3749
1162 3649
3423 4294
619 4832
7 4715
815 3918
2619 4902
233 4681
461 4943
618 3352
23 4920
792 4123
2295 2979
941 4999
3940 4354
2196 3647
1485 2585
112 2414
3452 4613
159 4250
1460 4769
3815 4251
484 1948
1081 3073
1537 4388
2051 4343
249 3257
895 3931
833 2361
399 2490
43 4978
16 4943
264 2998
269 4757
419 3550
3363 3459
233 3301
81 1616
2997 3126
2840 3544
1992 2096
879 3065
208 2923
790 2297
615 3327
1785 4048
103 4751
2317 3940
399 3659
1730 4026
530 3979
2439 4481
194 577
599 4685
283 4701
579 4320
2760 4884
131 4331
882 3139
3773 4559
974 4566
450 3883
1535 4119
333 2423
1973 1992
205 2407
3390 4317
546 1690
80 4542
221 4627
2670 4040
959 4642
104 4575
256 4975
1411 3911
615 1627
2671 4575
2494 4764
1586 4366
451 4911
260 4281
2601 4948
672 1224
165 3851
121 4106
2493 3909
1367 3170
827 4270
682 3313
1181 3288
1126 2997
156 4275
2706 4889
2577 4721
2582 2681
950 4223
133 3009
3999 4621
236 3310
522 1612
169 4730
117 4881
631 3351
835 3325
3185 3394
25 3890
2533 4485
878 4116
3785 4997
2072 2543
150 4214
343 4178
3194 4740
386 3505
627 3905
1640 2577
1858 3152
760 2914
4122 4682
1742 3606
119 4597
2287 3864
533 3839
426 4963
341 3134
1198 2225
830 1903
1541 2051
2516 2638
1583 4753
2872 3486
32 4971
2190 2917
1476 4934
647 3406
3850 4493
588 3935
807 3622
203 4626
45 4963
2933 3066
2723 4239
212 4965
538 3304
197 2923
2973 4371
1675 4928
1078 3003
217 4930
2069 3155
1127 3548
36 4728
65 544
3549 4159
903 3463
807 4349
3456 4803
456 4426
713 2260
72 4317
334 3584
200 1262
1959 4955
2813 4757
1153 2095
630 2670
338 2564
846 2280
53 4741
2446 4320
14 4956
3140 4970
26 4945
3111 4394
801 4737
3221 3696
683 1391
58 3805
1785 4116
1695 4157
127 4998
1225 4880
358 4636
319 4961
2262 3548
19 4936
855 2460
1116 4350
936 3966
1282 1415
107 3633
4441 4751
578 2005
2600 4048
1122 1347
266 2355
653 3592
685 3585
3637 3773
1049 3136
1028 4353
303 4519
1939 4262
1946 3146
459 3495
471 4883
857 3316
768 4057
679 4115
588 4742
1 4994
720 3424
240 4671
1247 4459
1950 4853
37 4993
2045 4758
410 3712
591 4555
499 4998
550 2932
1512 4585
3903 4540
1402 4584
1434 4637
646 4450
277 4479
494 2537
210 4539
161 4711
1128 3952
2700 4325
8 4679
2185 2696
1101 4380
122 4275
1435 3703
930 3210
1271 4633
404 3197
2456 4340
3642 3932
4671 4979
127 4744
1068 1883
654 4517
1067 2819
5 736
443 2311
3226 4164
906 912
1042 2760
407 4224
3243 4404
138 3663
1989 4442
1430 4772
189 3824
268 4320
4555 4929
966 4138
1997 4158
538 4381
2714 4986
1667 2151
2017 2634
1294 4817
3087 3140
309 4997
2901 3718
1864 4959
3521 3555
1077 1410
1867 3910
1969 2394
1197 1224
3816 4201
1936 3931
664 3127
694 4157
35 337
3220 4051
70 4967
16 4673
84 350
395 2870
452 2642
1544 4556
1161 3140
2122 4105
249 4335
652 3491
3764 4553
1640 4248
1339 3535
169 2688
103 3314
1467 3314
1592 3501
86 1885
106 2852
183 4839
501 4544
1400 1758
12 4097
3512 4211
1204 2412
41 4615
975 4092
1902 4302
1692 3664
1260 4459
335 2149
948 1423
2605 4679
259 3059
46 4720
1038 4552
3456 4514
1119 3158
54 3218
415 4278
4264 4612
2378 3557
105 1019
978 1113
952 2267
2420 2974
1311 4477
2540 2716
2476 3242
463 4616
25 4306
610 3529
279 4868
338 988
3095 3385
2055 3129
716 4118
21 3472
63 4953
7 4965
359 4956
25 4804
1507 4526
3602 4628
307 4363
1946 4872
198 4846
1234 2774
990 3398
14 4867
674 3620
393 4950
2125 3891
1013 3235
236 4987
780 4711
2816 4358
587 4790
628 3769
381 4749
2837 3723
2279 4510
3369 4468
809 943
1638 3538
808 4551
507 4227
714 1763
191 3867
48 4376
524 3950
2102 4550
1018 2566
1440 3619
244 4435
225 4389
189 4401
458 3571
580 4343
1479 4658
178 4856
3351 4228
2079 4508
1336 4953
1389 3564
3032 4083
1014 1501
805 4594
8 4986
272 758
2309 4553
3058 3924
265 3421
1194 2461
658 4337
123 4189
65 4968
1410 4694
613 2485
2128 3995
154 846
1363 3406
3044 4119
2194 4463
1590 4258
2518 4501
694 788
1183 3620
189 3825
1839 4813
1267 2517
546 3018
113 4987
1538 1684
554 3168
1238 3965
602 1203
1759 1939
1521 3288
934 4721
386 4374
2900 4144
1194 3689
177 4162
2801 3499
3531 3942
730 4052
608 3098
228 1799
3207 4735
213 3524
2064 3077
23 4899
2805 4540
359 4955
1646 4786
599 3218
1868 3113
19 4988
1095 4733
626 2036
345 3875
1362 4247
594 4248
811 2854
2158 3525
62 3989
123 4610
3072 3596
3367 4991
2413 4768
2243 2564
1566 4752
360 2581
2910 3419
1575 4419
2255 4106
1358 2232
504 3128
2332 4068
360 4283
892 4609
333 4338
41 4993
1474 3046
1606 4398
171 4812
3493 4948
129 1613
154 4923
60 4834
748 4668
1268 4763
223 4989
1762 4177
741 3112
1219 3544
274 4616
3240 4414
2195 4034
240 4715
1664 1891
733 4294
11 4974
125 4035
213 1667
1477 4740
624 2257
3652 4885
3803 4056
1154 2938
3294 3988
481 2264
1685 4569
29 4902
2045 4104
1319 4961
912 3586
882 4138
3007 4700
1255 4021
473 1046
1132 4817
3190 4911
240 4648
372 3648
566 4382
3570 3759
172 4637
1202 4879
1118 2921
2415 3890
3059 3770
947 4398
1550 3316
2086 4932
3 188
1037 3772
913 4536
78 4947
117 4676
1807 1984
511 4941
1920 4480
783 4538
1690 3620
1175 2056
3619 4928
1735 4750
241 4731
748 3839
1374 4102
678 2509
1979 4915
25 4782
256 4991
616 4779
208 4030
3385 4642
2153 4453
393 4039
2396 2949
1689 3780
804 4906
2510 3672
245 4504
2092 4381
1956 4785
708 4854
3747 4445
1062 1795
1624 2284
1441 4763
1615 3831
1054 4729
544 2580
1136 4263
1075 2759
1465 2999
3578 4862
883 2949
1134 3871
1710 2297
1309 4602
755 4937
92 3380
2815 4052
1162 3576
824 3803
697 2884
3720 3944
479 998
332 4433
179 4642
2471 2706
1719 4108
832 4434
3990 4998
926 2383
711 1614
3406 4302
830 3878
1945 4843
3686 3876
1156 3902
532 4734
147 4700
954 3365
962 4529
3231 3833
1908 2831
129 4057
1305 3232
2942 4030
1574 3608
1005 4776
2938 4477
1503 4641
715 4994
2257 4005
552 3600
2207 3884
644 4307
1838 4657
1386 1926
1877 1999
1620 4286
700 1526
1074 1288
27 4830
3471 3687
320 677
98 3746
353 4388
2368 4894
3127 4716
1361 2120
2011 3050
690 3356
706 3983
202 2496
735 4443
471 4964
211 2887
1004 2803
277 4844
504 1444
2485 4105
3106 4077
167 3993
1792 1802
242 4907
336 4139
433 3607
578 4537
300 4139
2277 3463
228 3832
79 4967
2182 4943
2088 4076
669 3558
1641 2779
2871 3727
1947 3346
1675 3613
141 3810
2414 4563
18 632
1488 2397
1711 2067
1032 3112
680 3313
2403 4074
238 4686
2452 4660
188 4951
124 4584
1695 3859
41 4277
1532 4700
2 4995
721 4054
1798 4297
1063 2591
1545 4550
3703 4785
88 4197
758 1816
2642 4781
1899 4728
2900 3408
1061 2247
2829 4752
421 4644
1233 3688
3198 4512
53 4988
3363 4160
32 4637
1187 1405
496 3638
2297 4398
272 4545
92 747
146 4055
2833 4525
2888 3300
1312 1971
445 4786
55 4633
56 4680
545 3756
682 1517
463 3696
3337 3748
2 4999
228 2000
1198 4749
966 3463
3254 3729
1051 4558
2695 4419
3777 4093
485 3766
1792 4812
164 4580
798 3225
1244 3731
877 2883
1941 3530
1608 2548
472 4793
341 4591
2091 4814
1504 3528
463 3094
621 4454
686 2550
668 2948
442 4954
488 4109
4736 4794
1537 1797
1109 4313
1226 4528
1265 4918
402 2982
740 4532
1684 2425
1856 3314
1112 4039
2183 4757
182 2234
3470 3747
305 594
921 4675
2930 4427
395 4949
643 4482
2615 3897
73 2649
141 4322
7 2992
2096 4207
45 3666
10 4791
1348 4403
2246 3541
2135 2184
191 4672
863 1796
330 4731
4909 4935
125 4629
3195 3778
1059 4384
3337 3754
2152 3945
110 4210
1242 1571
87 4981
1332 3796
535 2697
284 4575
389 1591
679 4540
1642 4499
1828 4490
395 4432
540 4686
2901 3270
2081 3203
740 4328
99 4542
270 4655
520 3090
2408 4144
498 4724
667 4319
190 4004
2729 4201
85 4922
554 3981
2088 4057
451 3301
50 4701
820 1847
295 2977
2079 2519
2622 3871
1364 3217
1282 4775
163 569
1218 2630
880 4852
3245 3407
598 4559
2395 4096
51 2796
1608 4071
1 4998
2712 4731
980 3523
952 2167
796 1371
604 3539
3654 4557
127 4937
71 4421
249 3529
285 4776
133 4602
999 4193
896 4675
695 3291
49 182
321 4242
2724 4563
4078 4980
1929 3895
806 3797
776 4484
2466 4325
686 3236
3524 4006
109 4749
1152 2383
1395 2702
620 2692
242 4530
255 1590
2544 3513
3322 3873
268 2694
1534 4058
2404 4729
362 3060
101 4930
1774 4883
3262 4824
179 4582
173 2342
442 4563
2094 4849
582 4957
1036 4435
2282 4953
1396 3979
594 3676
987 2836
2706 4832
133 3565
176 4729
1091 3598
1335 4251
2344 3768
1575 4921
111 4907
3357 3967
2229 4265
585 988
1523 4207
2031 3908
214 2039
57 4495
2483 3197
1408 2004
104 4895
594 4591
46 4174
3696 4185
124 4069
3029 4982
1391 2727
20 4973
1190 4859
44 1071
1743 4644
787 4229
1564 4203
840 4966
1700 2308
13 4913
2616 4341
847 4210
21 3161
2128 2477
2330 3081
1310 4474
1388 4759
118 4864
285 2374
82 4086
305 4060
3130 4512
1671 4424
2254 4425
3684 4507
182 4502
133 4100
123 4141
3161 4625
2617 3867
134 592
2289 4244
1576 3209
407 794
604 4465
3736 4911
4416 4706
3494 3912
159 4720
1297 4300
187 3527
1433 4549
1268 3392
28 4558
113 4603
177 2092
225 4711
122 4810
2274 3850
644 2548
33 3594
1059 2779
206 4878
2320 3598
906 4178
1153 3269
1963 2848
3027 4382
1979 4339
1325 4680
2197 4782
215 4486
839 4041
1858 3817
1153 4695
148 4937
87 3806
1442 3406
543 4367
907 3793
2651 4092
3555 4701
1770 3255
2297 2569
3683 4872
3053 4975
364 4736
1051 2951
1002 4241
3323 3678
53 1934
2674 2727
1826 3839
418 2456
1275 3592
2604 4298
2617 4994
1821 4951
2058 4966
226 4280
525 2913
465 1304
1904 4501
1000 3309
1505 3904
318 4816
1993 4832
1447 1747
1644 4881
1782 3899
925 4911
1458 4426
928 4154
4336 4658
153 779
1767 4365
1473 2414
957 4959
89 2306
2541 4967
57 1908
125 3868
1178 4286
2681 3032
3215 4483
2201 3389
330 3493
3398 4334
22 2828
2174 4779
2719 4722
96 4773
1867 2263
129 2578
1286 3617
2635 2879
394 3064
147 3946
245 1745
367 1772
19 4629
2109 3130
2176 4911
1454 4057
1890 4836
1701 3761
1 4990
1334 3522
551 4211
97 101
14 4747
1686 2555
2748 4853
368 4619
978 3424
2010 4825
3469 4388
3533 4372
878 2507
333 3714
394 4980
273 1232
122 377
2762 4646
123 4960
30 4972
1557 4095
210 1949
705 2574
960 4658
1403 4697
1690 4302
126 3245
1271 4287
2191 4474
3011 3780
1644 1911
922 3399
885 3183
1688 2172
873 3827
1358 3612
362 4507
1022 4215
629 4251
656 4923
1765 4078
229 2191
261 4558
1182 1521
46 4563
1412 2676
70 4769
27 2067
465 4787
50 2692
941 2016
299 2508
90 4988
2229 3141
1786 2555
71 3290
467 4451
2026 3636
314 4373
257 4367
3415 4538
2005 4784
2602 3349
126 4129
1592 3012
963 4762
3162 4943
301 1614
908 4906
448 4705
110 4527
123 3298
1182 1714
551 4846
1650 4598
139 3035
198 315
289 4065
95 4129
60 2210
3029 3627
75 3284
1 4564
1295 4787
2453 4046
1214 2534
188 4494
174 331
373 4614
2927 4467
58 4964
1125 4941
52 4406
3313 4875
1628 3325
1317 2134
3086 4796
3081 4898
3945 4146
1141 4831
149 4953
3065 4613
378 3736
934 3853
1117 2313
1558 4908
3054 4800
415 748
3752 4467
647 2856
2959 4828
62 3098
504 4256
409 2601
3145 4895
177 3749
1308 3721
1695 4315
1700 3167
1176 2075
7 4986
648 4195
258 1537
170 4896
687 3551
2187 3786
676 4828
2896 4284
704 1026
255 4016
2499 3538
2288 2753
1382 1782
650 4059
1261 4593
7 4219
1742 3792
3772 4762
181 3355
3732 4611
301 4372
3831 4161
1898 2031
940 4629
265 4184
736 4954
117 4759
2125 4497
2900 4632
791 3764
1436 4364
1864 3605
907 4359
3740 4249
698 1542
1854 4737
2979 4936
470 4914
136 4925
16 4454
415 4039
865 3461
581 4846
235 4849
3170 3993
1319 2344
1931 3956
1955 3872
92 1943
1800 4484
2203 3073
936 3369
257 3466
2417 4827
853 4532
385 4992
3760 4773
311 2408
1177 4315
15 4681
192 646
337 4709
444 4228
660 3601
628 4397
996 4391
491 3371
472 4156
218 4601
243 4759
3625 4774
239 3142
617 3772
3686 3771
594 1987
234 4408
1402 2994
410 2648
1389 4000
842 3995
621 4682
16 4435
1300 4335
190 4478
2780 4874
2615 4885
3099 3702
1033 2954
1637 3520
3258 4358
3139 3945
1380 2487
437 2068
485 838
1652 3631
523 4707
602 4851
2841 4952
1762 3132
1573 4773
99 3670
157 1029
106 4166
456 2322
45 1601
51 4853
717 4876
1471 1635
354 3896
1043 1230
415 4771
15 4992
2016 4620
234 4396
297 3719
520 4296
744 3969
458 3334
976 4558
650 4389
156 2945
25 4985
449 4231
2129 3418
461 1752
2137 3417
752 1552
2590 4203
1882 4905
2118 3537
266 3093
1274 4554
343 4947
351 3239
813 2372
1610 2800
1501 4515
652 4101
1926 4118
1133 4736
228 4994
1605 4736
36 4872
1272 2660
1605 4825
2395 4338
498 4939
60 3223
30 1157
51 4910
82 1975
1020 4251
3475 4340
1141 1916
900 4866
119 215
4057 4973
2777 3368
1261 4059
2013 2486
2388 3119
1192 4798
23 4636
39 4751
1543 4107
105 3514
2986 4930
129 4184
3045 3151
152 2996
1775 3430
1462 4453
195 4429
1121 4948
1478 4959
210 1837
532 4874
3 4988
842 2424
159 4400
781 4228
443 939
340 3302
991 4950
1456 3974
1981 3971
1274 4947
9 4971
1378 3965
866 2437
456 3740
1838 4072
864 2551
415 1688
174 4433
855 3486
1295 3531
373 4578
57 4929
1296 3630
555 3416
562 3218
487 4734
448 4013
1060 4786
256 4587
1100 4873
575 4179
1641 3492
2895 4455
3480 4224
627 1894
139 3815
448 2425
293 3090
2529 3676
1953 3277
1686 3927
142 4687
3103 4108
144 2097
1438 1754
18 2286
325 4419
120 4964
223 4916
18 4503
1750 4147
567 4422
2644 4238
1948 3706
1572 4115
493 3341
2469 2687
100 3114
79 4911
2549 4984
504 4637
441 3312
1036 2472
223 4276
1921 3352
356 2514
1591 4054
1120 4327
3263 3482
1472 3008
1999 4169
2269 3410
2450 4416
22 4951
24 4954
281 2075
2880 3267
2053 3123
2168 4939
2608 3692
408 4963
230 4751
324 3975
645 3660
1315 4002
2534 3580
3110 4934
2636 4481
1207 4309
372 4186
2214 3666
594 3924
19 4700
1065 1882
743 4539
2833 4390
1678 4264
653 4782
1599 3047
517 2673
187 4581
362 3932
79 4334
1146 2043
356 4138
101 2918
1340 4613
506 3377
3419 3694
963 1743
1752 2684
197 2030
2118 4326
3143 4190
2276 3743
1437 1824
19 2410
1481 2266
379 4334
446 1678
351 4384
703 4481
551 3292
1367 3377
3651 3896
893 4287
175 4801
514 4576
4388 4610
76 4931
3002 4952
1043 2708
2201 3708
1956 4701
2641 3983
1020 4574
3653 4345
2923 4737
82 2133
164 4714
3595 3699
1337 3975
235 4985
2459 4564
180 4654
240 4824
130 4552
807 4375
287 4202
3412 3894
991 3972
360 3402
4 4988
742 3115
1136 4468
1863 4661
860 4369
1220 1889
1065 3051
1936 2509
221 3614
514 2371
1601 2555
1550 4885
4330 4994
509 4346
1839 4725
472 1314
594 2951
563 4554
63 3822
1569 3401
2538 4532
349 4906
2183 2214
343 2102
125 3825
3 4990
200 4493
198 4929
391 4231
2949 4954
440 4485
174 4892
4307 4544
117 4514
64 3773
2324 4676
1418 4403
1211 1792
3246 4547
549 1291
1360 2593
662 4818
134 4002
2514 3258
1423 4941
136 4225
1469 2329
419 4401
2057 2732
795 4209
1110 3473
275 4886
472 2211
3181 4065
353 4414
1135 3043
193 4837
42 4738
1319 4442
339 4319
483 4388
910 3834
17 3709
3128 4308
3495 3803
2895 4317
268 4258
1847 3604
84 4724
671 3282
3714 4527
3550 4346
2071 4887
1344 3982
3294 4853
1983 2981
634 3447
2711 3789
2484 3400
2814 3372
38 3664
350 2232
1011 2165
1368 4708
239 3914
1481 2528
502 1097
4508 4546
2279 3487
2537 4378
1435 3678
2474 2750
2089 3441
1171 4166
42 4963
1851 4057
627 2524
288 2807
799 4460
392 4418
1472 4716
2060 3194
12 946
485 4503
170 854
344 4050
2772 3600
759 770
1850 4298
3861 4349
91 4206
625 3373
2540 4178
1816 3138
1198 1392
32 4497
451 4883
921 3327
310 4136
403 1380
708 908
1047 3564
27 4660
109 4100
775 3143
1408 3070
2420 3508
2427 2859
817 4584
114 4962
4183 4844
1980 1988
137 4976
585 3008
69 4570
739 3934
2181 4953
921 4992
1979 3276
68 4211
1538 1823
3457 4159
3395 4404
1598 2759
59 4947
1174 3978
493 1752
306 4840
3589 4896
1540 1554
178 2750
104 3536
471 2348
1935 2562
67 2302
3569 4776
1959 4863
1624 4637
3108 4430
3016 4906
853 2643
14 4955
1543 2068
1594 3803
70 4974
1157 2467
370 4783
2909 3154
2640 4819
210 4986
20 4934
1463 3424
2497 4176
739 2394
2510 4979
1815 4745
451 3508
2438 2924
868 4504
1993 3040
1940 4771
620 1554
2771 4253
4155 4738
1681 1826
2732 4550
2280 4639
35 3018
629 4669
1976 3362
156 3710
214 4591
4458 4631
929 4711
2194 3102
560 3963
248 4798
377 3452
914 4660
821 3965
1011 4959
144 2559
1108 4571
1422 4966
591 1561
376 4970
96 1581
1082 4016
3958 4510
1707 4334
83 4919
248 4526
1797 2493
407 4793
727 3752
1 1084
533 2608
110 4283
17 2926
430 3908
2778 4281
2019 4916
555 4128
1438 4001
117 4696
265 4419
3130 3747
796 4208
1343 3193
50 3204
33 1120
3566 3962
2584 4657
30 4942
174 3468
495 1282
414 4589
6 3056
690 1070
836 2190
3847 4522
504 4754
1192 4886
9 4413
234 4574
392 3303
1292 4568
2460 4099
466 4261
1789 1910
943 4537
1470 4772
1507 2592
9 3652
1584 2680
1350 3744
837 3449
793 2376
2704 4626
247 4270
1561 3680
4625 4901
789 4663
1993 2398
375 3756
41 3845
20 4839
290 4976
71 4608
1250 3252
2076 4321
1162 3271
1681 4116
880 2704
1979 3861
82 4788
2614 4698
4511 4561
352 4892
2128 4743
235 4448
2061 4493
499 4713
984 1478
1309 4958
274 320
1060 4756
3139 3825
136 4972
185 2494
226 4605
22 4099
809 4614
465 2943
127 4784
1006 1435
538 2978
3447 3604
3530 3960
150 1997
1819 3527
400 3201
4716 4820
587 2960
820 4888
2404 4588
1934 2457
2700 4046
1064 2816
2154 4337
1242 4323
1878 3858
1394 3674
466 3227
513 3709
1179 3857
711 1490
280 423
2223 3096
846 1797
4044 4561
1040 2825
350 4825
1213 3048
2619 4062
3770 4429
4569 4776
667 4248
491 4064
384 4898
570 4916
1584 4447
941 3580
1354 1866
3808 4013
3400 3950
1923 3557
3311 3547
118 3778
436 1926
2021 3041
2823 3881
405 4607
1943 3782
29 2131
2660 4898
1696 4939
654 2079
755 1050
1611 3781
2707 3789
2926 4285
1353 2158
194 3208
66 4571
709 4889
514 2552
514 3727
146 1204
320 4519
399 3280
2955 3173
2059 4722
3009 4154
1967 3771
105 3952
1453 2341
754 4657
2034 3096
1152 4261
313 4084
1411 4680
90 4948
849 4520
1061 4376
619 2551
120 3391
3027 3610
2572 4724
39 4885
2070 2834
1561 4526
3259 4919
1138 1747
82 534
2616 3102
254 2575
148 2236
1651 4380
1816 4940
283 4852
2193 3446
727 1561
239 4370
4587 4756
464 3218
1063 4590
572 3961
1685 3406
1051 3754
417 2110
2 4771
419 2626
39 4944
1397 3230
69 1135
1247 3429
2805 4731
2544 3603
309 4029
637 4704
282 1430
172 2604
3410 3498
3040 4691
274 4532
860 3805
1965 3555
408 3307
2458 3759
7 2837
327 4671
51 4462
526 4167
1736 4261
238 4932
518 2748
1414 4953
158 2545
334 2102
81 2953
1335 2142
2217 4701
106 3357
2150 2667
3009 4507
311 2240
507 4526
2462 4105
1784 4657
744 4753
77 4994
4496 4932
20 3374
26 4986
1138 3892
1201 4560
1247 4340
1357 3875
897 3877
124 1633
667 3295
1632 3530
679 4179
2122 3730
1623 3711
205 3576
689 4912
1256 3604
128 4977
125 4880
235 4947
194 4883
3087 3880
1432 3334
333 4724
4031 4387
3306 3556
156 1906
47 4917
42 4994
1047 2969
539 2848
1582 2148
1626 4460
228 4905
1834 4845
552 560
285 4290
23 3147
1169 3516
540 4693
2509 4498
534 4726
1279 4843
81 4739
1232 3274
1799 3992
3536 4967
443 4200
319 4847
2679 4818
648 4856
2503 4146
182 4677
1367 4369
1082 4837
150 3154
1737 4381
1663 3539
1065 1546
16 1756
318 939
1034 1831
882 4223
53 2797
2299 3773
1012 4556
264 4624
521 2905
141 1926
339 3069
627 2133
515 2704
280 4208
1078 4879
1490 4964
392 4656
1692 4623
4089 4302
1882 2802
719 4552
1490 4870
567 4464
31 4924
2611 3658
1957 3896
3628 4642
1832 4595
1603 4724
6 1824
1708 4713
1859 4071
43 4908
64 4845
583 4006
481 4476
3342 4441
2034 4891
2616 4098
437 3224
3860 4204
1755 4008
341 4629
278 3957
153 4796
1687 3382
2439 3293
9 4995
695 1226
2335 3292
952 4539
815 1105
768 4938
264 4651
1714 3564
1909 4638
429 4913
1215 2449
1327 3475
981 3646
621 4920
3978 4809
207 4706
560 2000
2249 4718
11 4925
364 3976
2290 4502
27 4978
1301 3705
188 4902
62 3058
2441 4151
817 4879
3068 4131
1338 4588
280 2443
287 3759
1945 4398
2482 4606
1087 3834
473 2382
448 4137
900 1654
1836 2358
3989 4141
406 4987
490 4685
1721 4611
1560 4704
1558 3839
664 3518
1431 1968
2330 2636
75 4914
709 4323
1556 4676
2755 3253
2914 4417
673 4086
2687 4626
2157 2370
74 4966
1043 2615
1387 4819
234 3842
2407 4581
941 4335
13 4475
318 1921
1307 3499
1420 3066
1748 3993
589 3816
2642 4247
957 3466
651 4177
3005 4659
278 4947
2142 3519
743 3965
1342 3828
1134 4453
328 4735
643 4931
7 4872
873 4713
1527 4241
240 4977
289 4899
2216 4487
80 4991
151 4793
393 2087
1090 3903
886 4150
1859 2689
1714 2495
983 4841
2387 3327
1595 2930
566 1854
220 1401
1978 4880
1415 1824
588 3514
722 4296
34 4752
888 4781
310 4552
895 4358
1822 4809
1381 3338
119 4914
447 3826
750 1334
774 4962
860 1399
291 2439
461 4665
333 3085
974 4756
286 4348
152 3344
897 3980
162 2353
272 4581
403 4906
1667 3123
798 1338
2419 3455
2976 4544
1673 4024
75 4839
854 4429
2179 4491
971 4865
2019 4936
943 2749
582 4788
3697 4850
209 4339
363 4987
1283 3698
4629 4916
419 2642
866 2840
3676 4624
774 4716
981 4998
1019 1214
169 1846
927 4884
1917 4767
332 1743
3916 4251
593 1960
765 3267
163 1478
1335 2403
183 4816
1107 2753
3361 3993
2504 4651
297 4550
356 4915
3616 4271
701 4145
603 4731
310 4205
1094 4458
996 4705
433 464
437 4056
897 2490
2700 4143
1542 4085
145 4705
2057 4645
2052 4125
1723 2724
584 4977
1390 4317
1566 1591
107 4057
2261 3930
3701 3895
406 4801
352 4593
3429 3732
919 1672
713 3669
3089 4823
393 3505
101 1275
1676 4965
790 4831
2285 2951
32 4674
4208 4455
863 3354
1906 3973
1829 4873
828 3953
1163 4805
2863 4625
2531 3171
230 4305
123 337
25 4982
1268 4425
182 4764
948 1840
2952 3439
1789 2696
65 4568
2910 3702
1008 4309
2663 4435
119 2991
883 1957
316 4835
19 3030
1908 4744
732 1695
438 4037
2177 4640
934 4077
1465 4231
292 3804
1227 2380
2663 2780
47 4969
14 4991
1230 4877
72 4939
2257 4302
710 4607
607 3850
661 4968
778 4915
4357 4723
1709 3379
272 410
419 4790
2775 4843
381 4840
974 4028
2585 4381
2463 3597
2385 4391
65 4043
98 4437
1345 4868
1335 4913
2360 4466
819 4739
1346 4204
2528 4376
1642 3748
1869 3340
75 4534
3409 4798
1517 1549
1690 3967
244 2029
2131 3671
2630 4272
386 4249
3 4985
845 1511
1165 4787
1259 4709
2996 3962
913 4995
1739 4339
1694 4191
1659 4201
2137 2850
1084 1344
669 3876
266 4925
2436 4241
662 2981
986 4919
1998 3470
807 4539
1053 3654
613 3919
1574 4726
369 3722
303 4603
949 4965
1656 3614
1857 3413
1068 4158
1905 3709
2316 3133
1026 3269
670 1807
212 4491
1886 2766
439 4626
274 1255
298 3508
1247 4157
688 1331
676 2185
298 1664
1508 1898
2341 3520
293 4105
3017 3409
1117 3295
228 1927
22 4627
2356 4131
1837 4960
1073 2554
1486 3886
558 3037
456 4341
707 3911
160 3935
760 4321
555 2998
919 2731
1606 2084
520 4845
789 3789
376 3303
1921 2520
1550 1833
370 4840
519 4863
1561 4170
1260 4846
274 4663
102 733
2038 3597
4087 4295
305 4825
1544 1612
604 4827
1904 3205
1429 1813
4037 4267
269 4465
417 2769
4712 4825
595 4321
1307 4734
1269 2111
735 4549
2405 4091
2682 3833
2508 4945
964 1499
4670 4747
55 4333
7 4974
1384 3590
115 3578
2300 3236
30 3232
4487 4786
3980 4712
282 665
62 4963
2304 4292
2534 4500
1859 2383
517 1489
2594 4765
1883 3769
2375 2446
739 4477
1350 4612
2927 4015
242 4761
1744 4583
438 4712
208 4413
123 1837
648 4460
1252 1711
1001 3862
32 3048
1856 4511
179 4874
560 4641
1620 2407
1754 4886
672 3139
1083 4894
156 4912
1508 3865
1723 4454
2306 3403
2794 3319
226 3705
84 4757
2248 3518
1044 3587
3450 3677
2040 3292
2195 2770
2173 4177
785 4740
531 3333
3990 4290
960 4244
59 4657
502 1530
3339 4736
848 4794
1248 4412
1982 2244
1275 4237
976 4509
2800 4707
100 4299
2260 2797
274 3073
779 4825
66 3877
393 4326
691 2550
14 4966
261 4454
2057 2727
132 3607
3459 4926
3389 3644
4166 4547
619 4570
866 2425
271 1276
239 4424
583 3428
4189 4644
1712 2326
1143 2139
134 587
3309 4206
796 4840
226 4309
400 3667
1376 3888
1735 4916
3463 4089
203 2867
25 4534
1034 2577
183 4836
1671 1730
274 4970
3579 4158
143 2257
1950 3535
2672 4055
994 3818
228 4529
301 4793
18 4793
67 3895
23 4864
95 1464
814 3807
442 4646
465 4818
2743 3105
3850 4947
767 4712
262 4535
378 2309
3322 4188
915 1722
986 2490
28 4961
582 4815
52 3486
752 3030
392 3659
362 4396
2137 3623
1987 4432
434 4645
453 3518
1328 2828
1226 2522
146 3392
73 4054
1178 4149
1274 4160
480 2053
140 1680
85 4120
1477 3928
2730 4153
598 3118
990 3459
179 2948
122 4952
874 2246
133 4492
739 4037
436 3623
1659 2525
351 4667
1804 4953
677 3800
1017 1630
2647 3460
375 4924
2322 2449
397 3640
2985 4167
63 4560
368 4651
82 4925
316 3256
27 3292
188 3792
961 3561
1140 3400
3422 4912
652 4283
1458 3226
602 4414
638 4052
4255 4303
303 4881
3917 4095
1176 2773
404 2664
786 4230
673 4440
2314 3887
549 4237
947 1099
1927 4283
1527 2383
2120 2896
1105 4043
4708 4943
4121 4678
331 3060
1241 4910
2618 4771
1013 3553
1268 4607
1148 2692
1142 1426
235 4550
774 4903
3219 4219
238 1342
74 3752
846 1641
3634 4966
2122 3857
382 3700
1053 3772
3743 4481
110 4662
861 4018
1113 4966
836 1195
2732 3301
1318 1427
507 577
4572 4887
4321 4390
3498 4209
367 1798
295 4863
1278 3441
290 4769
40 4813
1460 4598
2964 4220
265 2129
356 3771
3373 4328
3612 4114
868 4158
85 4156
212 3624
2971 3189
3009 4091
2244 4019
634 3660
23 4358
984 3516
2638 3752
2374 4849
15 3866
933 3241
1994 4216
8 4952
2809 3936
1617 2468
345 4684
116 1531
170 4899
2323 3309
614 4775
1063 2259
511 4554
328 1096
4302 4323
375 1631
437 3690
57 4927
2198 4376
4015 4923
2062 4495
2002 2500
201 285
338 4843
2236 3134
82 4865
629 1731
2043 3130
491 715
361 1829
59 4245
511 4799
1720 2278
3451 4937
2523 3387
195 4477
39 4297
212 2415
3124 4304
31 4989
455 4610
556 3785
131 3407
866 4872
54 4239
2142 4892
1507 4822
3560 4976
1034 2676
865 1470
974 3035
709 4007
1783 3147
1251 4569
398 4339
215 3391
234 3661
92 4506
468 1783
3063 3134
2708 4597
3243 3462
2169 4556
2047 3766
3164 3721
3309 4986
3715 4789
53 4741
2752 4827
1273 4701
1317 3170
36 4924
1859 4408
414 4253
795 4486
2419 4528
975 3105
274 930
1730 4862
4195 4991
721 4069
223 465
123 4605
1491 2143
903 4980
1690 3136
1056 3566
1626 3049
1747 3915
2452 2886
1260 1636
1540 4272
3232 4850
356 3851
1206 4757
3530 4337
31 2987
2175 3627
537 689
274 2773
130 3875
1884 4017
449 4324
2424 4930
1348 2447
1447 2015
1064 4123
2386 2995
2446 3894
73 2239
3654 3661
3072 3970
889 2641
3494 3798
850 3012
164 3754
462 2001
1442 4723
1437 3001
421 4292
624 1980
3911 4307
661 3600
1109 4396
1908 4891
777 3764
2347 4961
1578 2555
3821 4743
1238 1434
4297 4374
18 4977
2877 4437
1503 4160
211 4860
1932 2226
1277 2984
2613 2976
615 4800
1799 4922
2401 3446
287 397
659 1333
4008 4982
1568 4565
43 4966
1405 4384
43 2228
1286 3693
481 3569
368 4502
1227 4654
466 4726
1851 4501
3023 3518
1186 3326
404 2513
1842 4814
1231 2603
3131 4848
2993 4587
2487 4237
122 3954
141 4735
344 4924
6 1814
3022 3905
2591 4864
602 3828
920 4146
977 2315
44 4962
2517 4197
628 1292
1735 2956
66 128
352 4135
173 4916
572 4872
3230 3869
1850 2828
3044 4912
767 4160
2394 4535
1572 2669
3362 3867
735 4930
2076 2146
2987 3749
33 2658
1880 2206
1210 4443
556 654
4061 4493
588 4493
1274 3274
921 4473
1123 2882
5 564
48 2344
313 4497
4109 4398
1430 1549
215 3912
2023 4564
1011 2338
4946 4994
2311 4615
80 466
4014 4142
212 4805
11 4956
1848 2063
141 2923
1218 3436
1001 1072
2 4996
837 2536
75 2836
514 3785
2231 3334
789 2917
1121 3820
17 1703
57 4560
432 4971
1952 4432
2345 3549
1591 4760
2605 4678
1598 2530
2808 3084
239 1143
114 4733
1151 2353
2887 3451
426 3288
417 4933
4174 4317
2916 3184
274 4898
174 4967
85 4825
1456 3942
464 2454
919 3271
695 2524
94 4285
1285 4510
177 2069
20 4983
3726 4056
3124 3951
899 1362
1363 3354
1710 2118
930 2519
62 2745
2690 3562
1041 4995
114 4616
3123 4801
2762 3759
63 4981
47 4768
337 3903
4027 4695
637 2657
905 1932
1409 4247
460 4729
2959 3538
950 2404
523 4784
203 4351
4718 4888
480 1061
2721 3606
2229 4025
1030 4429
1730 3629
1310 4712
573 1634
2379 4551
2782 2810
592 3077
2006 4424
3921 4107
1641 4305
195 4665
2381 3999
1066 4123
2214 4473
1754 4833
125 4309
793 2773
1961 4667
503 4557
1598 3965
640 773
255 4969
3065 4726
2256 4615
1657 3952
541 4744
841 2865
345 2008
236 4754
3446 4223
1355 4923
2833 4669
1269 4515
1129 4597
834 4618
779 4091
765 3353
1031 4653
1687 2791
1847 4246
1443 3259
248 4659
143 4977
147 4915
196 4499
946 4688
613 2038
207 212
527 4860
1274 4704
522 2431
498 3995
187 4638
1537 2323
525 1722
640 1216
292 1790
997 4617
288 3815
1183 4405
496 4109
2532 4255
901 4524
3029 4378
42 1737
1044 4773
241 4694
3761 4886
634 1298
868 4823
31 4645
1159 3089
327 4441
20 4949
3660 4054
376 4089
293 4398
291 2394
1204 3084
913 2378
1239 3218
640 3201
1773 1897
2330 3890
491 1711
12 4816
197 4550
171 4157
422 2386
2270 3374
1638 4929
2736 3330
461 4486
1788 3548
1667 1786
229 4993
77 4955
81 4986
748 4995
2765 3420
1546 4880
1693 2738
369 4491
734 4585
3646 3872
645 2956
1 4998
1350 3242
2226 3580
1790 3871
210 4504
367 1355
443 4875
193 3722
1151 3873
2633 4331
3175 4823
987 3471
1645 3306
519 889
993 1728
1788 1993
1490 4220
350 1924
1437 4924
294 4512
246 4599
220 4697
446 4613
991 4382
2446 4935
3164 3389
362 698
1908 2245
1550 1911
2458 3469
1431 4841
1050 1638
237 4776
560 2218
1665 1919
261 1107
568 4806
2974 3720
3488 3843
592 4176
202 4890
2365 3906
149 4808
470 2206
76 4840
1393 2708
2087 3830
726 4770
33 4367
2867 4035
178 3931
142 4951
6 4995
1373 4035
2966 3949
279 4361
166 4995
960 3029
533 4605
1798 3202
127 4992
287 3130
440 4857
580 2151
3003 3147
740 4815
537 4233
192 1949
468 498
1471 4866
621 2062
771 4067
685 2833
1452 2694
2764 2859
1952 4824
762 1777
642 3396
3763 4077
3075 3286
1422 1948
693 1404
606 3281
256 3009
133 4384
179 3965
1015 3872
2708 3075
236 4411
1634 2649
859 4908
2599 4478
2269 4905
201 4137
512 4998
1945 2984
2705 4377
259 4710
1131 4888
194 2826
2076 4040
39 3823
1177 1770
3393 3659
1279 3108
897 1863
828 1473
2210 4415
102 3170
318 4248
1553 4456
294 4392
409 4409
401 4821
3414 4396
1388 3687
1062 3853
45 4893
846 4770
27 4802
198 3548
256 3744
721 1990
1449 4523
1010 3751
896 4819
705 4638
3924 4974
1434 4187
987 1040
1899 4642
547 4939
3622 4216
3523 3936
1812 4100
734 3645
37 3659
528 2069
613 2891
999 2915
1772 4649
957 1400
109 2784
1045 4943
604 2847
1202 4641
948 4406
239 4941
1570 3486
4400 4814
18 4828
1889 4709
2703 3214
150 4962
764 2749
35 4814
2484 4824
1462 3728
1241 3797
1346 3314
478 4440
2983 3789
1496 3074
1199 1631
374 3650
1090 1825
326 2411
2639 4452
3618 4540
15 2144
1054 1153
1020 4888
2155 4413
1349 3707
73 1943
648 4746
2911 4214
1 4953
3981 4148
1220 3689
580 3864
2801 4036
1443 2392
1362 3448
770 4906
946 2888
3293 3542
1260 4385
797 4839
931 4104
2923 4510
24 4919
3770 4898
1179 3628
319 2418
279 4232
10 4129
471 4103
1754 2047
1163 4302
555 1744
802 2256
1185 2715
2669 4418
1159 4892
1189 3538
578 2017
3758 4031
908 4585
1457 1981
2264 3138
241 4921
828 2592
65 4903
273 2636
7 4998
2013 4658
1610 2461
232 1791
3503 4017
37 1085
4 4878
293 4805
175 4971
1806 4285
38 3482
1735 2655
81 3991
3408 4805
3836 4236
1404 3101
783 2272
2121 4213
2180 4358
1341 3833
1517 2835
456 3723
3050 4196
483 4914
3114 4148
1162 4382
737 4277
2230 3675
362 771
233 4659
461 4619
413 3807
152 4937
3046 3307
444 2094
22 245
685 1363
744 3840
2574 4955
725 4740
861 3283
1821 4735
390 4818
702 3593
1213 4477
3900 4861
589 2565
718 1080
1614 4739
1271 4381
30 4832
1605 4715
1112 4913
1315 2090
15 4565
3724 4613
332 4988
564 4125
1001 1238
52 3361
1315 3980
234 4498
2464 4961
948 2571
148 2897
1080 4798
424 3615
95 3722
40 1219
894 4161
367 1628
971 1641
933 4933
693 3309
1269 3865
1120 2171
456 4566
1041 2938
959 4505
27 4972
2257 4889
690 2349
640 1054
466 4269
4165 4646
2916 4736
85 4074
359 4554
15 4929
2089 4867
504 3921
112 4989
1844 3346
53 356
605 2849
1866 4651
2425 2607
3403 4165
2523 3978
626 3654
2403 2758
1474 2850
895 3717
2000 4220
3492 3966
3754 3962
97 4082
3291 4506
967 4835
2864 4389
1074 4766
1314 4424
979 4956
479 4922
857 3168
1273 4661
2762 3138
85 1181
3527 4578
1561 1782
2115 2412
2120 4053
3220 3303
1746 1770
2235 4730
834 4012
1487 1515
12 4748
1418 2425
3407 3474
520 4593
287 851
298 1907
1110 1780
993 4787
131 4911
1007 4078
1198 1236
2042 3859
