5000 5000
224 3890
56 4930
1198 4549
2744 4293
1168 4945
4622 4960
105 2964
714 1295
2043 4887
86 3699
3076 4006
1283 3217
3849 3963
1462 3853
83 4876
127 4661
2563 4624
2179 4239
2279 4731
59 4465
305 784
433 2309
2021 3624
276 4258
831 4808
161 3357
1893 4977
3619 4511
148 4382
1100 4902
193 2544
207 3947
88 2522
1045 2810
3124 4277
284 3159
2996 4366
528 2523
1240 3147
366 4579
22 4582
71 826
1579 2803
274 4975
1905 3971
2914 4742
12 4989
401 4239
74 4925
2217 2649
1095 2296
751 3321
2293 3925
2636 3629
271 4072
702 4534
16 4875
523 4738
701 4891
3611 4858
2820 4330
220 4299
1014 3811
949 4362
2489 2495
295 1145
2744 3277
1970 4063
231 1669
879 1023
1081 4693
2034 3320
59 4972
2514 4812
11 4972
2875 4621
161 4677
1824 4675
2708 3939
1998 2326
35 3359
1669 3750
870 4444
1549 4726
168 3539
251 4013
95 4644
842 4103
1379 3500
2190 2824
74 1043
446 3621
820 1355
106 2994
700 4129
3754 4083
1950 4089
3075 4851
3056 4337
931 4639
1117 4007
1235 3356
78 3613
2199 4329
131 4667
4648 4685
1347 2857
85 1541
2139 2341
3826 4176
1280 1795
146 4843
2113 4504
1906 2430
565 3683
1197 3830
4247 4785
1299 4591
1722 4069
3231 3864
342 4176
450 4168
894 3694
2947 4817
3480 4621
160 4975
2711 2847
894 3175
536 3388
561 3742
989 3199
373 4230
1933 2182
179 3079
631 3305
1503 1964
650 4205
1491 3819
1728 4579
1883 4366
1135 4626
3068 4380
188 3783
1258 4502
795 4479
996 1788
491 4921
890 3524
2194 4280
111 4012
456 4275
2618 4477
1274 4592
1318 3843
904 4785
4398 4426
291 4764
330 3884
642 1853
2034 4353
1026 4635
310 4591
1075 1890
2367 3142
2283 4459
55 4690
1132 4075
2965 4992
415 3127
315 3423
631 4474
219 3509
2442 4539
14 1446
1433 3764
2464 3592
531 2037
126 2397
2002 3092
2261 3002
2823 3869
1575 2154
2830 3270
2498 4480
3095 3791
1476 3819
991 3979
5 4998
17 4892
29 4973
1852 4867
214 4845
469 2513
35 3143
180 2893
1282 2447
443 3243
687 2261
1292 3349
3127 4202
730 4735
481 4168
604 4379
2479 2496
374 3818
1979 3556
483 3975
1682 2684
72 4851
430 3901
1275 4892
1189 3867
789 1108
377 4275
869 4362
269 4843
769 4108
1983 3368
328 4750
884 3675
802 3576
2548 4895
194 1368
391 4979
306 4637
183 4550
1973 3949
216 4686
3222 4548
2801 3419
605 3761
2372 3620
1053 3975
353 4323
84 4874
4139 4457
333 3674
579 4645
750 4748
1500 2503
664 3679
3202 4792
637 1832
878 3534
651 4892
563 4173
466 4876
2205 4173
33 4316
111 2492
140 4993
1181 3419
723 2689
3463 4533
76 3099
2834 3971
1157 4579
1154 3481
1690 4319
1589 3245
817 4226
991 4185
779 1831
458 919
1306 4752
486 4834
3014 3363
1043 3659
884 4619
204 4664
1123 2464
2107 2749
1177 4681
332 4837
705 3204
773 1009
247 3953
3576 3887
121 4973
9 4963
4063 4213
197 4656
1152 3820
1834 2076
643 4255
114 4995
694 4805
2012 4127
3733 3746
1212 4315
604 3444
1453 4854
2204 4663
4312 4920
1281 3431
31 4597
210 527
1811 4927
2054 2569
570 3897
509 3877
172 4736
1019 4394
139 2097
843 1484
1692 3061
30 2061
3293 4113
1151 3222
2542 4100
295 1058
86 4998
1637 4694
379 3874
201 4275
89 4107
600 4241
1529 4357
458 4583
1640 3775
670 4701
1030 4610
1388 1524
793 4250
1488 2616
657 4556
360 4355
570 4809
209 3995
42 4866
15 2005
96 4685
235 4515
965 4415
1948 2663
3203 4768
1261 4920
528 4537
1993 4450
367 4049
930 4272
962 3542
4022 4939
1574 3613
97 3348
833 3334
2728 4732
59 4723
2522 3554
2558 4539
3403 3601
659 4009
1365 2316
442 3402
1472 4897
266 4431
529 3589
434 1417
351 4612
1275 4457
480 3220
52 4140
623 3281
732 4370
1289 3735
647 4343
2583 3880
1114 4839
3256 3458
607 3641
1144 4663
429 4539
304 1362
1242 4860
1059 2263
1115 4750
2663 4864
3229 4635
776 1965
424 4932
1349 3422
158 2651
326 4900
2119 3617
1592 3242
4184 4360
3659 4501
434 4434
43 4295
443 2895
2212 4921
784 2360
23 4268
403 2998
2736 4882
224 4825
354 2764
240 4087
3922 4618
1321 4077
2479 3396
197 279
1804 2266
3589 3723
2489 4301
22 4743
353 2914
379 2587
149 4900
182 3015
3219 4599
3764 4573
2768 3351
1359 3034
1793 2750
1137 3022
52 2953
916 4800
2074 3351
4466 4646
2086 4247
232 3104
349 3297
839 4436
1036 4817
600 1396
1350 4066
4425 4699
150 4634
307 774
981 2827
560 4869
3670 4899
3391 4988
2022 2878
4115 4666
109 2617
2585 2728
2874 4279
404 4348
1285 2181
3149 3777
239 4890
1184 2826
1722 2780
3795 3986
59 3355
341 4445
396 4616
1902 2507
357 4332
186 593
807 4062
1384 4299
537 3969
1411 4136
16 4958
937 4280
2838 3986
3348 4611
1351 4634
880 4609
401 4469
1200 3089
66 4138
2025 4685
855 3949
3000 4954
1127 2095
61 3904
11 4981
2163 4303
3735 4274
3760 4694
6 4849
59 4966
494 3124
1729 2139
3134 4737
10 4009
826 3284
1700 4087
2097 2213
2602 4607
282 1806
142 2746
141 2525
504 3366
1045 4346
579 4671
354 1024
831 4098
445 4648
688 4698
2378 4654
3767 4367
142 4252
251 4764
564 2377
86 4094
1254 2382
283 1699
1434 4493
528 4818
944 4891
927 1252
1033 3920
505 3463
206 2951
1224 1864
91 4381
2846 3314
547 3720
2155 2188
944 4725
1010 4962
199 4672
2512 4546
1291 2983
127 2810
983 3218
1785 4782
2718 4807
2887 4372
3377 3913
257 2802
2889 3247
426 2853
832 3343
2141 3320
163 2233
22 1499
282 4596
236 4832
127 261
778 3922
158 2285
2366 3864
755 4535
536 2801
630 4448
1075 4418
1241 3191
2577 3517
1094 2261
191 4640
1145 3847
97 4883
2372 3409
1721 4904
751 2756
3077 4835
162 4991
226 3729
30 4278
1509 2286
3897 4133
25 4603
3269 4210
1682 4385
824 4657
1273 3455
952 2760
721 3560
263 610
23 4765
2308 3031
764 4310
1279 2069
1046 4715
766 3994
1831 3399
2189 2357
77 4826
1095 2940
94 1045
422 3099
2472 4580
570 4316
1402 4352
687 2667
852 4297
1379 3238
282 3179
575 2722
742 1019
1621 4706
250 1105
1023 2463
3553 4060
1132 2003
1332 2439
142 4876
253 2931
3464 4970
182 4231
152 4260
25 4995
2781 3015
1820 2463
104 4827
416 4568
731 4848
2039 4439
2554 4704
817 3379
3745 3931
463 3358
998 2721
1934 2506
1409 4740
54 2722
1837 4069
822 3942
119 4538
1553 3131
617 3674
1623 4136
2414 3713
1166 3682
92 4492
1068 3615
1761 4897
707 735
473 1401
668 4514
2698 4690
1060 3427
577 910
153 4716
106 2676
3072 4561
56 2276
351 3954
3332 4154
355 4989
871 4377
4136 4856
1946 4048
2106 4421
1123 4413
1080 4583
846 2418
2273 4740
310 640
2536 4929
1339 2409
151 3507
398 4128
2185 2714
190 4952
734 3840
72 2424
725 4756
218 3579
919 3680
368 483
1264 3226
3344 4041
1994 3484
1508 2994
134 1104
2611 3519
2249 4066
154 3214
180 3066
1018 3928
813 4698
2908 4526
1516 4670
621 4611
1165 4942
144 4918
2228 2387
685 1924
143 1978
2429 2523
5 4983
629 1287
8 3807
2120 4780
29 4643
1476 2749
110 4828
1071 2938
596 3090
1239 4938
1748 3684
4404 4650
316 4187
187 4995
1610 2104
3 4991
1977 2268
1603 1697
2046 4992
1108 3271
70 4911
1045 1352
169 4983
121 214
3431 4205
1592 2678
461 3022
2598 4253
175 3592
4655 4663
319 4888
4454 4966
1357 4313
1734 4672
1564 1945
4103 4166
16 4961
1988 3985
672 2913
218 2906
1294 1385
168 4934
2599 2840
29 4095
1405 4181
14 2110
107 288
166 2611
1384 1702
1911 4258
42 3296
3381 4730
2552 4349
439 4957
348 4998
3505 4440
583 4972
363 777
1713 4403
2790 3853
22 4763
816 3832
1084 4304
1880 4155
1192 3738
376 3970
2145 4771
315 2574
61 4303
3131 3452
234 2493
355 941
1948 4129
102 4775
2072 3548
530 4307
312 2575
563 4257
743 4589
1453 2344
279 4856
358 3149
224 4467
1250 1354
2361 4594
1833 3747
1939 2123
446 2487
2078 4286
293 4869
454 4982
1130 4671
580 4981
530 4697
2960 4216
931 1600
2914 4569
301 483
716 4544
1236 4608
3399 4844
1546 3557
387 4326
161 4924
1584 2997
367 4960
1435 4645
65 4983
1413 1413
68 4448
1618 3056
142 4895
2328 4848
571 4934
235 4322
61 4980
2414 4748
291 4877
2645 3985
2206 2878
1665 2977
2217 3677
648 3535
1340 3543
22 4564
1436 4886
1316 3500
398 2980
794 2862
387 2967
573 1995
646 3520
3614 4911
4116 4384
206 4839
138 4656
646 3466
643 4226
1672 4120
1675 2990
3749 4838
1536 4536
433 4009
965 1254
4949 4957
3725 3747
418 921
3723 4092
1533 3791
928 1198
159 4037
4939 4956
314 4921
347 4830
1329 4982
337 4205
62 4911
2653 3123
2422 3669
90 4856
1329 4933
166 4055
3181 4172
990 2290
4291 4724
1517 3716
2705 3737
2186 4020
1229 4119
2162 4725
2200 3069
1742 4600
3345 4579
2066 3982
1726 4989
3557 4222
712 3617
1347 4000
1423 2980
951 1957
2604 3981
127 4623
37 4967
68 3179
76 4681
225 4965
888 4370
37 4871
522 4886
272 4636
816 3485
389 825
1857 4550
1680 4851
154 4910
979 1994
364 4962
1981 4709
2559 3109
398 3441
3640 4572
3568 4782
1355 4980
850 4032
362 3012
1416 4740
2686 4458
734 2286
381 4335
177 4385
1775 2527
862 3800
1870 3555
3582 3980
2992 4542
2450 2947
67 4316
8 1762
2539 4198
1361 4245
247 3804
1231 4109
1330 2630
3942 4865
1444 3821
81 4480
858 4281
2911 3411
2169 2296
2742 3055
286 2529
504 1824
120 2598
664 4563
1361 2620
2078 4902
3005 4470
616 4782
29 1197
1779 4159
258 4971
1376 4728
4492 4602
160 4371
2297 2526
326 1206
275 3857
104 4090
493 3476
2011 2446
318 3310
2085 4958
1973 2433
1446 3551
4133 4736
635 1304
2111 4218
816 4277
878 3777
75 3400
230 4728
1219 4967
125 3761
480 4513
329 3868
1310 4194
2233 3633
453 487
2042 4772
2617 4559
980 2020
1927 3585
874 3924
761 4257
2404 3629
744 3692
2480 3688
646 2077
2418 3702
4282 4799
3528 3701
99 4680
2652 3014
2315 2692
275 4507
331 4937
1260 3056
3273 3670
180 4761
218 3740
340 3430
1824 3098
629 4862
900 4903
86 4742
875 4334
735 4318
373 4404
744 4971
444 4872
1269 3466
1381 2503
1403 3715
905 4356
2643 3316
2731 3557
322 3735
113 2080
743 3917
5 4894
368 4614
3749 4303
1438 4512
354 4881
271 4793
1134 2004
460 3446
3012 4269
2187 4918
2731 3861
443 1584
2786 4127
610 2018
4344 4933
401 4717
137 4586
410 4815
2411 4388
1203 4675
2946 4954
890 4331
1062 3722
45 3981
87 4432
1899 2436
38 4453
3610 4767
1158 2084
194 4911
1329 4526
1579 2789
437 2803
53 2514
1734 3692
967 4593
3834 4221
601 3972
448 3197
655 3398
2542 3837
462 1007
788 2331
2823 4336
2384 4565
3618 4673
33 4947
1709 4832
2158 4081
155 4666
672 4373
133 4486
2805 4936
767 4535
1274 1439
3491 4548
4758 4984
1196 4424
840 1230
2769 3373
5 4931
273 4513
4313 4586
4007 4364
3627 4284
441 4340
54 1572
2674 4335
1827 3058
627 4950
2113 2650
1802 4207
2561 4504
850 3783
967 3925
997 3110
2289 4315
1 4979
2348 3027
1812 4581
172 3612
796 4756
1379 4985
994 3041
1997 4073
464 1078
366 1758
1161 2443
492 4374
25 4007
862 4949
2642 4902
580 4199
4515 4707
1236 4389
1040 4877
457 2600
826 4630
1344 4904
640 4786
317 1433
2302 3590
3775 4414
121 2298
1554 4984
796 4777
1058 2517
1440 2868
95 4694
101 2653
250 2603
549 4482
581 3886
245 4724
825 4754
3439 3495
1852 2440
143 4994
1892 2598
1162 4650
646 2386
497 2113
1134 4316
2632 4712
3090 4967
254 3881
1882 4841
938 4589
719 4851
3365 3868
720 2806
309 2890
81 4801
3276 4784
1321 3801
1798 4017
246 4181
1377 3899
164 4811
53 1070
1492 2077
498 3010
100 4965
4483 4713
125 4820
4604 4979
726 3023
1858 2533
1125 1877
2680 4925
508 4755
2946 3925
414 3933
100 4155
265 4393
4599 4804
1813 4246
451 3660
2549 2632
1632 3937
161 4710
1542 4839
1485 4855
1172 4840
722 4085
44 4927
95 4273
468 5000
151 4810
3845 4384
93 4890
61 4979
367 4864
457 4891
36 1116
4153 4850
172 3305
814 4853
281 728
334 4099
4412 4910
1314 4003
281 449
1149 2609
3047 4361
1351 3090
203 3569
3088 4299
450 3691
1200 2385
241 4215
1475 4793
400 4339
4521 4843
1125 4469
3210 4122
1126 4207
713 1843
1016 3858
2279 2585
2262 2507
2691 3728
42 4924
3475 3756
145 4846
327 2414
872 4899
177 2641
771 1953
415 4467
1623 4151
4194 4451
331 3988
1722 4814
1137 4501
3220 4187
668 4271
371 3608
2724 2911
1546 4792
3006 4583
1297 1344
2581 2991
3095 3248
2303 4049
1097 2628
250 2690
19 2593
1536 4635
1891 4942
2085 4847
1942 4437
280 4910
3802 4897
2385 2901
267 461
156 433
280 2472
447 2839
1594 4747
252 3566
87 4958
37 3477
3220 4105
519 4469
2471 4453
1045 4929
455 4969
133 3757
1292 1341
1459 4046
630 966
71 4473
503 4678
38 4478
107 4230
36 4949
432 4669
1636 4141
90 4867
1172 1203
1435 3646
10 1864
2168 4780
134 463
216 3466
4260 4881
147 4993
2125 2389
1838 2002
43 4683
36 267
195 1624
2556 3153
10 3406
2990 3191
535 3229
1161 4186
3078 3584
4603 4826
2161 4777
1894 3299
1518 4403
674 1753
372 4893
2343 3329
473 631
844 2281
1489 2502
2198 2700
81 4693
180 443
489 4922
168 4911
1350 2830
254 4906
2684 4814
104 3973
89 2379
183 4912
3957 4831
966 2020
2509 4667
49 4888
1648 4567
453 3468
551 4968
673 3883
155 4017
175 3750
461 4138
260 1704
743 3217
3075 4232
2239 4251
2846 4282
1067 2798
1775 4991
107 4064
1416 4685
2420 3660
2841 4888
377 3981
375 1723
392 459
3547 3896
1918 3819
4020 4591
209 4317
478 4499
2389 3299
104 1951
213 4971
451 2390
1717 4049
2465 4003
10 5000
1552 4334
912 4451
2587 2821
1975 2561
951 4465
280 3924
2567 3724
320 4571
592 4681
166 3226
1623 4379
346 4685
844 3037
559 3544
1003 4381
466 3241
51 3361
309 4967
1951 3614
2702 4376
1917 3948
2624 4828
483 4437
446 4865
3479 4938
1803 2833
2320 4883
834 3293
508 3799
151 3137
1756 4981
1958 4925
495 4052
2837 3150
1047 4236
354 4955
1120 4842
2083 4420
3524 4498
748 4821
1763 2479
2012 3783
34 4835
441 4034
4331 4756
159 3314
667 3604
1914 2832
334 2980
780 2617
590 4878
533 4335
3958 4364
2344 2655
3489 4847
1432 1856
1275 2841
1878 3869
370 449
849 1136
1059 2276
497 4511
2487 4535
82 4762
1125 4875
787 4870
609 4256
473 4897
2040 3761
163 3140
282 3213
465 4061
885 1912
2987 3325
3482 4078
1519 3747
2544 4548
1706 3604
46 4049
1804 4746
2731 3923
189 3726
1619 4468
835 1280
2409 4779
638 1138
522 1098
2758 4533
883 3297
139 4549
2269 4536
726 3947
2814 3677
542 4184
594 1317
74 4304
10 4979
1470 3194
3421 4279
451 3282
347 1653
3800 4682
1092 4556
3010 3793
176 3685
199 1936
89 1071
1549 2588
355 4674
1428 3362
1343 4059
64 4956
1601 4522
729 2940
427 1378
623 3729
1705 3744
658 4654
932 4853
374 4578
228 4402
1025 3598
146 4903
832 4800
886 4716
259 4456
2042 3331
1483 4392
3039 3648
418 2215
1862 2974
427 4230
314 4469
2940 3882
1574 4447
1359 3914
915 4743
90 4694
308 4518
164 4930
1252 2726
549 4733
824 4633
1546 4878
1844 4387
1017 2791
1928 3194
174 3251
565 2348
3935 4504
2588 4963
64 4885
147 4727
756 4520
1760 4257
45 3558
1990 4674
3200 4180
1382 4609
291 4880
484 1824
2139 2748
2133 3822
1976 4331
529 4752
1379 2838
1514 4885
334 4290
400 4896
312 4739
113 765
767 4403
72 4990
402 3143
299 4010
315 3798
786 3425
2089 2687
3471 4666
4270 4698
751 4885
3346 3700
1126 3145
1319 3148
749 4635
112 4972
452 3564
2072 3473
472 3240
1322 2866
2442 2958
2132 4123
1301 4719
3830 4306
234 1959
710 3119
135 3980
766 3398
221 4722
2914 4145
426 4860
1118 2940
2674 4140
1631 3233
157 4909
516 4910
222 3440
120 3365
175 4900
2200 4117
409 4566
1767 4347
1522 4388
2251 3024
1501 4381
1033 4887
312 4949
1798 2222
1819 2013
2196 3613
475 4265
1177 3118
1096 4671
896 3913
204 2755
51 4953
83 4928
217 625
3385 4195
97 4114
67 4931
123 4925
819 4640
2874 4370
1939 2694
782 4728
2426 3199
1299 3546
817 1168
1687 2262
1680 4738
1813 4925
3487 4332
1065 2222
651 3284
660 1702
624 1619
901 2990
1385 4179
1512 2069
48 1291
91 4518
278 2668
1201 2982
829 4269
1130 3109
703 4591
423 3951
2074 4570
1492 3139
191 4655
384 4543
2106 4011
713 4009
115 4776
2081 4768
1634 3968
19 4857
952 4907
1483 2177
1045 1943
2036 4247
84 4741
179 2150
3711 4919
115 4690
743 4759
3197 3387
4246 4421
2029 4039
242 4512
3330 3826
2572 3888
1731 3204
1789 2220
1070 4869
415 4526
2877 3252
1295 4647
8 4980
475 2348
8 4987
1416 4335
147 4613
449 2145
323 2855
1810 4905
1051 1298
2125 3508
238 3974
407 4817
971 4962
429 1736
35 4953
191 3410
1819 3557
772 4683
393 3865
217 4698
1036 4928
2977 3560
344 3020
213 4748
1505 3587
1539 1597
1779 3633
2799 3654
1195 3679
459 4817
1844 4669
296 4260
968 2593
231 4956
1999 3193
531 1566
320 4458
35 4745
1106 2212
1449 3400
42 1283
246 4986
46 4571
3411 4327
69 4938
1551 2493
1291 3181
1507 2734
389 4111
1763 2684
233 3646
154 4999
583 3620
386 4775
98 2663
3872 4733
396 1489
1732 1862
13 4999
354 2265
1073 4980
271 3414
340 4971
9 4252
55 2833
2124 4862
2308 3213
72 4200
192 4254
351 4925
1392 3660
26 2560
804 931
2533 3008
15 4947
250 4860
371 3153
106 4677
159 4550
905 3485
50 3181
64 3507
3106 3801
1947 4854
561 4911
160 4269
2386 4992
1032 3737
189 3492
231 4376
680 1536
2560 3640
857 2987
520 4089
2147 4865
1172 4726
516 1640
2675 3539
863 4271
2328 4165
2495 3121
772 1405
2666 4543
389 3841
4088 4542
1325 4050
1207 3237
134 1089
972 4034
2330 4987
88 1872
1402 1587
872 4524
790 3580
614 4693
1268 1653
869 4737
1505 4062
1712 4865
728 2988
1771 1800
1294 1693
2724 3616
15 4878
161 4670
1470 4956
350 1669
776 1386
1430 4576
530 4842
1827 3140
4173 4457
226 3081
669 4225
1672 2407
39 4542
463 1803
2747 4182
202 1859
412 3644
845 4276
574 3962
86 4812
381 4056
3323 4462
237 4350
3377 4345
623 2843
30 4324
1666 3816
459 2434
224 1804
2680 4654
16 4652
751 1414
1902 4956
117 4840
87 4702
515 3951
1157 4566
341 4066
37 4656
522 3006
3764 4939
115 4157
3186 3648
286 2309
388 4202
602 701
1397 3732
2 3660
455 4788
3953 4773
417 1124
3578 4750
405 4765
497 1275
2296 3193
4302 4793
425 4385
1192 4998
226 2612
902 4333
2550 3673
159 4170
909 2172
1242 2293
22 4903
528 4032
2676 2750
84 4661
471 3691
800 4507
2054 2493
712 4766
3061 4471
1020 4588
416 4954
2079 3470
561 2785
3759 4696
410 4277
186 4835
3747 4801
2374 2558
706 2855
3468 3547
1612 3460
1751 4084
1363 2254
1017 3448
2688 4289
2543 4090
493 4949
312 1012
4325 4483
621 4543
973 3727
1267 3167
2234 2243
1089 1544
941 3510
70 4884
2727 3095
171 3172
511 3736
149 4985
59 4930
2818 3007
2519 4241
2922 3040
3891 4971
350 3524
908 1376
645 3704
1253 1280
3385 4506
237 3374
4205 4916
341 4750
532 4235
801 3515
518 4392
760 3414
2794 4503
360 2882
59 4569
198 4266
203 4751
1306 2491
402 4896
130 4049
220 4421
702 3757
413 3990
230 4551
3216 4626
1767 4438
428 3169
232 1881
805 4197
3192 3479
4237 4245
834 3907
2459 3546
2179 4077
1537 1658
712 4192
1423 3456
2416 3702
72 4863
355 2102
12 1601
3165 4556
19 4889
206 4634
205 4161
2804 4989
573 3755
3425 4415
299 2923
2429 4518
81 3283
684 4449
1511 1590
62 4774
1066 3519
2664 3840
3397 3728
1223 4973
444 1488
350 4398
147 1721
321 4889
738 3809
33 4785
434 2997
618 3209
3404 4784
1140 3149
1017 3523
806 3001
1501 3970
4767 4976
339 4135
17 4866
1244 4013
1984 3263
938 3622
3340 4508
1845 4782
994 4756
2864 3165
2620 3992
2247 3908
1679 3527
342 2920
220 4396
2276 3037
183 4896
654 3342
3607 4744
74 4567
679 3411
3252 4819
666 3159
3194 4168
103 4368
28 1923
282 4813
1251 1798
1413 3745
1655 4424
1197 2509
2675 3681
73 2427
16 4885
223 4123
3330 4745
317 4294
89 4856
2975 4711
1301 4285
103 3595
1348 1777
52 4821
243 4962
1279 2870
728 2618
248 4437
238 4489
4824 4857
1972 2866
2298 3329
4210 4820
226 875
3035 4787
2299 3336
776 3682
3161 3867
3645 4105
1 4950
1036 4586
1949 4037
1456 3816
1632 2025
347 3740
331 4881
1049 4560
152 4975
1269 2785
1885 3670
640 846
55 4990
472 4775
699 2995
396 3142
1363 4354
1934 3399
1823 2496
34 820
165 2688
2823 3548
1708 2687
1149 3445
2092 3159
1732 2600
1857 4265
2988 3862
575 2559
412 2610
104 4089
1977 4478
4716 4919
680 2958
5 4999
73 4223
675 4687
1286 3024
3927 4478
385 2820
590 4759
217 1878
514 4945
39 4026
1521 4858
427 3217
1870 4516
691 4093
1793 4724
3434 3829
710 4746
759 4117
832 4374
1463 2175
2285 3871
300 694
85 4596
1579 2018
264 4227
3348 3495
1743 4102
1407 3323
4085 4707
931 4480
766 4435
68 1908
75 4488
2657 4580
479 4889
2184 4036
1604 3205
1938 4596
343 900
519 1660
1406 4889
674 3557
3021 4823
4265 4411
176 3991
617 4754
62 4316
1030 3541
619 3346
920 4809
1557 3995
182 4788
2154 4154
1747 2862
170 4684
1525 4153
308 4795
1546 4971
593 2452
2324 3789
2721 4582
385 1638
262 2383
538 4411
711 2512
456 4832
2861 3133
297 814
2 4509
1276 4370
722 1221
4085 4694
1802 3591
18 4249
205 3963
651 1354
1235 3373
583 2849
331 2932
1420 4492
1032 4306
523 2073
594 3640
114 3529
1024 4184
2482 4106
2836 4969
65 4900
810 4427
386 3040
989 4996
23 4944
1926 3040
1026 4662
1591 3563
3046 4358
3354 4420
2245 2975
1 4430
3922 4616
2628 4873
78 4712
593 2041
369 3374
2205 3218
921 3690
448 4686
76 1837
1537 2764
4206 4228
1576 3250
841 4721
132 3499
3470 4802
206 4974
651 2710
2372 4046
2656 4050
1287 3612
843 4965
212 3894
256 4837
3900 4013
544 4261
2887 3682
1509 3518
2870 3986
318 4077
2437 4539
2734 4846
657 4698
2335 2623
3052 3143
2826 4571
459 4076
1602 4011
358 3293
1108 2737
1172 2535
176 3938
1037 3382
2256 2267
2156 3250
786 2779
3297 3695
3176 3801
467 2285
724 4630
492 1228
575 4659
1462 3232
122 4812
1161 3904
2906 3516
133 1437
1030 4611
1560 4493
1961 2087
1251 3497
70 4863
73 1528
684 829
884 3172
1628 1954
103 4461
251 3993
1588 4790
1222 1991
1970 3203
394 4856
2968 4545
570 3956
75 2082
145 3268
144 829
2377 4334
1230 4201
22 1745
668 4233
1136 2963
1834 2851
296 1914
278 4954
348 3527
526 2656
363 4600
1 4523
130 2758
1523 4374
1316 2788
303 4534
2 4966
7 4996
352 1932
421 4246
747 4672
2324 3276
621 1837
1736 3087
1512 4906
2003 4210
1023 4927
252 1588
558 3395
1048 2034
587 3369
1939 4818
1246 4601
1627 2626
3306 3598
3105 3829
126 4646
4387 4885
114 4788
723 3679
1448 4796
516 541
316 4532
1534 4025
1308 1343
3112 3960
645 2054
4763 4880
2688 3275
1137 3327
184 3519
620 4326
2321 4651
579 871
626 3194
1070 3732
9 4950
959 4175
406 4838
1892 2231
2336 4683
1273 2101
42 3993
3561 4762
602 4003
281 4993
232 4486
1893 2894
908 4317
73 4666
2910 4264
20 4988
335 4006
348 4417
813 4488
1341 2139
1205 3771
792 4107
1931 4475
1399 4223
85 1462
2825 3295
671 2100
235 3826
426 3159
3113 4991
385 4867
1428 2194
2130 3691
1138 3291
1646 2880
3955 4931
1621 2899
607 4516
104 4695
25 790
4757 4950
1597 4570
177 4902
1706 1836
1195 4901
1661 4251
843 2692
3318 4841
78 4389
62 3367
1466 2925
1387 4389
356 4634
4388 4880
183 4600
738 1416
882 1099
90 3007
4852 4990
742 4850
65 4985
288 4905
1439 3922
640 1832
2343 3110
3702 4618
317 4880
256 1553
2024 4504
968 3733
1013 4670
1845 4322
1087 4737
636 3184
36 4991
1406 3494
77 4035
290 4282
21 4970
785 3240
504 4148
22 4991
1209 4291
1599 4515
584 3508
378 4716
842 4092
920 4447
272 4042
393 3747
394 2264
144 4888
1540 4991
1311 2227
103 3957
597 3921
744 1537
222 4746
3695 4955
114 4926
213 1459
486 3721
651 4603
179 4367
106 4334
687 3156
422 3760
442 4815
617 1028
275 3599
10 4872
1446 4556
1800 4767
310 2855
879 3601
724 4641
478 3324
1389 4650
240 4652
415 4828
977 1038
132 4875
1664 2220
160 4524
2893 4811
2044 3655
1506 4858
3251 4945
1931 4137
81 4565
1300 2740
1858 3220
1590 3751
357 2709
86 3048
2619 4568
1402 4579
365 4799
2202 4739
3299 4082
1424 4332
836 4633
258 1984
371 1553
1243 4655
267 2530
665 4759
19 4900
2158 4537
2082 3352
176 4984
904 2111
3034 3948
21 4939
1434 3082
96 2981
2741 3252
324 4835
436 2835
2222 3662
597 3278
830 4120
76 4991
1515 4988
705 3646
675 4497
147 2330
1137 4833
3052 4228
114 2707
888 4454
30 4977
3104 3124
2155 4091
386 3935
2509 4833
215 1789
152 803
458 1533
1219 2761
407 3671
303 4675
3963 4023
734 4301
1763 4367
927 4023
38 3760
391 4749
152 2659
774 4884
2779 4577
1180 1777
11 2921
2421 3761
824 2933
245 2519
494 4085
1369 3760
182 4654
44 4103
107 4834
1006 4706
2971 3860
1332 1882
294 478
1854 3152
363 2110
1751 4972
101 4265
2888 4990
719 1183
2313 3042
2345 2798
63 969
3096 3186
20 4717
713 3959
39 4882
4216 4230
580 4314
1598 4907
686 3794
173 3172
1259 2764
919 4774
664 3393
7 4646
1015 3071
2724 4692
2863 3552
2601 3335
1837 1908
570 3891
229 1120
127 4947
570 3980
1196 4245
1425 4896
1842 4925
261 1341
206 3084
3361 4089
291 2087
3000 3261
1371 2441
522 4911
989 3267
723 3636
1360 4254
514 3941
604 3264
2974 3448
1266 4035
47 4964
104 2292
4463 4982
1102 1770
2944 3917
283 4859
1258 2792
409 3632
2347 4299
2419 4526
1073 2958
959 4098
402 2793
3315 4798
120 1055
1554 4679
1603 3021
2342 4213
1869 4067
435 4716
168 3373
700 4866
1470 3574
497 4873
2103 2190
2677 4525
788 3277
330 4126
4282 4849
177 3225
2093 3973
898 4577
796 1774
426 1863
1990 4491
1500 4036
399 4798
100 3953
95 2948
1367 4880
724 1430
1139 2563
60 4999
602 3276
3062 3445
1306 2071
339 4571
532 2263
1208 3439
2681 2738
177 4795
378 4759
1310 4270
341 677
1179 3952
2105 3204
742 4385
1097 1538
1303 2077
274 844
2240 4204
947 4222
652 1295
2081 2753
872 4762
28 4857
1021 3552
3437 4118
1371 4860
24 3315
2706 3401
531 4975
714 2327
821 4386
3684 4802
112 3435
3540 4307
760 3702
767 3242
230 3630
1594 2454
1371 4193
33 4916
358 1427
119 4431
3040 4179
1685 4109
1034 3842
1634 3833
929 3486
2943 4087
2495 3323
856 1013
1185 2886
267 3468
246 3629
369 4492
900 2793
811 4449
1635 1730
1486 3221
2751 2825
1508 4838
2023 4291
1071 4377
958 4927
3472 3676
1349 2617
2522 4700
928 4976
2599 3163
1051 1228
2714 3179
122 4999
8 4916
747 4945
251 4650
547 4844
152 2840
163 4818
1962 4605
2499 3054
379 4884
1138 4355
629 4557
3747 4486
486 4722
1063 4015
146 4698
1378 4612
621 1651
2095 2190
21 4745
92 4661
1806 4491
136 4248
743 4450
970 4717
64 1748
63 1209
3482 4687
3037 4061
3748 3824
1479 4476
1519 4043
2343 2403
581 3075
789 1688
3263 4572
4037 4538
1668 4831
358 4879
1907 3987
3819 3852
2856 3726
820 4768
1258 1856
2539 2786
350 4882
262 2337
73 4419
4130 4312
4049 4775
338 4371
125 1458
2120 3324
54 2767
1277 4022
2127 3803
2813 4923
380 3801
580 2070
2287 4405
1558 1587
689 1096
433 4639
96 4705
642 4090
1539 4872
2573 3881
499 3152
1104 3451
1511 2288
1465 3966
1266 1347
409 2455
112 4857
521 3177
67 4390
2097 3788
2516 4815
493 2242
2003 3285
2249 3327
3193 4652
3884 4322
2350 4089
2642 4913
926 1084
505 928
692 3451
2456 4814
1281 3022
3498 4190
250 2431
528 3213
556 4330
103 4973
1038 3255
544 4481
3379 3634
285 3457
109 4391
48 4959
1813 4188
746 3559
33 4877
2 982
159 3372
980 3980
2756 3118
2040 4799
27 4985
2428 2661
2575 3703
1658 2971
274 2062
744 921
1481 3992
222 4869
1386 3361
29 4523
2162 4707
2174 4377
2510 3184
707 4884
934 4423
798 1745
1686 4373
703 4782
1123 2944
2535 3530
1185 3867
491 739
458 4964
333 4989
511 3687
2064 4459
696 2283
28 3463
286 4804
2536 3239
862 1625
2290 4301
1418 3889
16 4937
40 4495
186 3827
2041 4701
1110 4830
1415 3496
43 4994
185 4984
140 4922
825 4986
318 3675
1543 3648
405 4406
1493 4378
389 4513
894 4796
2414 2575
1011 1127
497 4039
596 4937
1510 2573
2693 4726
2276 3657
1624 4288
151 2007
1038 1114
39 3939
105 4755
2405 2619
142 4335
345 3197
1824 3411
708 2871
3928 4258
94 4886
50 4904
796 3302
4034 4301
2207 3740
1229 4439
1170 2810
170 2595
2421 2814
1580 4832
830 4483
1928 2822
2290 4727
390 3032
1459 4952
450 4343
2120 4610
1987 3392
3314 4758
1106 4440
2196 3311
723 4895
430 1839
2216 3598
1795 4552
1504 4227
1828 4080
1425 4046
2545 4972
2653 3847
1386 4320
2402 3735
1375 4076
622 2634
1284 4523
524 3602
2915 4312
659 3099
4427 4851
1352 4929
1940 3745
331 4869
859 1849
49 971
91 4962
544 4857
1305 3199
1381 2533
922 4512
768 3123
1622 2910
802 4344
1497 2800
36 2231
3439 3614
693 2399
4836 4841
498 3839
2500 2598
1130 1252
563 4688
1306 2747
1245 2554
687 2297
134 3803
2186 2468
2587 4412
2811 3322
1574 2725
21 4945
518 2986
390 4896
2852 2986
1082 3773
1120 2309
1683 2022
596 3069
301 4889
741 2947
2613 3173
1033 4503
680 4717
30 4963
189 3756
622 2032
2786 3263
127 4955
3761 4164
4121 4837
500 2029
882 2715
328 4403
417 4776
358 4354
2042 4588
1985 2302
175 4895
2004 4142
218 4754
2371 2888
399 2012
2625 4361
182 3390
342 4155
679 4756
685 2799
1758 3327
74 2588
3017 4959
569 4934
2656 4286
80 4863
720 3524
954 4837
233 4103
96 4914
896 4968
3714 4034
305 3980
1375 1567
3682 4754
658 1468
677 4460
624 2059
2857 4857
1353 1834
2491 4023
16 2622
2212 4141
3313 4251
2436 4207
311 4249
820 4513
878 2341
3603 4974
1113 2779
77 4800
2391 4755
3954 4999
853 3320
1714 2482
4666 4940
411 1745
2585 4718
377 4194
1560 4953
2683 2914
660 2851
1068 2277
2400 4925
2000 4428
707 3389
2169 4069
467 4482
1827 2198
3379 3782
4177 4749
1355 4122
1624 3966
425 1605
2188 4832
494 4226
923 4697
1162 3307
1706 2348
744 4706
89 4706
174 4971
1673 4487
1558 1911
2384 3902
1361 2651
614 794
1122 4835
3255 4123
3673 4087
812 1207
3065 3314
3180 3750
2584 3155
650 963
1020 5000
769 1451
1169 3235
643 789
5 3987
894 1400
419 3068
45 3945
329 3691
417 2137
678 2312
2310 4348
2413 4661
766 2653
567 2861
3212 4716
3274 3361
91 5000
3400 4602
4204 4472
1035 1940
1879 4520
154 2042
899 4953
982 1620
2084 3993
779 2490
3042 3752
966 4083
1192 3146
4428 4573
127 3643
2010 2363
527 4654
4395 4873
676 3304
4198 4973
1701 3006
3257 4293
2096 2622
2596 4066
181 2740
3418 4060
3175 3671
505 4835
3156 3368
97 4980
3428 4979
220 4533
414 3446
1762 2071
428 2723
2 5000
1812 4655
2229 4850
48 4989
11 3800
1830 4965
228 2077
1235 4182
531 3812
1354 2969
2035 3602
214 3157
116 3553
37 4893
798 1325
1426 2534
1109 4314
1145 4274
1421 4189
1329 4151
2725 4849
140 4089
971 4135
365 4384
233 3130
67 4997
1088 4797
2928 4922
5 4967
32 4472
219 3090
202 4992
4431 4881
1320 4181
121 4693
3706 4872
85 3554
1982 3706
145 4990
632 1288
1048 4603
299 1200
1333 3364
1904 3259
948 4053
2903 4340
2034 4491
2414 4607
646 4646
743 3443
41 4909
2571 3477
1894 3668
1115 2847
303 4900
749 4311
2270 3301
3657 4434
1512 4476
1028 4940
24 533
2203 4528
1299 3575
3993 4431
590 4112
382 2049
64 3526
771 3608
404 3830
418 1896
3020 4474
220 4111
1972 3581
2029 4193
987 4255
1320 3604
1104 2466
706 3129
3405 4416
3964 4873
103 144
589 1443
1385 4239
227 4509
1138 4597
211 4277
1876 4447
582 4170
1929 2704
598 1006
3356 3835
725 4536
1758 3165
342 4537
323 4872
949 4187
177 2014
566 1316
3816 4342
291 4995
339 684
716 4199
3053 4964
459 3090
349 4356
943 4513
1650 4183
2106 4448
675 3988
1546 4352
164 4723
72 3753
2 4745
1974 3072
132 4683
1284 4946
885 4640
773 2637
177 4876
589 3944
59 1376
731 3581
3172 3458
91 4716
2821 3548
255 4647
3050 3485
602 617
155 4771
539 3514
3496 3980
2190 4841
1201 2141
1828 4904
1626 4062
1580 4814
481 4119
2039 2499
59 3263
388 4901
2054 2183
493 2915
283 4980
19 3899
43 801
151 4896
648 3943
573 854
2140 2269
3580 4765
185 4890
4111 4967
2006 2129
4491 4694
164 2438
472 3603
417 4110
3869 4569
17 3662
1026 4941
1144 3675
461 1105
133 4956
1556 4811
232 4443
1043 3133
193 4934
2166 4932
845 3660
859 2736
688 3227
1568 1846
1807 4121
1930 3382
4473 4795
1849 2583
1012 2974
651 3057
1177 4349
228 4716
1535 3790
1410 3834
56 4469
1211 4962
757 1328
786 4996
1311 4303
618 2365
555 4894
179 4977
1053 3827
740 2081
738 3892
1648 4588
1485 2011
2572 3828
583 4268
1393 2303
2160 4415
445 3257
594 1735
530 1541
1877 2495
1388 2252
2379 3536
222 4898
940 4072
1167 4650
248 4900
501 4301
69 4982
1267 4841
655 4905
415 2969
188 3963
397 4450
231 1924
3023 4611
915 4153
1213 2264
813 1647
3014 3120
598 4486
1025 2691
888 4265
45 4085
2418 4307
3370 4814
2179 4726
1076 3991
10 4252
974 4966
596 4086
1165 4347
2807 3339
74 4947
23 4913
2176 2377
315 3391
7 4900
325 4217
415 1437
429 445
803 1638
442 4911
4383 4570
665 4648
530 3838
546 1690
1314 2773
806 1566
3875 4222
133 3828
3101 3347
1874 2688
1093 1490
3730 4228
3 4928
652 2165
1509 4073
2153 3516
2483 4528
1917 4927
1418 4964
601 4967
2810 4059
1732 2747
2241 4153
856 4560
250 4243
1619 4726
1919 4012
676 4730
988 4980
834 4758
589 4460
882 2040
798 3053
563 4893
870 4242
3671 4322
669 3962
728 4831
1 4356
1703 3886
1675 4869
1135 4224
2379 3670
428 3594
618 3231
220 4928
551 1312
3108 3299
3279 4726
682 3972
3178 4386
187 4183
205 2831
2455 3782
18 4900
9 4598
437 3597
852 3953
3327 4683
5 4942
86 4831
1462 4264
79 3095
162 415
21 4021
389 4926
143 510
98 4739
659 2845
1856 2476
4574 4706
39 4150
1831 1867
210 533
862 4433
317 354
1214 4876
2161 4366
2665 3417
1348 4092
246 3188
416 4684
1135 1736
27 3240
2974 4710
822 1172
447 3711
163 779
56 4895
2061 4259
12 4883
509 2152
1952 2956
1279 4405
1942 4739
2009 3734
2548 4387
125 2538
2280 3443
3 4904
2432 4073
271 4751
524 4603
976 1773
2975 4405
1445 4669
160 4048
3490 4976
159 2413
2087 3780
2994 3670
4150 4821
4600 4691
2728 4125
321 523
1347 4649
320 4965
1848 4350
431 4250
3986 4649
1391 4903
262 1449
2841 3113
873 4717
818 4653
2083 3821
1964 2605
260 4751
2196 3272
199 585
21 4938
2400 3125
1310 4639
560 4366
456 2860
3955 4218
3080 3327
157 4978
432 2279
772 4690
1066 1808
2259 4022
1839 3811
2710 4618
4026 4698
1549 3799
652 4332
607 4019
1114 4945
759 4132
336 3171
2050 4594
274 567
1072 3631
1016 4068
575 4504
357 2660
2020 4613
194 4379
1918 4681
349 4390
47 1737
1061 2692
1050 1559
1704 2668
3625 4391
40 4077
442 4495
1632 3090
1318 2087
1566 2361
3492 3680
343 473
887 978
60 4584
43 4965
2222 4890
3476 4581
1567 2707
2414 4805
3587 4645
4059 4124
1757 4391
1089 2783
908 3698
571 1624
3233 4460
695 1823
724 3539
1972 4342
3072 4674
859 4342
637 3092
37 4830
1750 3138
574 4922
644 4232
1262 4075
223 3914
2816 3549
1123 4322
1649 4455
276 4933
78 4998
470 4574
408 2535
1040 3872
116 2919
1723 4562
633 4603
2248 3622
344 4865
336 4265
455 4728
2745 3341
709 3926
2108 3408
2271 2775
8 4625
1643 3927
3202 4630
585 3853
715 3832
547 3805
3110 3661
1042 3046
166 4547
2281 3143
128 4316
542 980
1616 4057
1305 2911
3848 4449
2339 2412
1349 3983
91 4396
931 1601
452 4394
1776 4004
1593 3066
172 4255
300 4925
7 4370
1322 2989
1103 4698
1336 4779
295 4985
30 4857
5 4999
1739 2263
51 4853
1174 1494
1614 4294
718 4825
516 3048
1849 3096
1020 4280
455 4580
1690 2371
1165 2272
3622 3828
862 892
3606 4899
1511 2509
635 3602
742 2948
405 3971
1680 3580
873 3413
1355 2929
3035 4166
1101 2278
2233 2507
152 2212
2205 4934
340 3646
2799 4190
923 3675
2145 4812
1975 4301
498 4312
3687 4833
801 4874
1880 4816
119 3446
2322 4546
2258 4968
311 4722
283 4689
1603 2007
639 4973
821 3519
889 4464
457 4121
598 4674
1489 3091
3564 4740
2767 4716
1129 2099
240 3800
1042 2831
2229 4651
1645 1951
944 1787
1408 3469
700 3157
268 4977
244 4181
180 4574
986 3950
1705 4406
151 4512
2811 4799
625 4847
1182 1875
463 2056
526 3866
1711 4942
1328 4846
4441 4877
2859 4462
1048 4379
1917 3924
2057 4868
1573 2860
1662 4155
960 4213
3826 4753
2275 2510
1087 4637
136 1110
86 4581
1327 4523
1834 2934
2494 4609
914 4157
549 647
1697 2501
2117 4289
1485 3878
1636 3099
1878 4778
237 4732
1168 2301
722 2296
2496 4931
21 3993
1766 3586
2320 4251
1354 3086
392 2937
1651 2769
1124 3817
63 1748
278 4015
35 5000
2978 4993
1799 3725
1268 4062
78 3561
743 4830
1590 4551
781 1650
150 4532
193 4739
1475 4599
978 4432
521 1445
1922 3144
332 4868
626 3775
879 1861
1876 3129
1026 4963
3866 4931
472 3661
290 2101
2298 4343
1786 3380
550 4967
10 4997
1557 4222
2508 2917
221 3553
4771 4837
3014 4670
368 4101
1103 3268
93 4984
229 4835
456 4473
548 2138
3528 4017
50 4819
1649 3908
357 2688
200 2995
1263 3593
3671 3687
1269 4347
466 4949
725 2766
4058 4605
2249 2303
33 4104
1688 2479
1969 4601
1697 4333
213 4910
492 4425
1947 4881
179 2845
2014 2928
283 4347
4098 4761
593 2464
369 4515
425 4752
2423 4483
1270 2067
1856 4216
116 4534
89 2925
1354 4696
6 4901
1934 5000
113 4536
2651 3764
700 3135
116 3400
135 4889
99 977
1568 2649
768 4634
384 4249
109 1497
3674 4709
512 3454
1609 2104
327 3743
1506 4438
217 4873
1584 2722
790 3525
2118 4099
1974 4537
664 3155
3700 3856
1953 3248
1060 3400
4344 4748
1037 3262
198 4603
1425 4525
73 4986
2871 3071
4022 4824
421 3737
546 4742
1230 4107
1614 3655
732 4763
365 3699
99 4045
808 3653
1021 3586
989 1300
479 2808
1204 3964
641 2197
4709 4796
2224 4040
310 4990
3614 4988
2114 4549
189 3341
1150 2401
250 4027
2984 4787
1110 1243
1081 1821
1237 4566
1441 3559
585 3145
686 4395
3225 4797
1939 4110
611 4958
437 4893
1178 4092
1188 1911
188 4767
1583 2304
2359 2915
472 1824
444 4698
1778 3855
321 2937
1009 4863
445 4355
157 3823
2224 2312
4 4994
472 3102
3243 4092
69 1813
3124 4874
3209 3697
2137 3807
209 4709
1214 2946
706 4574
1726 2919
282 2833
983 1624
4425 4836
164 4672
415 4867
1830 4527
279 3013
1276 4109
914 4249
1215 4130
800 4272
497 4396
759 4949
1238 2422
891 3240
3735 4175
3733 3819
218 4393
527 1180
982 3357
1824 3591
854 4805
1432 4862
380 1497
3688 4679
3470 4935
98 4001
2375 4805
4 4664
587 4723
114 4495
13 5000
2584 4494
3042 4589
89 3925
158 3490
3868 4320
31 2085
534 4496
1178 4925
105 4676
434 1562
1362 4535
2175 4500
2136 2828
2289 3331
1631 1951
717 4466
1286 3946
3402 3821
257 3197
1959 2533
100 3410
2959 3671
694 4828
2403 4125
40 4772
523 4924
2 4998
1360 3614
62 3604
29 4956
2908 4697
54 4973
1344 2123
4120 4837
604 2740
474 4190
1163 2656
507 3898
670 4888
179 4974
2837 4701
714 4638
444 4897
725 4770
2196 3585
1146 3844
63 2039
2003 4619
2761 4418
121 4977
1182 2949
679 3097
262 1817
1722 4245
1254 4693
1720 4482
3158 4451
1770 4996
167 4857
521 4937
880 4660
819 4651
889 4437
34 4950
1765 4472
1157 4877
39 707
730 4182
3757 4656
586 4197
2753 3037
1911 3609
1423 4138
34 4618
2163 4825
4626 4854
3268 3699
1456 1676
914 4191
2073 4600
705 4932
2135 3311
3093 4350
2246 3947
263 4488
1862 4570
546 4342
1584 2574
472 4256
88 4930
314 3553
7 4990
72 4707
286 3909
2982 4370
392 4798
839 4969
2506 4197
2639 4359
1153 2688
2184 4207
441 4219
206 3878
3348 3920
231 4012
2323 3657
3152 4738
462 4145
3417 4233
2880 3507
1626 4058
607 4790
2029 4226
664 3409
2429 4785
1263 4168
452 4118
3849 4681
218 1742
661 4587
1577 4762
913 4766
46 4949
2882 4009
4514 5000
760 2143
187 4129
53 4933
1539 3375
1354 4821
2011 4926
1995 4969
433 4462
713 2413
134 3633
918 4557
57 5000
338 3626
2329 4317
56 911
418 4120
695 3020
148 4186
1798 3842
3207 4794
491 3366
1439 2331
378 2076
1348 4142
2220 4532
3181 3871
1731 4002
347 2090
1328 4550
3163 3550
1 3458
101 1997
743 4700
261 2397
199 4612
1938 3872
1647 2791
810 3922
3149 3896
6 4932
194 4948
1157 2442
2229 2578
418 4488
3691 4718
663 4900
150 4895
20 4995
837 3712
3200 3575
673 3168
462 4893
95 4747
3683 3875
3898 4093
1004 2766
3 2530
833 4749
2785 3170
1001 1422
75 1443
1242 1617
636 3173
192 4446
555 4344
1122 3009
2562 3174
104 753
1973 3035
1756 3392
1262 3453
2665 3383
2396 4238
224 3527
307 4078
1184 2360
2140 4601
398 2887
1308 3621
1653 2718
1936 4232
221 2743
1546 4589
919 4819
2248 3873
2331 2692
2781 2898
3800 4951
408 4305
1345 4030
1604 4786
353 4200
22 4863
1244 3808
56 4983
1566 2993
1679 3745
2248 4993
373 4698
2376 2615
2090 4447
1116 2454
375 771
285 4114
6 2985
1471 3213
1487 4920
233 1193
1907 2202
503 4182
186 4933
275 4918
1223 4862
220 3192
500 3840
266 1599
1258 4646
406 446
1848 4891
283 3409
1989 2801
439 2068
3133 3138
2205 4685
1491 4960
1839 3265
1310 2101
454 3181
47 4599
1325 4840
32 4816
584 4618
449 4112
1235 1783
163 4096
86 4814
1683 4682
894 3346
662 4473
296 4581
1960 4425
57 4729
821 4720
889 3818
955 3812
37 4530
1374 4703
1056 4554
2906 3408
873 4313
611 859
136 4596
1566 4525
827 1405
2463 2852
972 2761
128 4946
2196 3759
1796 1812
2402 3527
992 4073
960 3277
364 2793
1436 4813
1983 2437
1522 2121
2819 4857
800 3181
1483 4176
3553 4857
1745 4921
680 4377
1608 2756
1667 3512
470 4520
205 4089
4363 4849
22 4846
70 4958
29 4819
201 4884
990 4532
3862 4131
38 4824
139 4781
2323 3310
3619 4260
223 3844
2896 4528
552 4313
4772 4936
2057 4625
2139 2300
535 4824
916 3188
764 4980
1568 1772
39 4639
3114 3855
1512 4295
272 4768
3189 3253
1868 3662
2321 3572
400 4992
834 4700
1377 4976
1417 4074
1267 4538
1525 3950
76 749
984 3434
1714 3434
742 4975
1220 2566
1172 1901
1460 4951
880 4486
119 4954
942 4401
717 3472
1119 4309
1853 2330
60 4946
484 2399
4182 4849
635 2380
1587 1810
150 4401
60 4862
2148 3277
379 1932
4504 4582
81 4885
465 4045
2183 4512
4026 4788
3959 4054
225 4840
473 3709
355 4528
900 4541
1553 1592
1848 3027
184 4908
2235 2929
2257 4610
900 3242
1339 2000
366 4470
1998 2118
1008 2730
1643 2113
333 4866
966 2813
509 4603
1129 4910
995 4494
454 4778
3076 3313
1924 4465
464 4685
2329 3036
713 4651
1205 1274
1512 3140
528 3013
112 1496
1139 3348
123 1600
1810 4803
1442 4374
1322 3235
173 3785
89 3490
1360 2245
456 2298
3087 3873
10 2865
1942 4567
19 4261
675 3130
359 4705
3271 3950
338 4088
3294 3906
3375 4431
705 4704
411 4424
54 4629
403 1071
1988 4505
644 3892
1075 4259
2450 4816
49 4959
1003 3488
503 2289
975 1456
169 4457
1990 4951
1817 2632
1220 4532
535 1754
2440 2897
530 3652
100 3720
291 1941
437 3458
404 1437
526 4835
1294 4265
953 3758
853 3227
9 4625
459 4826
488 4436
2040 4101
1643 4762
2916 3574
2240 4660
4083 4317
2861 4276
1754 3273
163 4767
1741 2677
1951 2691
1413 4444
2629 3227
1322 3218
2656 4227
2492 4424
266 4722
610 3167
1840 4636
977 4079
2278 4229
269 4357
171 4601
779 4173
835 3050
364 3334
400 4874
1809 1825
433 3784
20 3164
1089 4245
2305 2388
2588 3866
736 2632
24 4922
660 4607
2249 4570
897 4834
88 4953
370 4979
524 4506
360 4775
1414 3465
1075 4620
739 3259
812 2407
3197 4255
2344 4150
116 4377
2044 4840
1398 1914
3615 4295
1005 4529
1725 4557
1321 3557
549 1794
486 3972
1256 2897
642 2749
526 4730
700 4269
1700 2539
74 4736
1580 3977
32 4934
350 4296
706 4377
507 4394
1253 2671
81 4664
2285 4182
880 4277
1120 2344
1742 4975
605 4657
51 4831
918 2284
1631 3244
985 3438
303 3200
1882 3529
59 4102
1054 3120
1422 3715
757 2151
2338 2465
68 4374
217 4598
552 3782
2554 4455
1466 4544
2280 4612
499 4271
14 4254
1431 1809
413 4671
236 4971
1961 4387
596 2707
488 3321
2680 3079
2650 4419
4181 4658
1263 4062
432 4810
96 3110
3090 4037
740 4457
58 3287
3245 4424
3257 3918
2739 3206
623 4846
774 3281
71 4906
707 4911
500 4484
97 4098
700 4842
23 4814
1095 3603
2763 3371
420 3727
1948 4141
1027 4697
94 4188
169 4190
4223 4238
542 1387
2036 2525
412 3525
4240 4996
360 2671
81 3527
1 3084
797 3731
1235 3590
136 2780
319 1423
86 1158
537 3189
827 3374
696 3667
2260 4605
767 4907
1140 4498
2143 4842
2686 4918
59 4840
1123 4070
217 1831
517 4308
1471 4825
684 2271
1492 1947
3162 4986
201 1263
116 4921
881 3120
238 4703
422 2969
837 2679
311 2519
131 4083
677 4534
2985 4457
3101 3798
2799 4988
1744 3753
460 2672
757 2716
282 4895
160 4979
1152 3985
13 4987
2127 2848
756 4876
2357 3135
3252 4540
1802 3094
846 3230
3848 4735
717 4627
420 4202
3275 3401
570 1162
1751 4734
3827 4752
3049 4836
816 1388
2281 4185
194 2866
1401 3622
2927 4577
114 4961
785 2954
540 4426
3504 4408
2884 3408
809 4410
1092 3040
577 2711
3063 4336
692 2243
3480 3763
3869 4968
894 4716
147 2910
67 4675
343 4655
1677 4966
197 4115
1715 4361
1367 2178
1695 4753
1402 4768
1728 2236
156 4975
2808 4827
939 3993
286 4179
3971 4017
1668 1781
1786 2224
102 1378
1759 3875
91 4850
918 4081
1524 2264
2234 4971
271 4764
424 3589
914 2994
462 2355
2647 4848
1506 2107
424 1185
36 4921
564 3605
293 2190
98 3878
12 4919
485 3037
2166 2619
247 4815
12 4993
4214 4920
1776 4661
592 4307
312 2158
2274 3767
514 3023
1613 4856
515 4479
445 3657
2206 4252
1432 3607
158 3349
1396 3674
1589 3760
4071 4918
1571 2112
584 4730
1305 4216
45 2311
463 3658
165 4864
2000 3335
541 562
1874 4908
848 1009
337 4071
2734 3396
277 779
122 4906
113 4998
164 3705
211 2979
403 2561
620 4973
1241 3884
1650 3773
430 870
494 3840
3306 3813
2467 3701
492 2804
1194 1246
3438 4362
2581 3828
130 4326
1756 2652
3658 4722
210 4978
1648 3272
2298 4429
1348 4028
1526 1863
3901 4910
23 4985
1580 3731
2424 4983
4389 4673
222 4353
593 4428
303 354
1577 3460
1443 2503
354 650
341 4437
37 4892
4691 4922
935 4655
451 2265
184 2702
150 4714
1635 4414
605 4848
3221 4297
12 4940
2544 3155
106 4941
135 4056
1635 4799
2688 4843
4641 4698
208 4534
51 4957
2686 4455
2427 2676
2117 4652
80 3227
1882 3699
33 4984
2828 3870
3421 4283
1229 4399
133 4674
887 4497
1459 4434
4089 4705
1600 3717
2595 5000
1470 4104
515 4888
103 4735
1708 4210
650 3421
1135 4803
1097 3682
1529 2885
1 4999
1401 4262
2532 4112
2071 4676
740 1900
2401 4747
51 3853
2518 4547
4189 4430
331 4509
612 3902
3015 3503
3436 3831
1214 4591
4196 4782
486 2943
1182 4813
1461 2525
3758 4385
1269 2340
1188 4791
581 3670
315 1702
246 4879
5 2982
1202 2368
1211 3518
300 2479
22 4294
1099 2586
467 4060
1661 3057
118 2619
2132 2795
300 2370
2344 4385
539 4695
1653 3478
68 4483
260 4857
1191 1863
1854 4730
21 4777
1172 4784
481 989
333 4113
1742 2785
503 4689
3 2410
9 735
4510 4966
1621 1995
947 2759
727 4841
18 2792
442 1117
336 4295
1763 2303
3032 3889
2818 3516
2134 4992
519 4828
59 1384
1608 4777
174 4526
2142 2546
2448 2521
1305 4500
63 3931
1528 4446
84 4931
46 4907
2366 4900
3240 4363
1834 3293
1173 2488
1980 3809
865 4815
172 4661
230 2673
388 4020
1732 3289
71 4929
12 4914
894 4846
2962 4043
957 1245
255 4651
789 3714
2931 3450
1466 1760
1166 1656
1653 4996
600 2718
37 1709
38 4990
2107 2818
366 4634
267 2263
1058 1558
232 4346
1191 3829
1802 2275
3762 4777
1681 3887
477 4227
3161 4000
2278 4307
162 3884
3339 4204
2362 3250
153 4733
2399 2598
344 4860
1136 2989
1582 1802
1681 2122
1158 2542
344 2524
244 3677
350 4975
1246 3709
1875 1995
99 4430
2286 2746
1617 2193
228 4803
167 3908
891 3158
583 2246
376 1306
929 3292
3265 3646
1523 4368
2350 4763
403 3497
126 3495
1381 3633
2902 3560
909 4889
404 2513
426 4681
1124 3612
244 4976
404 4528
9 4994
2357 4705
888 4589
410 4479
1274 3546
1366 3970
610 4987
1084 1214
2428 2586
2444 4253
70 4858
859 1907
927 2977
1219 2749
321 4911
1324 2853
851 4592
2540 4198
4092 4702
58 4957
237 3176
303 2227
453 2378
586 4019
2001 3243
93 198
167 4967
1120 1554
1430 4142
1399 4752
1695 4784
1099 1945
397 3222
461 3607
225 4753
1973 3190
828 3629
538 3284
417 1087
255 4467
2474 3721
842 2201
392 4921
3251 4983
321 4318
902 1391
3126 4212
2516 4671
2174 4082
3692 4119
1735 4774
1570 3176
859 4974
1483 4756
642 3220
319 4785
435 4779
587 3375
897 3674
1002 3063
24 2985
619 2523
364 2388
518 4640
1732 3623
595 4752
120 4819
115 4950
829 2806
158 4608
2636 3303
637 1422
3046 4881
2100 3171
559 4509
567 3748
3517 4715
3690 3718
914 1071
1752 4583
7 5000
2514 4074
725 4576
587 3035
532 3556
102 4806
209 3265
713 2731
1293 4415
459 3177
2871 3362
194 4009
1 4997
208 4980
210 4449
3591 3875
82 2790
396 517
493 4377
1226 3039
63 4993
1017 3857
741 3620
689 3567
1292 4743
1178 4718
1693 2204
2293 3088
1063 4800
14 3310
2978 4152
1723 4998
35 4739
766 4768
473 4904
3448 4369
272 4314
980 2002
1660 3567
41 4940
682 3007
792 4560
243 3835
1242 4508
1742 4345
226 2858
3398 4390
899 3916
472 4695
3604 3883
1523 2837
3330 3403
695 4093
1826 4823
1574 3827
700 2873
63 3890
1721 3760
47 4984
2146 4909
58 3658
754 3610
2992 3790
936 4232
2931 4595
1796 3331
359 4976
1161 2199
1183 3032
1145 3668
4041 4358
1937 3947
2256 4080
314 4642
2718 3016
896 3693
31 3776
479 4731
239 4419
2055 4007
259 3972
22 4812
64 4668
2988 3883
373 4728
1160 4787
2730 4621
285 3474
140 3371
76 4836
55 2007
1385 3970
697 2133
227 3033
1536 3458
1431 4516
321 1330
461 4943
2247 4585
979 4756
202 4860
2335 4454
132 4992
2041 4313
82 4523
1785 4397
257 4643
2480 3131
2004 4720
180 1346
51 4162
1784 4377
215 4888
352 559
4265 4451
4231 4761
1568 4952
88 4865
2858 4287
4297 4922
4303 4752
366 2627
2389 3008
1433 2620
2908 4189
1048 4481
3029 4659
394 4947
4437 4730
62 4981
54 4869
1035 4445
1586 4533
2513 4209
44 4949
195 2730
3765 3926
796 4002
255 4498
521 4844
557 3953
1478 4897
1489 4071
1227 4746
30 4610
977 4084
327 2694
151 4677
401 904
967 4860
795 4890
28 4677
258 4250
928 3743
1449 2346
2411 4871
44 406
281 3657
277 411
40 4999
1006 4840
699 4973
983 4829
675 3512
2931 3924
2832 3720
124 2077
276 3591
79 1446
1075 2670
292 4736
1955 2358
1058 1270
2488 2964
1093 4116
896 1203
949 3150
943 3435
1368 4576
97 656
