124137678
888122150
641960006
421215633
790456429
888073826
384009428
285283257
696709476
982800197
666671069
573082224
374004849
487403983
663364651
471735303
702871401
911791406
407010772
903976718
521214010
484832665
32392015
168161114
287341949
50874013
59860251
281405565
550138598
130859376
933751965
704855737
298172478
704855737
946576981
754261892
45315284
816155677
861312703
328212458
926430863
598383869
155994031
602887219
950200566
856508876
993313583
18977884
885414821
871642877
641960006
333371840
894782437
407010772
285283257
614690379
28497272
669741065
93707338
956725530
28384131
184117651
701145631
996200614
697260762
677511828
102355276
746162227
641283669
165694054
981698689
184117651
335873580
152360978
815042358
601753768
42109794
321451871
970902196
396505072
613313851
229594580
729708278
509104031
365976950
377261041
359101278
991775736
738000214
871642877
602887219
841835792
59860251
95590053
297226932
503008285
958293531
204223121
433843665
834415300
