260352714
4332436
91429559
733221026
480690698
851298010
396994349
806419137
827112030
845409655
626802384
318013847
900450897
125833184
537771992
888106557
934979574
320021702
439028754
668732664
226706046
126731293
36031593
149944415
231177424
988964011
83736311
30441202
858993336
108166556
973932614
267699296
20906872
716483975
554248665
296892865
900223714
364066555
713131109
46795786
699624714
775149274
77885857
657589176
555934856
6858358
292398205
651241468
659065492
298339419
55179544
727468125
513854512
682888898
495242594
23000148
63046494
615290849
267535262
28790690
569793858
93509321
58611625
230562890
374517130
384444915
371981625
459389110
913675320
940246531
877943248
522135057
331477238
523387137
722219156
962493710
604019044
55491798
897424143
178529083
12398825
996221829
297685382
953492585
226812960
787925301
830566410
427205166
609907078
845412500
75070152
532231474
936043724
64968400
844770082
68502681
517552977
951433903
944264361
173341415
