100
729574279
540614840
268158581
774341201
917177683
711029395
677423493
679249659
383808570
782024994
80383721
585000699
730958753
53581535
663521060
46107070
884990540
6436028
756410618
732290212
407439538
46395708
350696704
481706924
821662196
254979463
331099666
404254221
765126933
852124085
966180213
552753162
943350738
50706939
600862922
8560164
134646650
291831102
58477063
573487094
19046481
89494424
605054247
802208017
901706256
637285108
513914968
208970867
829553847
811915950
634315595
585800420
999191227
830548179
771834279
694254817
609327043
104416475
997078645
269686725
526966296
9268642
192577763
673262498
387969992
503732096
871420989
390884723
101191283
885507877
131005729
169182201
595051650
265989059
712744480
540721246
687009741
697001009
507360020
531681461
819306622
455020226
160306797
551811054
857009160
180306345
815655264
967971259
786451368
54306592
228512104
584752651
833824444
917020785
361565480
20545099
801348278
633513620
547321693
771707429
