227123792
609718648
643742829
828457474
133589436
139407995
791465469
496172667
998554629
117709006
256617997
912583840
476179809
417544220
66912933
939089874
316668611
588521790
353356337
538953571
979755789
777728181
109168656
995193315
949169557
467393928
139217492
836355153
789722534
296134843
665407941
667159736
759435861
404427329
160938690
130243295
840182174
259449294
225122349
224780268
34066940
339533457
938208026
502723270
809687867
770347123
97306709
44837283
713416002
757919270
745543265
341355958
147347812
166439890
164260877
836127569
149660923
888549219
511939205
798316116
835501218
363279354
607860249
745568511
725526649
965143486
967322891
941796846
364616057
216200802
421341461
786311039
280653492
743576546
148997315
561814748
207732873
276987866
568583579
500986201
851185369
110389490
967159239
672690761
897821794
373564193
7077074
428079334
429528594
976762299
686375014
373833813
784183362
822057722
486311592
116518622
553588828
282499559
218189115
727851525
