100
229694142193843609
737765151571600098
613456354110789486
570344542072061687
359405993211346898
348732627327879162
840184752370155369
679019052373300280
654269464232761881
243749365241477420
771067234688700348
870933043550646794
175478957002823564
672869550896125473
221669056084712089
952645943380945230
620552181646029985
518336410530761450
601892987693925862
406099108750444120
287087198307694154
178831163142311664
947067094358620929
55733029192326459
590271861407425127
262273534786642176
286271711885614462
376665017181999307
841286624446763263
734417412848124922
736277675815172988
77333659985350931
122299147538041817
486404716874569136
203676034664190711
214631064140804622
628596025582973952
26013689570361132
647012015626658762
80595566012798003
835163360664729426
915836867375394337
651000730569115891
416136899447172432
710742776293615004
576139960900544809
649062516415524113
574678806245330887
402980559765081121
801424560202397553
684452812323591906
764500973259792680
588347718720748000
238944761727553408
383386450319820735
701523637949889400
349170840812604452
785166766789202687
217517887441629908
718397686425995944
190893820033551666
81053835660054403
944810279911276216
352726368431642277
555408117444681555
112702467735122950
473266277560740394
260122835729520189
742827029906551649
486301644827898129
991848660300868264
194813500110347681
628583124415816805
959905896533923386
17655029958355047
995321874529017275
748431633625656556
901035529291389539
152429520912407326
766940364549299336
104001352977399655
24716048239463654
456117117363882334
468081150972641549
227988388152305272
54667056446243420
450370440046399455
245672019152672007
789139882561653898
117214817731410493
571366721545281004
477127341497698083
989846796748994634
154187470080952843
985309510866159889
112708148438156557
386111078081673253
658097008335040675
459469074129994232
745668748771276027
