100
962058861484320600
930515947993031400
840021796602588600
768530579870453400
681527117998326600
612219275490022200
592146512359201800
589802538040115400
523032439394064600
469842699794668200
454438021112875800
478519040296697400
429856087046185800
415762444847950200
381193133795674200
368694998261389800
331200591658536600
988110745547725800
876249151712134200
787139068487171400
761331230176116600
993601774975609800
393201692026743600
348688292929376400
313228466529778800
302958680741917200
319012693531131600
286570724697457200
277174963231966800
254128755863782800
245796665507593200
220800394439024400
922236695844544080
817832541597991920
734663130588026640
710575814831042160
720018682802218800
658740497031817200
584166101141422800
524759378991447600
507554153450744400
939685399589336400
908876042225751600
957038080593394800
859712174092371600
831524889695900400
762386267591348400
737389996522779600
662401183317073200
432011209681331280
395244298219090320
350499660684853680
314855627394868560
304532492070446640
707763045648138480
627638927272877520
563811239753601840
545325625335450960
574222848356036880
515827304455422960
498914933817540240
457431760554809040
442433997913667760
397440709990243920
505545032605813200
448313519480626800
402722314109715600
389518303811036400
410159177397169200
368448074611016400
356367809869671600
326736971824863600
316024284224048400
283886221421602800
321710475294608400
285290421487671600
256277836251637200
247875284243386800
261010385616380400
234466956570646800
226779515371609200
207923527524913200
201106362688030800
180654868177383600
966152728979998560
856776948340753440
769647089187456480
744412758394425120
672017437282070880
614824463896362720
545221694398661280
489775420392017760
473717209887361440
480012455201479200
439160331354544800
389444067427615200
349839585994298400
338369435633829600
786403384053487200
697376585858752800
