100
999999999999996461
999999999999996467
999999999999996553
999999999999996647
999999999999996659
999999999999996673
999999999999996701
999999999999996757
999999999999996767
999999999999996773
999999999999996781
999999999999996791
999999999999996829
999999999999996839
999999999999996847
999999999999996871
999999999999996881
999999999999996917
999999999999996967
999999999999997013
999999999999997019
999999999999997033
999999999999997057
999999999999997079
999999999999997121
999999999999997133
999999999999997189
999999999999997207
999999999999997313
999999999999997427
999999999999997433
999999999999997457
999999999999997471
999999999999997499
999999999999997589
999999999999997651
999999999999997751
999999999999997817
999999999999997831
999999999999997837
999999999999997883
999999999999997901
999999999999997943
999999999999997951
999999999999997961
999999999999997993
999999999999997999
999999999999998021
999999999999998027
999999999999998143
999999999999998167
999999999999998171
999999999999998227
999999999999998237
999999999999998269
999999999999998273
999999999999998321
999999999999998443
999999999999998539
999999999999998581
999999999999998651
999999999999998653
999999999999998743
999999999999998759
999999999999998867
999999999999998927
999999999999998929
999999999999998939
999999999999998989
999999999999999023
999999999999999073
999999999999999079
999999999999999121
999999999999999157
999999999999999161
999999999999999283
999999999999999331
999999999999999359
999999999999999371
999999999999999409
999999999999999419
999999999999999443
999999999999999463
999999999999999487
999999999999999503
999999999999999529
999999999999999539
999999999999999569
999999999999999601
999999999999999613
999999999999999631
999999999999999637
999999999999999709
999999999999999737
999999999999999749
999999999999999829
999999999999999863
999999999999999877
999999999999999967
999999999999999989
