913839689
339692701
521968567
928745303
410967803
571847295
774698391
6917822
500504391
473087566
433194561
10392270
501679255
229477653
531170690
685244169
265982047
877397126
764629355
230265794
759367571
505856105
305921397
130330186
548061304
378508134
418613608
750486186
727133461
362079559
365997732
516382945
894676339
168335819
379880582
921763400
600443825
385698199
405041166
454356203
692855756
6215234
97530004
609178262
940756227
414815315
62082690
533415539
189349203
395125055
149321470
959450576
656250985
927450549
504504287
45603277
709253630
816934244
568476537
687316040
227630289
164625391
336939616
927488399
381244170
775926441
694682428
905336512
654829621
284331764
946998735
798621442
343839329
562110720
809892021
416638982
575998410
455103588
806427614
434213230
79228899
898039959
784394998
5752348
475252797
407873795
637003491
108999439
964013756
837252725
18688998
305035342
271328094
887010137
1474864
836566207
438501992
331213803
671875005
461036505
