388087285
683730832
531170690
341190190
189349203
781521679
144496168
841706308
18688998
959183456
169415587
504504287
690331898
407873795
933670640
921523734
775093638
750486186
917107734
198398630
420174137
82471171
887010137
953022627
135761197
348275555
210807214
766133176
372400268
739817696
898039959
505816646
462515334
974172995
42604545
512985400
764629355
284331764
971676074
420212469
260812299
851742099
304851449
241328382
921763400
633907698
259815517
381244170
734962572
809892021
228264503
143961929
548061304
177501023
69185104
403643636
170802478
271328094
138460879
739817696
228264503
433194561
531170690
309165143
566536974
613470555
737377802
47263882
676490545
379880582
69185104
229477653
798621442
913839689
420174137
10392270
407873795
124115019
210297694
764629355
743984862
210297694
469246835
121270514
546258835
613700759
97530004
928745303
774806763
6751251
798621442
694682428
815652783
650886127
150166331
692855756
836787650
440584235
82001200
828337630
