100
662401183317073200
755692885024022480
999999999999996847
999215268315536547
999999999999998027
14724790956142037
689037129958781439
478519040296697400
999999999999999631
652109647857371326
527136114264673834
999999999999998269
744412758394425120
999999999999999529
68494504218062509
37503799409846449
245796665507593200
999999999999997207
873054258600976707
302958680741917200
397440709990243920
989295128830387880
999999999999999737
984784634724290277
85196222978699018
265121705094841511
349839585994298400
762386267591348400
362830930851298297
304532492070446640
999999999999999443
66720227107997237
744990605576176454
113882794271559331
356367809869671600
856776948340753440
999999999999996967
999999999999999023
842105390255207738
801852066142634475
247875284243386800
226779515371609200
429856087046185800
117584666400421442
999999999999997651
507554153450744400
432011209681331280
999999999999998867
939685399589336400
999999999999999161
277174963231966800
650533702864350674
999999999999997121
532778218563799263
876249151712134200
840277035049935217
634246434093614347
999999999999999709
737389996522779600
304532492070446640
277174963231966800
999999999999996781
999999999999996847
683776520853163611
285290421487671600
809931679547297657
499556935306449618
395244298219090320
316024284224048400
999999999999997589
876249151712134200
999999999999996839
999999999999999079
999999999999996461
397440709990243920
999999999999996791
999999999999999529
769647089187456480
786403384053487200
999999999999996967
207923527524913200
786403384053487200
247522845853688250
816772990169409884
515827304455422960
957038080593394800
999999999999997943
999999999999996647
563811239753601840
294401546045631998
999999999999999079
999999999999998929
373528783064315595
473717209887361440
953421739414310393
999999999999997883
708558448710605121
30841044484810339
761331230176116600
70100662032646451
