296208753
453937816
424052982
819277128
858068344
410987646
928174737
349542533
422067882
617040555
722432407
564559719
193026116
512417580
834188137
677418954
266494247
353479388
245936521
428533530
884709
749490825
928173226
345731701
72416795
398390913
995952450
694583528
841649739
786360120
665444030
843650171
428857292
199406425
600650957
386333552
800027778
674562109
517200252
372754200
702884504
16857888
53516306
267553419
326789484
474840349
919036345
674370395
554344861
110888895
45251446
237643923
160126792
356367261
606564394
920746008
608104504
99724252
445989919
398528334
794340443
427433090
492503045
268928455
11564229
126191127
935970504
461766999
336071224
897737414
739442875
525490126
830694854
506876000
258140382
296862306
550983572
197304872
400254586
930625322
550983572
153707958
993029977
594894981
802585796
197304872
993029977
448062091
369545131
37873659
400254586
594894981
369545131
305903985
432737452
930625322
802585796
37873659
432737452
901157933
