100
513351356593459471
301492288110446002
378461343649229387
618845229331916575
802021337614149324
852433563967034906
646457412525201856
304797885133585181
301529132110703910
520815256645706771
433954922037684433
509754346568280401
661703601631925179
661556376630894604
890204307231430107
998007383986051639
507248121550736826
622283509355984535
693455944854191580
102571761718002327
254663435782644038
109201040764407280
735857892151005209
788761448521330101
371941437603590045
805726885640088160
27287689191013823
994114271958799855
311714465182001241
299756389098294709
858669024010683126
282958816980711705
352503877467527125
549519453846636150
437654232063579603
45544691318812837
392082044744574294
923887969467215741
620649167344544141
206705558446938899
546563533825944710
956541855695792943
379532716656728998
333489015334423091
809354849665483908
28144351197010457
632112163424785113
3198673022390711
685391585797741067
114890021804230147
422597776958184418
881608782171261432
799701830597912775
483628841385401866
375234790626643516
910987017376909077
353935705477549921
777526452442685129
441440363090082520
677964598745752158
590024957130174671
714934429004540968
712116457984815171
429589199007124372
742122010194854035
296245532073718710
946740204627181386
860343592022405102
573197733012384103
885488177198417197
709848937968942531
30321208212248456
587094826109663754
356162362493136520
89243219624702533
999999600000040000
999999683000023400
999999693000021400
999999729000014200
999999737000012600
999999683000023400
999999766000013689
999999776000012519
999999812000008307
999999820000007371
999999693000021400
999999776000012519
999999786000011449
999999822000007597
999999830000006741
999999729000014200
999999812000008307
999999822000007597
999999858000005041
999999866000004473
999999737000012600
999999820000007371
999999830000006741
999999866000004473
999999874000003969
