127 126
1 66
1 67
66 68
66 69
67 70
67 71
68 72
68 73
69 74
69 75
70 76
70 77
71 78
71 79
72 80
72 81
73 82
73 83
74 84
74 85
75 86
75 87
76 88
76 89
77 90
77 91
78 92
78 93
79 94
79 95
80 96
80 97
81 98
81 99
82 100
82 101
83 102
83 103
84 104
84 105
85 106
85 107
86 108
86 109
87 110
87 111
88 112
88 113
89 114
89 115
90 116
90 117
91 118
91 119
92 120
92 121
93 122
93 123
94 124
94 125
95 126
95 127
96 2
96 3
97 4
97 5
98 6
98 7
99 8
99 9
100 10
100 11
101 12
101 13
102 14
102 15
103 16
103 17
104 18
104 19
105 20
105 21
106 22
106 23
107 24
107 25
108 26
108 27
109 28
109 29
110 30
110 31
111 32
111 33
112 34
112 35
113 36
113 37
114 38
114 39
115 40
115 41
116 42
116 43
117 44
117 45
118 46
118 47
119 48
119 49
120 50
120 51
121 52
121 53
122 54
122 55
123 56
123 57
124 58
124 59
125 60
125 61
126 62
126 63
127 64
127 65
