255 254
1 130
1 131
130 132
130 133
131 134
131 135
132 136
132 137
133 138
133 139
134 140
134 141
135 142
135 143
136 144
136 145
137 146
137 147
138 148
138 149
139 150
139 151
140 152
140 153
141 154
141 155
142 156
142 157
143 158
143 159
144 160
144 161
145 162
145 163
146 164
146 165
147 166
147 167
148 168
148 169
149 170
149 171
150 172
150 173
151 174
151 175
152 176
152 177
153 178
153 179
154 180
154 181
155 182
155 183
156 184
156 185
157 186
157 187
158 188
158 189
159 190
159 191
160 192
160 193
161 194
161 195
162 196
162 197
163 198
163 199
164 200
164 201
165 202
165 203
166 204
166 205
167 206
167 207
168 208
168 209
169 210
169 211
170 212
170 213
171 214
171 215
172 216
172 217
173 218
173 219
174 220
174 221
175 222
175 223
176 224
176 225
177 226
177 227
178 228
178 229
179 230
179 231
180 232
180 233
181 234
181 235
182 236
182 237
183 238
183 239
184 240
184 241
185 242
185 243
186 244
186 245
187 246
187 247
188 248
188 249
189 250
189 251
190 252
190 253
191 254
191 255
192 2
192 3
193 4
193 5
194 6
194 7
195 8
195 9
196 10
196 11
197 12
197 13
198 14
198 15
199 16
199 17
200 18
200 19
201 20
201 21
202 22
202 23
203 24
203 25
204 26
204 27
205 28
205 29
206 30
206 31
207 32
207 33
208 34
208 35
209 36
209 37
210 38
210 39
211 40
211 41
212 42
212 43
213 44
213 45
214 46
214 47
215 48
215 49
216 50
216 51
217 52
217 53
218 54
218 55
219 56
219 57
220 58
220 59
221 60
221 61
222 62
222 63
223 64
223 65
224 66
224 67
225 68
225 69
226 70
226 71
227 72
227 73
228 74
228 75
229 76
229 77
230 78
230 79
231 80
231 81
232 82
232 83
233 84
233 85
234 86
234 87
235 88
235 89
236 90
236 91
237 92
237 93
238 94
238 95
239 96
239 97
240 98
240 99
241 100
241 101
242 102
242 103
243 104
243 105
244 106
244 107
245 108
245 109
246 110
246 111
247 112
247 113
248 114
248 115
249 116
249 117
250 118
250 119
251 120
251 121
252 122
252 123
253 124
253 125
254 126
254 127
255 128
255 129
