511 510
1 258
1 259
258 260
258 261
259 262
259 263
260 264
260 265
261 266
261 267
262 268
262 269
263 270
263 271
264 272
264 273
265 274
265 275
266 276
266 277
267 278
267 279
268 280
268 281
269 282
269 283
270 284
270 285
271 286
271 287
272 288
272 289
273 290
273 291
274 292
274 293
275 294
275 295
276 296
276 297
277 298
277 299
278 300
278 301
279 302
279 303
280 304
280 305
281 306
281 307
282 308
282 309
283 310
283 311
284 312
284 313
285 314
285 315
286 316
286 317
287 318
287 319
288 320
288 321
289 322
289 323
290 324
290 325
291 326
291 327
292 328
292 329
293 330
293 331
294 332
294 333
295 334
295 335
296 336
296 337
297 338
297 339
298 340
298 341
299 342
299 343
300 344
300 345
301 346
301 347
302 348
302 349
303 350
303 351
304 352
304 353
305 354
305 355
306 356
306 357
307 358
307 359
308 360
308 361
309 362
309 363
310 364
310 365
311 366
311 367
312 368
312 369
313 370
313 371
314 372
314 373
315 374
315 375
316 376
316 377
317 378
317 379
318 380
318 381
319 382
319 383
320 384
320 385
321 386
321 387
322 388
322 389
323 390
323 391
324 392
324 393
325 394
325 395
326 396
326 397
327 398
327 399
328 400
328 401
329 402
329 403
330 404
330 405
331 406
331 407
332 408
332 409
333 410
333 411
334 412
334 413
335 414
335 415
336 416
336 417
337 418
337 419
338 420
338 421
339 422
339 423
340 424
340 425
341 426
341 427
342 428
342 429
343 430
343 431
344 432
344 433
345 434
345 435
346 436
346 437
347 438
347 439
348 440
348 441
349 442
349 443
350 444
350 445
351 446
351 447
352 448
352 449
353 450
353 451
354 452
354 453
355 454
355 455
356 456
356 457
357 458
357 459
358 460
358 461
359 462
359 463
360 464
360 465
361 466
361 467
362 468
362 469
363 470
363 471
364 472
364 473
365 474
365 475
366 476
366 477
367 478
367 479
368 480
368 481
369 482
369 483
370 484
370 485
371 486
371 487
372 488
372 489
373 490
373 491
374 492
374 493
375 494
375 495
376 496
376 497
377 498
377 499
378 500
378 501
379 502
379 503
380 504
380 505
381 506
381 507
382 508
382 509
383 510
383 511
384 2
384 3
385 4
385 5
386 6
386 7
387 8
387 9
388 10
388 11
389 12
389 13
390 14
390 15
391 16
391 17
392 18
392 19
393 20
393 21
394 22
394 23
395 24
395 25
396 26
396 27
397 28
397 29
398 30
398 31
399 32
399 33
400 34
400 35
401 36
401 37
402 38
402 39
403 40
403 41
404 42
404 43
405 44
405 45
406 46
406 47
407 48
407 49
408 50
408 51
409 52
409 53
410 54
410 55
411 56
411 57
412 58
412 59
413 60
413 61
414 62
414 63
415 64
415 65
416 66
416 67
417 68
417 69
418 70
418 71
419 72
419 73
420 74
420 75
421 76
421 77
422 78
422 79
423 80
423 81
424 82
424 83
425 84
425 85
426 86
426 87
427 88
427 89
428 90
428 91
429 92
429 93
430 94
430 95
431 96
431 97
432 98
432 99
433 100
433 101
434 102
434 103
435 104
435 105
436 106
436 107
437 108
437 109
438 110
438 111
439 112
439 113
440 114
440 115
441 116
441 117
442 118
442 119
443 120
443 121
444 122
444 123
445 124
445 125
446 126
446 127
447 128
447 129
448 130
448 131
449 132
449 133
450 134
450 135
451 136
451 137
452 138
452 139
453 140
453 141
454 142
454 143
455 144
455 145
456 146
456 147
457 148
457 149
458 150
458 151
459 152
459 153
460 154
460 155
461 156
461 157
462 158
462 159
463 160
463 161
464 162
464 163
465 164
465 165
466 166
466 167
467 168
467 169
468 170
468 171
469 172
469 173
470 174
470 175
471 176
471 177
472 178
472 179
473 180
473 181
474 182
474 183
475 184
475 185
476 186
476 187
477 188
477 189
478 190
478 191
479 192
479 193
480 194
480 195
481 196
481 197
482 198
482 199
483 200
483 201
484 202
484 203
485 204
485 205
486 206
486 207
487 208
487 209
488 210
488 211
489 212
489 213
490 214
490 215
491 216
491 217
492 218
492 219
493 220
493 221
494 222
494 223
495 224
495 225
496 226
496 227
497 228
497 229
498 230
498 231
499 232
499 233
500 234
500 235
501 236
501 237
502 238
502 239
503 240
503 241
504 242
504 243
505 244
505 245
506 246
506 247
507 248
507 249
508 250
508 251
509 252
509 253
510 254
510 255
511 256
511 257
