1023 1022
1 514
1 515
514 516
514 517
515 518
515 519
516 520
516 521
517 522
517 523
518 524
518 525
519 526
519 527
520 528
520 529
521 530
521 531
522 532
522 533
523 534
523 535
524 536
524 537
525 538
525 539
526 540
526 541
527 542
527 543
528 544
528 545
529 546
529 547
530 548
530 549
531 550
531 551
532 552
532 553
533 554
533 555
534 556
534 557
535 558
535 559
536 560
536 561
537 562
537 563
538 564
538 565
539 566
539 567
540 568
540 569
541 570
541 571
542 572
542 573
543 574
543 575
544 576
544 577
545 578
545 579
546 580
546 581
547 582
547 583
548 584
548 585
549 586
549 587
550 588
550 589
551 590
551 591
552 592
552 593
553 594
553 595
554 596
554 597
555 598
555 599
556 600
556 601
557 602
557 603
558 604
558 605
559 606
559 607
560 608
560 609
561 610
561 611
562 612
562 613
563 614
563 615
564 616
564 617
565 618
565 619
566 620
566 621
567 622
567 623
568 624
568 625
569 626
569 627
570 628
570 629
571 630
571 631
572 632
572 633
573 634
573 635
574 636
574 637
575 638
575 639
576 640
576 641
577 642
577 643
578 644
578 645
579 646
579 647
580 648
580 649
581 650
581 651
582 652
582 653
583 654
583 655
584 656
584 657
585 658
585 659
586 660
586 661
587 662
587 663
588 664
588 665
589 666
589 667
590 668
590 669
591 670
591 671
592 672
592 673
593 674
593 675
594 676
594 677
595 678
595 679
596 680
596 681
597 682
597 683
598 684
598 685
599 686
599 687
600 688
600 689
601 690
601 691
602 692
602 693
603 694
603 695
604 696
604 697
605 698
605 699
606 700
606 701
607 702
607 703
608 704
608 705
609 706
609 707
610 708
610 709
611 710
611 711
612 712
612 713
613 714
613 715
614 716
614 717
615 718
615 719
616 720
616 721
617 722
617 723
618 724
618 725
619 726
619 727
620 728
620 729
621 730
621 731
622 732
622 733
623 734
623 735
624 736
624 737
625 738
625 739
626 740
626 741
627 742
627 743
628 744
628 745
629 746
629 747
630 748
630 749
631 750
631 751
632 752
632 753
633 754
633 755
634 756
634 757
635 758
635 759
636 760
636 761
637 762
637 763
638 764
638 765
639 766
639 767
640 768
640 769
641 770
641 771
642 772
642 773
643 774
643 775
644 776
644 777
645 778
645 779
646 780
646 781
647 782
647 783
648 784
648 785
649 786
649 787
650 788
650 789
651 790
651 791
652 792
652 793
653 794
653 795
654 796
654 797
655 798
655 799
656 800
656 801
657 802
657 803
658 804
658 805
659 806
659 807
660 808
660 809
661 810
661 811
662 812
662 813
663 814
663 815
664 816
664 817
665 818
665 819
666 820
666 821
667 822
667 823
668 824
668 825
669 826
669 827
670 828
670 829
671 830
671 831
672 832
672 833
673 834
673 835
674 836
674 837
675 838
675 839
676 840
676 841
677 842
677 843
678 844
678 845
679 846
679 847
680 848
680 849
681 850
681 851
682 852
682 853
683 854
683 855
684 856
684 857
685 858
685 859
686 860
686 861
687 862
687 863
688 864
688 865
689 866
689 867
690 868
690 869
691 870
691 871
692 872
692 873
693 874
693 875
694 876
694 877
695 878
695 879
696 880
696 881
697 882
697 883
698 884
698 885
699 886
699 887
700 888
700 889
701 890
701 891
702 892
702 893
703 894
703 895
704 896
704 897
705 898
705 899
706 900
706 901
707 902
707 903
708 904
708 905
709 906
709 907
710 908
710 909
711 910
711 911
712 912
712 913
713 914
713 915
714 916
714 917
715 918
715 919
716 920
716 921
717 922
717 923
718 924
718 925
719 926
719 927
720 928
720 929
721 930
721 931
722 932
722 933
723 934
723 935
724 936
724 937
725 938
725 939
726 940
726 941
727 942
727 943
728 944
728 945
729 946
729 947
730 948
730 949
731 950
731 951
732 952
732 953
733 954
733 955
734 956
734 957
735 958
735 959
736 960
736 961
737 962
737 963
738 964
738 965
739 966
739 967
740 968
740 969
741 970
741 971
742 972
742 973
743 974
743 975
744 976
744 977
745 978
745 979
746 980
746 981
747 982
747 983
748 984
748 985
749 986
749 987
750 988
750 989
751 990
751 991
752 992
752 993
753 994
753 995
754 996
754 997
755 998
755 999
756 1000
756 1001
757 1002
757 1003
758 1004
758 1005
759 1006
759 1007
760 1008
760 1009
761 1010
761 1011
762 1012
762 1013
763 1014
763 1015
764 1016
764 1017
765 1018
765 1019
766 1020
766 1021
767 1022
767 1023
768 2
768 3
769 4
769 5
770 6
770 7
771 8
771 9
772 10
772 11
773 12
773 13
774 14
774 15
775 16
775 17
776 18
776 19
777 20
777 21
778 22
778 23
779 24
779 25
780 26
780 27
781 28
781 29
782 30
782 31
783 32
783 33
784 34
784 35
785 36
785 37
786 38
786 39
787 40
787 41
788 42
788 43
789 44
789 45
790 46
790 47
791 48
791 49
792 50
792 51
793 52
793 53
794 54
794 55
795 56
795 57
796 58
796 59
797 60
797 61
798 62
798 63
799 64
799 65
800 66
800 67
801 68
801 69
802 70
802 71
803 72
803 73
804 74
804 75
805 76
805 77
806 78
806 79
807 80
807 81
808 82
808 83
809 84
809 85
810 86
810 87
811 88
811 89
812 90
812 91
813 92
813 93
814 94
814 95
815 96
815 97
816 98
816 99
817 100
817 101
818 102
818 103
819 104
819 105
820 106
820 107
821 108
821 109
822 110
822 111
823 112
823 113
824 114
824 115
825 116
825 117
826 118
826 119
827 120
827 121
828 122
828 123
829 124
829 125
830 126
830 127
831 128
831 129
832 130
832 131
833 132
833 133
834 134
834 135
835 136
835 137
836 138
836 139
837 140
837 141
838 142
838 143
839 144
839 145
840 146
840 147
841 148
841 149
842 150
842 151
843 152
843 153
844 154
844 155
845 156
845 157
846 158
846 159
847 160
847 161
848 162
848 163
849 164
849 165
850 166
850 167
851 168
851 169
852 170
852 171
853 172
853 173
854 174
854 175
855 176
855 177
856 178
856 179
857 180
857 181
858 182
858 183
859 184
859 185
860 186
860 187
861 188
861 189
862 190
862 191
863 192
863 193
864 194
864 195
865 196
865 197
866 198
866 199
867 200
867 201
868 202
868 203
869 204
869 205
870 206
870 207
871 208
871 209
872 210
872 211
873 212
873 213
874 214
874 215
875 216
875 217
876 218
876 219
877 220
877 221
878 222
878 223
879 224
879 225
880 226
880 227
881 228
881 229
882 230
882 231
883 232
883 233
884 234
884 235
885 236
885 237
886 238
886 239
887 240
887 241
888 242
888 243
889 244
889 245
890 246
890 247
891 248
891 249
892 250
892 251
893 252
893 253
894 254
894 255
895 256
895 257
896 258
896 259
897 260
897 261
898 262
898 263
899 264
899 265
900 266
900 267
901 268
901 269
902 270
902 271
903 272
903 273
904 274
904 275
905 276
905 277
906 278
906 279
907 280
907 281
908 282
908 283
909 284
909 285
910 286
910 287
911 288
911 289
912 290
912 291
913 292
913 293
914 294
914 295
915 296
915 297
916 298
916 299
917 300
917 301
918 302
918 303
919 304
919 305
920 306
920 307
921 308
921 309
922 310
922 311
923 312
923 313
924 314
924 315
925 316
925 317
926 318
926 319
927 320
927 321
928 322
928 323
929 324
929 325
930 326
930 327
931 328
931 329
932 330
932 331
933 332
933 333
934 334
934 335
935 336
935 337
936 338
936 339
937 340
937 341
938 342
938 343
939 344
939 345
940 346
940 347
941 348
941 349
942 350
942 351
943 352
943 353
944 354
944 355
945 356
945 357
946 358
946 359
947 360
947 361
948 362
948 363
949 364
949 365
950 366
950 367
951 368
951 369
952 370
952 371
953 372
953 373
954 374
954 375
955 376
955 377
956 378
956 379
957 380
957 381
958 382
958 383
959 384
959 385
960 386
960 387
961 388
961 389
962 390
962 391
963 392
963 393
964 394
964 395
965 396
965 397
966 398
966 399
967 400
967 401
968 402
968 403
969 404
969 405
970 406
970 407
971 408
971 409
972 410
972 411
973 412
973 413
974 414
974 415
975 416
975 417
976 418
976 419
977 420
977 421
978 422
978 423
979 424
979 425
980 426
980 427
981 428
981 429
982 430
982 431
983 432
983 433
984 434
984 435
985 436
985 437
986 438
986 439
987 440
987 441
988 442
988 443
989 444
989 445
990 446
990 447
991 448
991 449
992 450
992 451
993 452
993 453
994 454
994 455
995 456
995 457
996 458
996 459
997 460
997 461
998 462
998 463
999 464
999 465
1000 466
1000 467
1001 468
1001 469
1002 470
1002 471
1003 472
1003 473
1004 474
1004 475
1005 476
1005 477
1006 478
1006 479
1007 480
1007 481
1008 482
1008 483
1009 484
1009 485
1010 486
1010 487
1011 488
1011 489
1012 490
1012 491
1013 492
1013 493
1014 494
1014 495
1015 496
1015 497
1016 498
1016 499
1017 500
1017 501
1018 502
1018 503
1019 504
1019 505
1020 506
1020 507
1021 508
1021 509
1022 510
1022 511
1023 512
1023 513
