4830 6958
1 596
1 597
2 947
2 948
3 1298
3 1299
4 1649
4 1650
5 2000
5 2001
6 2351
6 2352
7 2702
7 2703
8 598
8 599
9 949
9 950
10 1300
10 1301
11 1651
11 1652
12 2002
12 2003
13 2353
13 2354
14 2704
14 2705
15 600
15 601
16 951
16 952
17 1302
17 1303
18 1653
18 1654
19 2004
19 2005
20 2355
20 2356
21 2706
21 2707
22 602
22 603
23 953
23 954
24 1304
24 1305
25 1655
25 1656
26 2006
26 2007
27 2357
27 2358
28 2708
28 2709
29 604
29 605
30 955
30 956
31 1306
31 1307
32 1657
32 1658
33 2008
33 2009
34 2359
34 2360
35 2710
35 2711
36 606
36 607
37 957
37 958
38 1308
38 1309
39 1659
39 1660
40 2010
40 2011
41 2361
41 2362
42 2712
42 2713
43 608
43 609
44 959
44 960
45 1310
45 1311
46 1661
46 1662
47 2012
47 2013
48 2363
48 2364
49 2714
49 2715
50 610
50 611
51 961
51 962
52 1312
52 1313
53 1663
53 1664
54 2014
54 2015
55 2365
55 2366
56 2716
56 2717
57 612
57 613
58 963
58 964
59 1314
59 1315
60 1665
60 1666
61 2016
61 2017
62 2367
62 2368
63 2718
63 2719
64 614
64 615
65 965
65 966
66 1316
66 1317
67 1667
67 1668
68 2018
68 2019
69 2369
69 2370
70 2720
70 2721
71 616
71 617
72 967
72 968
73 1318
73 1319
74 1669
74 1670
75 2020
75 2021
76 2371
76 2372
77 2722
77 2723
78 618
78 619
79 969
79 970
80 1320
80 1321
81 1671
81 1672
82 2022
82 2023
83 2373
83 2374
84 2724
84 2725
85 620
85 621
86 971
86 972
87 1322
87 1323
88 1673
88 1674
89 2024
89 2025
90 2375
90 2376
91 2726
91 2727
92 622
92 623
93 973
93 974
94 1324
94 1325
95 1675
95 1676
96 2026
96 2027
97 2377
97 2378
98 2728
98 2729
99 624
99 625
100 975
100 976
101 1326
101 1327
102 1677
102 1678
103 2028
103 2029
104 2379
104 2380
105 2730
105 2731
106 626
106 627
107 977
107 978
108 1328
108 1329
109 1679
109 1680
110 2030
110 2031
111 2381
111 2382
112 2732
112 2733
113 628
113 629
114 979
114 980
115 1330
115 1331
116 1681
116 1682
117 2032
117 2033
118 2383
118 2384
119 2734
119 2735
120 630
120 631
121 981
121 982
122 1332
122 1333
123 1683
123 1684
124 2034
124 2035
125 2385
125 2386
126 2736
126 2737
127 632
127 633
128 983
128 984
129 1334
129 1335
130 1685
130 1686
131 2036
131 2037
132 2387
132 2388
133 2738
133 2739
134 634
134 635
135 985
135 986
136 1336
136 1337
137 1687
137 1688
138 2038
138 2039
139 2389
139 2390
140 2740
140 2741
141 636
141 637
142 987
142 988
143 1338
143 1339
144 1689
144 1690
145 2040
145 2041
146 2391
146 2392
147 2742
147 2743
148 638
148 639
149 989
149 990
150 1340
150 1341
151 1691
151 1692
152 2042
152 2043
153 2393
153 2394
154 2744
154 2745
596 640
596 641
597 642
597 643
598 644
598 645
599 646
599 647
600 648
600 649
601 650
601 651
602 652
602 653
603 654
603 655
604 656
604 657
605 658
605 659
606 660
606 661
607 662
607 663
608 664
608 589
609 582
609 575
610 568
610 561
611 554
611 547
612 540
612 533
613 526
613 519
614 512
614 505
615 498
615 491
616 484
616 477
617 470
617 463
618 456
618 449
619 442
619 435
620 428
620 421
621 414
621 407
622 400
622 393
623 386
623 379
624 372
624 365
625 358
625 351
626 344
626 337
627 330
627 323
628 316
628 309
629 302
629 295
630 288
630 281
631 274
631 267
632 260
632 253
633 246
633 239
634 232
634 225
635 218
635 211
636 204
636 197
637 190
637 183
638 176
638 169
639 162
639 155
640 665
640 666
641 667
641 668
642 669
642 670
643 671
643 672
644 673
644 674
645 675
645 676
646 677
646 678
647 679
647 680
648 681
648 682
649 683
649 684
650 685
650 686
651 687
651 688
652 689
652 690
653 691
653 692
654 693
654 694
655 695
655 696
656 697
656 698
657 699
657 700
658 701
658 702
659 703
659 704
660 705
660 706
661 707
661 708
662 709
662 710
663 711
663 712
664 713
664 714
665 715
665 716
666 717
666 718
667 719
667 720
668 721
668 722
669 723
669 724
670 725
670 726
671 727
671 728
672 729
672 730
673 731
673 732
674 733
674 734
675 735
675 736
676 737
676 738
677 739
677 740
678 741
678 742
679 743
679 744
680 745
680 746
681 747
681 748
682 749
682 750
683 751
683 4792
684 4764
684 4736
685 4708
685 4680
686 4652
686 4624
687 4596
687 4568
688 4540
688 4512
689 4484
689 4456
690 4428
690 4400
691 4372
691 4344
692 4316
692 4288
693 4260
693 4232
694 4204
694 4176
695 4148
695 4120
696 4092
696 4064
697 4036
697 4008
698 3980
698 3952
699 3924
699 3896
700 3868
700 3840
701 3812
701 3784
702 3756
702 3728
703 3700
703 3672
704 3644
704 3616
705 3588
705 3560
706 3532
706 3504
707 3476
707 3448
708 3420
708 3392
709 3364
709 3336
710 3308
710 3280
711 3252
711 3224
712 3196
712 3168
713 3140
713 3112
714 3084
714 3056
715 815
715 815
716 816
716 816
717 817
717 817
718 818
718 818
719 819
719 4817
720 752
720 4791
721 4763
721 4735
722 4707
722 4679
723 4651
723 4623
724 4595
724 4567
725 4539
725 4511
726 4483
726 4455
727 4427
727 4399
728 4371
728 4343
729 4315
729 4287
730 4259
730 4231
731 4203
731 4175
732 4147
732 4119
733 4091
733 4063
734 4035
734 4007
735 3979
735 3951
736 3923
736 3895
737 3867
737 3839
738 3811
738 3783
739 3755
739 3727
740 3699
740 3671
741 3643
741 3615
742 3587
742 3559
743 3531
743 3503
744 3475
744 3447
745 3419
745 3391
746 3363
746 3335
747 3307
747 3279
748 3251
748 3223
749 3195
749 3167
750 3139
750 3111
751 3083
751 3055
752 753
752 754
753 755
753 756
754 757
754 758
755 759
755 760
756 761
756 762
757 763
757 764
758 765
758 766
759 767
759 768
760 769
760 770
761 771
761 772
762 773
762 774
763 775
763 776
764 777
764 778
765 779
765 780
766 781
766 782
767 783
767 784
768 785
768 786
769 787
769 788
770 789
770 790
771 791
771 792
772 793
772 794
773 795
773 796
774 797
774 798
775 799
775 800
776 801
776 802
777 803
777 804
778 805
778 806
779 807
779 808
780 809
780 810
781 811
781 812
782 813
782 814
783 752
783 3054
784 3082
784 3110
785 3138
785 3166
786 3194
786 3222
787 3250
787 3278
788 3306
788 3334
789 3362
789 3390
790 3418
790 3446
791 3474
791 3502
792 3530
792 3558
793 3586
793 3614
794 3642
794 3670
795 3698
795 3726
796 3754
796 3782
797 3810
797 3838
798 3866
798 3894
799 3922
799 3950
800 3978
800 4006
801 4034
801 4062
802 4090
802 4118
803 4146
803 4174
804 4202
804 4230
805 4258
805 4286
806 4314
806 4342
807 4370
807 4398
808 4426
808 4454
809 4482
809 4510
810 4538
810 4566
811 4594
811 4622
812 4650
812 4678
813 4706
813 4734
814 4762
814 4790
815 882
816 882
817 883
818 883
819 820
819 821
820 822
820 823
821 824
821 825
822 826
822 827
823 828
823 829
824 830
824 831
825 832
825 833
826 834
826 835
827 836
827 837
828 838
828 839
829 840
829 841
830 842
830 843
831 844
831 845
832 846
832 847
833 848
833 849
834 850
834 851
835 852
835 853
836 854
836 855
837 856
837 857
838 858
838 859
839 860
839 861
840 862
840 863
841 864
841 865
842 866
842 867
843 868
843 869
844 870
844 871
845 872
845 873
846 874
846 875
847 876
847 877
848 878
848 879
849 880
849 881
850 4817
850 3053
851 3081
851 3109
852 3137
852 3165
853 3193
853 3221
854 3249
854 3277
855 3305
855 3333
856 3361
856 3389
857 3417
857 3445
858 3473
858 3501
859 3529
859 3557
860 3585
860 3613
861 3641
861 3669
862 3697
862 3725
863 3753
863 3781
864 3809
864 3837
865 3865
865 3893
866 3921
866 3949
867 3977
867 4005
868 4033
868 4061
869 4089
869 4117
870 4145
870 4173
871 4201
871 4229
872 4257
872 4285
873 4313
873 4341
874 4369
874 4397
875 4425
875 4453
876 4481
876 4509
877 4537
877 4565
878 4593
878 4621
879 4649
879 4677
880 4705
880 4733
881 4761
881 4789
882 884
883 4818
884 885
884 886
885 887
885 888
886 889
886 890
887 891
887 892
888 893
888 894
889 895
889 896
890 897
890 898
891 899
891 900
892 901
892 902
893 903
893 904
894 905
894 906
895 907
895 908
896 909
896 910
897 911
897 912
898 913
898 914
899 915
899 916
900 917
900 918
901 919
901 920
902 921
902 922
903 923
903 924
904 925
904 926
905 927
905 928
906 929
906 930
907 931
907 932
908 933
908 934
909 935
909 936
910 937
910 938
911 939
911 940
912 941
912 942
913 943
913 944
914 945
914 946
915 4818
915 3053
916 3081
916 3109
917 3137
917 3165
918 3193
918 3221
919 3249
919 3277
920 3305
920 3333
921 3361
921 3389
922 3417
922 3445
923 3473
923 3501
924 3529
924 3557
925 3585
925 3613
926 3641
926 3669
927 3697
927 3725
928 3753
928 3781
929 3809
929 3837
930 3865
930 3893
931 3921
931 3949
932 3977
932 4005
933 4033
933 4061
934 4089
934 4117
935 4145
935 4173
936 4201
936 4229
937 4257
937 4285
938 4313
938 4341
939 4369
939 4397
940 4425
940 4453
941 4481
941 4509
942 4537
942 4565
943 4593
943 4621
944 4649
944 4677
945 4705
945 4733
946 4761
946 4789
947 991
947 992
948 993
948 994
949 995
949 996
950 997
950 998
951 999
951 1000
952 1001
952 1002
953 1003
953 1004
954 1005
954 1006
955 1007
955 1008
956 1009
956 1010
957 1011
957 1012
958 1013
958 1014
959 1015
959 590
960 583
960 576
961 569
961 562
962 555
962 548
963 541
963 534
964 527
964 520
965 513
965 506
966 499
966 492
967 485
967 478
968 471
968 464
969 457
969 450
970 443
970 436
971 429
971 422
972 415
972 408
973 401
973 394
974 387
974 380
975 373
975 366
976 359
976 352
977 345
977 338
978 331
978 324
979 317
979 310
980 303
980 296
981 289
981 282
982 275
982 268
983 261
983 254
984 247
984 240
985 233
985 226
986 219
986 212
987 205
987 198
988 191
988 184
989 177
989 170
990 163
990 156
991 1016
991 1017
992 1018
992 1019
993 1020
993 1021
994 1022
994 1023
995 1024
995 1025
996 1026
996 1027
997 1028
997 1029
998 1030
998 1031
999 1032
999 1033
1000 1034
1000 1035
1001 1036
1001 1037
1002 1038
1002 1039
1003 1040
1003 1041
1004 1042
1004 1043
1005 1044
1005 1045
1006 1046
1006 1047
1007 1048
1007 1049
1008 1050
1008 1051
1009 1052
1009 1053
1010 1054
1010 1055
1011 1056
1011 1057
1012 1058
1012 1059
1013 1060
1013 1061
1014 1062
1014 1063
1015 1064
1015 1065
1016 1066
1016 1067
1017 1068
1017 1069
1018 1070
1018 1071
1019 1072
1019 1073
1020 1074
1020 1075
1021 1076
1021 1077
1022 1078
1022 1079
1023 1080
1023 1081
1024 1082
1024 1083
1025 1084
1025 1085
1026 1086
1026 1087
1027 1088
1027 1089
1028 1090
1028 1091
1029 1092
1029 1093
1030 1094
1030 1095
1031 1096
1031 1097
1032 1098
1032 1099
1033 1100
1033 1101
1034 1102
1034 4796
1035 4768
1035 4740
1036 4712
1036 4684
1037 4656
1037 4628
1038 4600
1038 4572
1039 4544
1039 4516
1040 4488
1040 4460
1041 4432
1041 4404
1042 4376
1042 4348
1043 4320
1043 4292
1044 4264
1044 4236
1045 4208
1045 4180
1046 4152
1046 4124
1047 4096
1047 4068
1048 4040
1048 4012
1049 3984
1049 3956
1050 3928
1050 3900
1051 3872
1051 3844
1052 3816
1052 3788
1053 3760
1053 3732
1054 3704
1054 3676
1055 3648
1055 3620
1056 3592
1056 3564
1057 3536
1057 3508
1058 3480
1058 3452
1059 3424
1059 3396
1060 3368
1060 3340
1061 3312
1061 3284
1062 3256
1062 3228
1063 3200
1063 3172
1064 3144
1064 3116
1065 3088
1065 3060
1066 1166
1066 1166
1067 1167
1067 1167
1068 1168
1068 1168
1069 1169
1069 1169
1070 1170
1070 4819
1071 1103
1071 4795
1072 4767
1072 4739
1073 4711
1073 4683
1074 4655
1074 4627
1075 4599
1075 4571
1076 4543
1076 4515
1077 4487
1077 4459
1078 4431
1078 4403
1079 4375
1079 4347
1080 4319
1080 4291
1081 4263
1081 4235
1082 4207
1082 4179
1083 4151
1083 4123
1084 4095
1084 4067
1085 4039
1085 4011
1086 3983
1086 3955
1087 3927
1087 3899
1088 3871
1088 3843
1089 3815
1089 3787
1090 3759
1090 3731
1091 3703
1091 3675
1092 3647
1092 3619
1093 3591
1093 3563
1094 3535
1094 3507
1095 3479
1095 3451
1096 3423
1096 3395
1097 3367
1097 3339
1098 3311
1098 3283
1099 3255
1099 3227
1100 3199
1100 3171
1101 3143
1101 3115
1102 3087
1102 3059
1103 1104
1103 1105
1104 1106
1104 1107
1105 1108
1105 1109
1106 1110
1106 1111
1107 1112
1107 1113
1108 1114
1108 1115
1109 1116
1109 1117
1110 1118
1110 1119
1111 1120
1111 1121
1112 1122
1112 1123
1113 1124
1113 1125
1114 1126
1114 1127
1115 1128
1115 1129
1116 1130
1116 1131
1117 1132
1117 1133
1118 1134
1118 1135
1119 1136
1119 1137
1120 1138
1120 1139
1121 1140
1121 1141
1122 1142
1122 1143
1123 1144
1123 1145
1124 1146
1124 1147
1125 1148
1125 1149
1126 1150
1126 1151
1127 1152
1127 1153
1128 1154
1128 1155
1129 1156
1129 1157
1130 1158
1130 1159
1131 1160
1131 1161
1132 1162
1132 1163
1133 1164
1133 1165
1134 1103
1134 3058
1135 3086
1135 3114
1136 3142
1136 3170
1137 3198
1137 3226
1138 3254
1138 3282
1139 3310
1139 3338
1140 3366
1140 3394
1141 3422
1141 3450
1142 3478
1142 3506
1143 3534
1143 3562
1144 3590
1144 3618
1145 3646
1145 3674
1146 3702
1146 3730
1147 3758
1147 3786
1148 3814
1148 3842
1149 3870
1149 3898
1150 3926
1150 3954
1151 3982
1151 4010
1152 4038
1152 4066
1153 4094
1153 4122
1154 4150
1154 4178
1155 4206
1155 4234
1156 4262
1156 4290
1157 4318
1157 4346
1158 4374
1158 4402
1159 4430
1159 4458
1160 4486
1160 4514
1161 4542
1161 4570
1162 4598
1162 4626
1163 4654
1163 4682
1164 4710
1164 4738
1165 4766
1165 4794
1166 1233
1167 1233
1168 1234
1169 1234
1170 1171
1170 1172
1171 1173
1171 1174
1172 1175
1172 1176
1173 1177
1173 1178
1174 1179
1174 1180
1175 1181
1175 1182
1176 1183
1176 1184
1177 1185
1177 1186
1178 1187
1178 1188
1179 1189
1179 1190
1180 1191
1180 1192
1181 1193
1181 1194
1182 1195
1182 1196
1183 1197
1183 1198
1184 1199
1184 1200
1185 1201
1185 1202
1186 1203
1186 1204
1187 1205
1187 1206
1188 1207
1188 1208
1189 1209
1189 1210
1190 1211
1190 1212
1191 1213
1191 1214
1192 1215
1192 1216
1193 1217
1193 1218
1194 1219
1194 1220
1195 1221
1195 1222
1196 1223
1196 1224
1197 1225
1197 1226
1198 1227
1198 1228
1199 1229
1199 1230
1200 1231
1200 1232
1201 4819
1201 3057
1202 3085
1202 3113
1203 3141
1203 3169
1204 3197
1204 3225
1205 3253
1205 3281
1206 3309
1206 3337
1207 3365
1207 3393
1208 3421
1208 3449
1209 3477
1209 3505
1210 3533
1210 3561
1211 3589
1211 3617
1212 3645
1212 3673
1213 3701
1213 3729
1214 3757
1214 3785
1215 3813
1215 3841
1216 3869
1216 3897
1217 3925
1217 3953
1218 3981
1218 4009
1219 4037
1219 4065
1220 4093
1220 4121
1221 4149
1221 4177
1222 4205
1222 4233
1223 4261
1223 4289
1224 4317
1224 4345
1225 4373
1225 4401
1226 4429
1226 4457
1227 4485
1227 4513
1228 4541
1228 4569
1229 4597
1229 4625
1230 4653
1230 4681
1231 4709
1231 4737
1232 4765
1232 4793
1233 1235
1234 4820
1235 1236
1235 1237
1236 1238
1236 1239
1237 1240
1237 1241
1238 1242
1238 1243
1239 1244
1239 1245
1240 1246
1240 1247
1241 1248
1241 1249
1242 1250
1242 1251
1243 1252
1243 1253
1244 1254
1244 1255
1245 1256
1245 1257
1246 1258
1246 1259
1247 1260
1247 1261
1248 1262
1248 1263
1249 1264
1249 1265
1250 1266
1250 1267
1251 1268
1251 1269
1252 1270
1252 1271
1253 1272
1253 1273
1254 1274
1254 1275
1255 1276
1255 1277
1256 1278
1256 1279
1257 1280
1257 1281
1258 1282
1258 1283
1259 1284
1259 1285
1260 1286
1260 1287
1261 1288
1261 1289
1262 1290
1262 1291
1263 1292
1263 1293
1264 1294
1264 1295
1265 1296
1265 1297
1266 4820
1266 3057
1267 3085
1267 3113
1268 3141
1268 3169
1269 3197
1269 3225
1270 3253
1270 3281
1271 3309
1271 3337
1272 3365
1272 3393
1273 3421
1273 3449
1274 3477
1274 3505
1275 3533
1275 3561
1276 3589
1276 3617
1277 3645
1277 3673
1278 3701
1278 3729
1279 3757
1279 3785
1280 3813
1280 3841
1281 3869
1281 3897
1282 3925
1282 3953
1283 3981
1283 4009
1284 4037
1284 4065
1285 4093
1285 4121
1286 4149
1286 4177
1287 4205
1287 4233
1288 4261
1288 4289
1289 4317
1289 4345
1290 4373
1290 4401
1291 4429
1291 4457
1292 4485
1292 4513
1293 4541
1293 4569
1294 4597
1294 4625
1295 4653
1295 4681
1296 4709
1296 4737
1297 4765
1297 4793
1298 1342
1298 1343
1299 1344
1299 1345
1300 1346
1300 1347
1301 1348
1301 1349
1302 1350
1302 1351
1303 1352
1303 1353
1304 1354
1304 1355
1305 1356
1305 1357
1306 1358
1306 1359
1307 1360
1307 1361
1308 1362
1308 1363
1309 1364
1309 1365
1310 1366
1310 591
1311 584
1311 577
1312 570
1312 563
1313 556
1313 549
1314 542
1314 535
1315 528
1315 521
1316 514
1316 507
1317 500
1317 493
1318 486
1318 479
1319 472
1319 465
1320 458
1320 451
1321 444
1321 437
1322 430
1322 423
1323 416
1323 409
1324 402
1324 395
1325 388
1325 381
1326 374
1326 367
1327 360
1327 353
1328 346
1328 339
1329 332
1329 325
1330 318
1330 311
1331 304
1331 297
1332 290
1332 283
1333 276
1333 269
1334 262
1334 255
1335 248
1335 241
1336 234
1336 227
1337 220
1337 213
1338 206
1338 199
1339 192
1339 185
1340 178
1340 171
1341 164
1341 157
1342 1367
1342 1368
1343 1369
1343 1370
1344 1371
1344 1372
1345 1373
1345 1374
1346 1375
1346 1376
1347 1377
1347 1378
1348 1379
1348 1380
1349 1381
1349 1382
1350 1383
1350 1384
1351 1385
1351 1386
1352 1387
1352 1388
1353 1389
1353 1390
1354 1391
1354 1392
1355 1393
1355 1394
1356 1395
1356 1396
1357 1397
1357 1398
1358 1399
1358 1400
1359 1401
1359 1402
1360 1403
1360 1404
1361 1405
1361 1406
1362 1407
1362 1408
1363 1409
1363 1410
1364 1411
1364 1412
1365 1413
1365 1414
1366 1415
1366 1416
1367 1417
1367 1418
1368 1419
1368 1420
1369 1421
1369 1422
1370 1423
1370 1424
1371 1425
1371 1426
1372 1427
1372 1428
1373 1429
1373 1430
1374 1431
1374 1432
1375 1433
1375 1434
1376 1435
1376 1436
1377 1437
1377 1438
1378 1439
1378 1440
1379 1441
1379 1442
1380 1443
1380 1444
1381 1445
1381 1446
1382 1447
1382 1448
1383 1449
1383 1450
1384 1451
1384 1452
1385 1453
1385 4800
1386 4772
1386 4744
1387 4716
1387 4688
1388 4660
1388 4632
1389 4604
1389 4576
1390 4548
1390 4520
1391 4492
1391 4464
1392 4436
1392 4408
1393 4380
1393 4352
1394 4324
1394 4296
1395 4268
1395 4240
1396 4212
1396 4184
1397 4156
1397 4128
1398 4100
1398 4072
1399 4044
1399 4016
1400 3988
1400 3960
1401 3932
1401 3904
1402 3876
1402 3848
1403 3820
1403 3792
1404 3764
1404 3736
1405 3708
1405 3680
1406 3652
1406 3624
1407 3596
1407 3568
1408 3540
1408 3512
1409 3484
1409 3456
1410 3428
1410 3400
1411 3372
1411 3344
1412 3316
1412 3288
1413 3260
1413 3232
1414 3204
1414 3176
1415 3148
1415 3120
1416 3092
1416 3064
1417 1517
1417 1517
1418 1518
1418 1518
1419 1519
1419 1519
1420 1520
1420 1520
1421 1521
1421 4821
1422 1454
1422 4799
1423 4771
1423 4743
1424 4715
1424 4687
1425 4659
1425 4631
1426 4603
1426 4575
1427 4547
1427 4519
1428 4491
1428 4463
1429 4435
1429 4407
1430 4379
1430 4351
1431 4323
1431 4295
1432 4267
1432 4239
1433 4211
1433 4183
1434 4155
1434 4127
1435 4099
1435 4071
1436 4043
1436 4015
1437 3987
1437 3959
1438 3931
1438 3903
1439 3875
1439 3847
1440 3819
1440 3791
1441 3763
1441 3735
1442 3707
1442 3679
1443 3651
1443 3623
1444 3595
1444 3567
1445 3539
1445 3511
1446 3483
1446 3455
1447 3427
1447 3399
1448 3371
1448 3343
1449 3315
1449 3287
1450 3259
1450 3231
1451 3203
1451 3175
1452 3147
1452 3119
1453 3091
1453 3063
1454 1455
1454 1456
1455 1457
1455 1458
1456 1459
1456 1460
1457 1461
1457 1462
1458 1463
1458 1464
1459 1465
1459 1466
1460 1467
1460 1468
1461 1469
1461 1470
1462 1471
1462 1472
1463 1473
1463 1474
1464 1475
1464 1476
1465 1477
1465 1478
1466 1479
1466 1480
1467 1481
1467 1482
1468 1483
1468 1484
1469 1485
1469 1486
1470 1487
1470 1488
1471 1489
1471 1490
1472 1491
1472 1492
1473 1493
1473 1494
1474 1495
1474 1496
1475 1497
1475 1498
1476 1499
1476 1500
1477 1501
1477 1502
1478 1503
1478 1504
1479 1505
1479 1506
1480 1507
1480 1508
1481 1509
1481 1510
1482 1511
1482 1512
1483 1513
1483 1514
1484 1515
1484 1516
1485 1454
1485 3062
1486 3090
1486 3118
1487 3146
1487 3174
1488 3202
1488 3230
1489 3258
1489 3286
1490 3314
1490 3342
1491 3370
1491 3398
1492 3426
1492 3454
1493 3482
1493 3510
1494 3538
1494 3566
1495 3594
1495 3622
1496 3650
1496 3678
1497 3706
1497 3734
1498 3762
1498 3790
1499 3818
1499 3846
1500 3874
1500 3902
1501 3930
1501 3958
1502 3986
1502 4014
1503 4042
1503 4070
1504 4098
1504 4126
1505 4154
1505 4182
1506 4210
1506 4238
1507 4266
1507 4294
1508 4322
1508 4350
1509 4378
1509 4406
1510 4434
1510 4462
1511 4490
1511 4518
1512 4546
1512 4574
1513 4602
1513 4630
1514 4658
1514 4686
1515 4714
1515 4742
1516 4770
1516 4798
1517 1584
1518 1584
1519 1585
1520 1585
1521 1522
1521 1523
1522 1524
1522 1525
1523 1526
1523 1527
1524 1528
1524 1529
1525 1530
1525 1531
1526 1532
1526 1533
1527 1534
1527 1535
1528 1536
1528 1537
1529 1538
1529 1539
1530 1540
1530 1541
1531 1542
1531 1543
1532 1544
1532 1545
1533 1546
1533 1547
1534 1548
1534 1549
1535 1550
1535 1551
1536 1552
1536 1553
1537 1554
1537 1555
1538 1556
1538 1557
1539 1558
1539 1559
1540 1560
1540 1561
1541 1562
1541 1563
1542 1564
1542 1565
1543 1566
1543 1567
1544 1568
1544 1569
1545 1570
1545 1571
1546 1572
1546 1573
1547 1574
1547 1575
1548 1576
1548 1577
1549 1578
1549 1579
1550 1580
1550 1581
1551 1582
1551 1583
1552 4821
1552 3061
1553 3089
1553 3117
1554 3145
1554 3173
1555 3201
1555 3229
1556 3257
1556 3285
1557 3313
1557 3341
1558 3369
1558 3397
1559 3425
1559 3453
1560 3481
1560 3509
1561 3537
1561 3565
1562 3593
1562 3621
1563 3649
1563 3677
1564 3705
1564 3733
1565 3761
1565 3789
1566 3817
1566 3845
1567 3873
1567 3901
1568 3929
1568 3957
1569 3985
1569 4013
1570 4041
1570 4069
1571 4097
1571 4125
1572 4153
1572 4181
1573 4209
1573 4237
1574 4265
1574 4293
1575 4321
1575 4349
1576 4377
1576 4405
1577 4433
1577 4461
1578 4489
1578 4517
1579 4545
1579 4573
1580 4601
1580 4629
1581 4657
1581 4685
1582 4713
1582 4741
1583 4769
1583 4797
1584 1586
1585 4822
1586 1587
1586 1588
1587 1589
1587 1590
1588 1591
1588 1592
1589 1593
1589 1594
1590 1595
1590 1596
1591 1597
1591 1598
1592 1599
1592 1600
1593 1601
1593 1602
1594 1603
1594 1604
1595 1605
1595 1606
1596 1607
1596 1608
1597 1609
1597 1610
1598 1611
1598 1612
1599 1613
1599 1614
1600 1615
1600 1616
1601 1617
1601 1618
1602 1619
1602 1620
1603 1621
1603 1622
1604 1623
1604 1624
1605 1625
1605 1626
1606 1627
1606 1628
1607 1629
1607 1630
1608 1631
1608 1632
1609 1633
1609 1634
1610 1635
1610 1636
1611 1637
1611 1638
1612 1639
1612 1640
1613 1641
1613 1642
1614 1643
1614 1644
1615 1645
1615 1646
1616 1647
1616 1648
1617 4822
1617 3061
1618 3089
1618 3117
1619 3145
1619 3173
1620 3201
1620 3229
1621 3257
1621 3285
1622 3313
1622 3341
1623 3369
1623 3397
1624 3425
1624 3453
1625 3481
1625 3509
1626 3537
1626 3565
1627 3593
1627 3621
1628 3649
1628 3677
1629 3705
1629 3733
1630 3761
1630 3789
1631 3817
1631 3845
1632 3873
1632 3901
1633 3929
1633 3957
1634 3985
1634 4013
1635 4041
1635 4069
1636 4097
1636 4125
1637 4153
1637 4181
1638 4209
1638 4237
1639 4265
1639 4293
1640 4321
1640 4349
1641 4377
1641 4405
1642 4433
1642 4461
1643 4489
1643 4517
1644 4545
1644 4573
1645 4601
1645 4629
1646 4657
1646 4685
1647 4713
1647 4741
1648 4769
1648 4797
1649 1693
1649 1694
1650 1695
1650 1696
1651 1697
1651 1698
1652 1699
1652 1700
1653 1701
1653 1702
1654 1703
1654 1704
1655 1705
1655 1706
1656 1707
1656 1708
1657 1709
1657 1710
1658 1711
1658 1712
1659 1713
1659 1714
1660 1715
1660 1716
1661 1717
1661 592
1662 585
1662 578
1663 571
1663 564
1664 557
1664 550
1665 543
1665 536
1666 529
1666 522
1667 515
1667 508
1668 501
1668 494
1669 487
1669 480
1670 473
1670 466
1671 459
1671 452
1672 445
1672 438
1673 431
1673 424
1674 417
1674 410
1675 403
1675 396
1676 389
1676 382
1677 375
1677 368
1678 361
1678 354
1679 347
1679 340
1680 333
1680 326
1681 319
1681 312
1682 305
1682 298
1683 291
1683 284
1684 277
1684 270
1685 263
1685 256
1686 249
1686 242
1687 235
1687 228
1688 221
1688 214
1689 207
1689 200
1690 193
1690 186
1691 179
1691 172
1692 165
1692 158
1693 1718
1693 1719
1694 1720
1694 1721
1695 1722
1695 1723
1696 1724
1696 1725
1697 1726
1697 1727
1698 1728
1698 1729
1699 1730
1699 1731
1700 1732
1700 1733
1701 1734
1701 1735
1702 1736
1702 1737
1703 1738
1703 1739
1704 1740
1704 1741
1705 1742
1705 1743
1706 1744
1706 1745
1707 1746
1707 1747
1708 1748
1708 1749
1709 1750
1709 1751
1710 1752
1710 1753
1711 1754
1711 1755
1712 1756
1712 1757
1713 1758
1713 1759
1714 1760
1714 1761
1715 1762
1715 1763
1716 1764
1716 1765
1717 1766
1717 1767
1718 1768
1718 1769
1719 1770
1719 1771
1720 1772
1720 1773
1721 1774
1721 1775
1722 1776
1722 1777
1723 1778
1723 1779
1724 1780
1724 1781
1725 1782
1725 1783
1726 1784
1726 1785
1727 1786
1727 1787
1728 1788
1728 1789
1729 1790
1729 1791
1730 1792
1730 1793
1731 1794
1731 1795
1732 1796
1732 1797
1733 1798
1733 1799
1734 1800
1734 1801
1735 1802
1735 1803
1736 1804
1736 4804
1737 4776
1737 4748
1738 4720
1738 4692
1739 4664
1739 4636
1740 4608
1740 4580
1741 4552
1741 4524
1742 4496
1742 4468
1743 4440
1743 4412
1744 4384
1744 4356
1745 4328
1745 4300
1746 4272
1746 4244
1747 4216
1747 4188
1748 4160
1748 4132
1749 4104
1749 4076
1750 4048
1750 4020
1751 3992
1751 3964
1752 3936
1752 3908
1753 3880
1753 3852
1754 3824
1754 3796
1755 3768
1755 3740
1756 3712
1756 3684
1757 3656
1757 3628
1758 3600
1758 3572
1759 3544
1759 3516
1760 3488
1760 3460
1761 3432
1761 3404
1762 3376
1762 3348
1763 3320
1763 3292
1764 3264
1764 3236
1765 3208
1765 3180
1766 3152
1766 3124
1767 3096
1767 3068
1768 1868
1768 1868
1769 1869
1769 1869
1770 1870
1770 1870
1771 1871
1771 1871
1772 1872
1772 4823
1773 1805
1773 4803
1774 4775
1774 4747
1775 4719
1775 4691
1776 4663
1776 4635
1777 4607
1777 4579
1778 4551
1778 4523
1779 4495
1779 4467
1780 4439
1780 4411
1781 4383
1781 4355
1782 4327
1782 4299
1783 4271
1783 4243
1784 4215
1784 4187
1785 4159
1785 4131
1786 4103
1786 4075
1787 4047
1787 4019
1788 3991
1788 3963
1789 3935
1789 3907
1790 3879
1790 3851
1791 3823
1791 3795
1792 3767
1792 3739
1793 3711
1793 3683
1794 3655
1794 3627
1795 3599
1795 3571
1796 3543
1796 3515
1797 3487
1797 3459
1798 3431
1798 3403
1799 3375
1799 3347
1800 3319
1800 3291
1801 3263
1801 3235
1802 3207
1802 3179
1803 3151
1803 3123
1804 3095
1804 3067
1805 1806
1805 1807
1806 1808
1806 1809
1807 1810
1807 1811
1808 1812
1808 1813
1809 1814
1809 1815
1810 1816
1810 1817
1811 1818
1811 1819
1812 1820
1812 1821
1813 1822
1813 1823
1814 1824
1814 1825
1815 1826
1815 1827
1816 1828
1816 1829
1817 1830
1817 1831
1818 1832
1818 1833
1819 1834
1819 1835
1820 1836
1820 1837
1821 1838
1821 1839
1822 1840
1822 1841
1823 1842
1823 1843
1824 1844
1824 1845
1825 1846
1825 1847
1826 1848
1826 1849
1827 1850
1827 1851
1828 1852
1828 1853
1829 1854
1829 1855
1830 1856
1830 1857
1831 1858
1831 1859
1832 1860
1832 1861
1833 1862
1833 1863
1834 1864
1834 1865
1835 1866
1835 1867
1836 1805
1836 3066
1837 3094
1837 3122
1838 3150
1838 3178
1839 3206
1839 3234
1840 3262
1840 3290
1841 3318
1841 3346
1842 3374
1842 3402
1843 3430
1843 3458
1844 3486
1844 3514
1845 3542
1845 3570
1846 3598
1846 3626
1847 3654
1847 3682
1848 3710
1848 3738
1849 3766
1849 3794
1850 3822
1850 3850
1851 3878
1851 3906
1852 3934
1852 3962
1853 3990
1853 4018
1854 4046
1854 4074
1855 4102
1855 4130
1856 4158
1856 4186
1857 4214
1857 4242
1858 4270
1858 4298
1859 4326
1859 4354
1860 4382
1860 4410
1861 4438
1861 4466
1862 4494
1862 4522
1863 4550
1863 4578
1864 4606
1864 4634
1865 4662
1865 4690
1866 4718
1866 4746
1867 4774
1867 4802
1868 1935
1869 1935
1870 1936
1871 1936
1872 1873
1872 1874
1873 1875
1873 1876
1874 1877
1874 1878
1875 1879
1875 1880
1876 1881
1876 1882
1877 1883
1877 1884
1878 1885
1878 1886
1879 1887
1879 1888
1880 1889
1880 1890
1881 1891
1881 1892
1882 1893
1882 1894
1883 1895
1883 1896
1884 1897
1884 1898
1885 1899
1885 1900
1886 1901
1886 1902
1887 1903
1887 1904
1888 1905
1888 1906
1889 1907
1889 1908
1890 1909
1890 1910
1891 1911
1891 1912
1892 1913
1892 1914
1893 1915
1893 1916
1894 1917
1894 1918
1895 1919
1895 1920
1896 1921
1896 1922
1897 1923
1897 1924
1898 1925
1898 1926
1899 1927
1899 1928
1900 1929
1900 1930
1901 1931
1901 1932
1902 1933
1902 1934
1903 4823
1903 3065
1904 3093
1904 3121
1905 3149
1905 3177
1906 3205
1906 3233
1907 3261
1907 3289
1908 3317
1908 3345
1909 3373
1909 3401
1910 3429
1910 3457
1911 3485
1911 3513
1912 3541
1912 3569
1913 3597
1913 3625
1914 3653
1914 3681
1915 3709
1915 3737
1916 3765
1916 3793
1917 3821
1917 3849
1918 3877
1918 3905
1919 3933
1919 3961
1920 3989
1920 4017
1921 4045
1921 4073
1922 4101
1922 4129
1923 4157
1923 4185
1924 4213
1924 4241
1925 4269
1925 4297
1926 4325
1926 4353
1927 4381
1927 4409
1928 4437
1928 4465
1929 4493
1929 4521
1930 4549
1930 4577
1931 4605
1931 4633
1932 4661
1932 4689
1933 4717
1933 4745
1934 4773
1934 4801
1935 1937
1936 4824
1937 1938
1937 1939
1938 1940
1938 1941
1939 1942
1939 1943
1940 1944
1940 1945
1941 1946
1941 1947
1942 1948
1942 1949
1943 1950
1943 1951
1944 1952
1944 1953
1945 1954
1945 1955
1946 1956
1946 1957
1947 1958
1947 1959
1948 1960
1948 1961
1949 1962
1949 1963
1950 1964
1950 1965
1951 1966
1951 1967
1952 1968
1952 1969
1953 1970
1953 1971
1954 1972
1954 1973
1955 1974
1955 1975
1956 1976
1956 1977
1957 1978
1957 1979
1958 1980
1958 1981
1959 1982
1959 1983
1960 1984
1960 1985
1961 1986
1961 1987
1962 1988
1962 1989
1963 1990
1963 1991
1964 1992
1964 1993
1965 1994
1965 1995
1966 1996
1966 1997
1967 1998
1967 1999
1968 4824
1968 3065
1969 3093
1969 3121
1970 3149
1970 3177
1971 3205
1971 3233
1972 3261
1972 3289
1973 3317
1973 3345
1974 3373
1974 3401
1975 3429
1975 3457
1976 3485
1976 3513
1977 3541
1977 3569
1978 3597
1978 3625
1979 3653
1979 3681
1980 3709
1980 3737
1981 3765
1981 3793
1982 3821
1982 3849
1983 3877
1983 3905
1984 3933
1984 3961
1985 3989
1985 4017
1986 4045
1986 4073
1987 4101
1987 4129
1988 4157
1988 4185
1989 4213
1989 4241
1990 4269
1990 4297
1991 4325
1991 4353
1992 4381
1992 4409
1993 4437
1993 4465
1994 4493
1994 4521
1995 4549
1995 4577
1996 4605
1996 4633
1997 4661
1997 4689
1998 4717
1998 4745
1999 4773
1999 4801
2000 2044
2000 2045
2001 2046
2001 2047
2002 2048
2002 2049
2003 2050
2003 2051
2004 2052
2004 2053
2005 2054
2005 2055
2006 2056
2006 2057
2007 2058
2007 2059
2008 2060
2008 2061
2009 2062
2009 2063
2010 2064
2010 2065
2011 2066
2011 2067
2012 2068
2012 593
2013 586
2013 579
2014 572
2014 565
2015 558
2015 551
2016 544
2016 537
2017 530
2017 523
2018 516
2018 509
2019 502
2019 495
2020 488
2020 481
2021 474
2021 467
2022 460
2022 453
2023 446
2023 439
2024 432
2024 425
2025 418
2025 411
2026 404
2026 397
2027 390
2027 383
2028 376
2028 369
2029 362
2029 355
2030 348
2030 341
2031 334
2031 327
2032 320
2032 313
2033 306
2033 299
2034 292
2034 285
2035 278
2035 271
2036 264
2036 257
2037 250
2037 243
2038 236
2038 229
2039 222
2039 215
2040 208
2040 201
2041 194
2041 187
2042 180
2042 173
2043 166
2043 159
2044 2069
2044 2070
2045 2071
2045 2072
2046 2073
2046 2074
2047 2075
2047 2076
2048 2077
2048 2078
2049 2079
2049 2080
2050 2081
2050 2082
2051 2083
2051 2084
2052 2085
2052 2086
2053 2087
2053 2088
2054 2089
2054 2090
2055 2091
2055 2092
2056 2093
2056 2094
2057 2095
2057 2096
2058 2097
2058 2098
2059 2099
2059 2100
2060 2101
2060 2102
2061 2103
2061 2104
2062 2105
2062 2106
2063 2107
2063 2108
2064 2109
2064 2110
2065 2111
2065 2112
2066 2113
2066 2114
2067 2115
2067 2116
2068 2117
2068 2118
2069 2119
2069 2120
2070 2121
2070 2122
2071 2123
2071 2124
2072 2125
2072 2126
2073 2127
2073 2128
2074 2129
2074 2130
2075 2131
2075 2132
2076 2133
2076 2134
2077 2135
2077 2136
2078 2137
2078 2138
2079 2139
2079 2140
2080 2141
2080 2142
2081 2143
2081 2144
2082 2145
2082 2146
2083 2147
2083 2148
2084 2149
2084 2150
2085 2151
2085 2152
2086 2153
2086 2154
2087 2155
2087 4808
2088 4780
2088 4752
2089 4724
2089 4696
2090 4668
2090 4640
2091 4612
2091 4584
2092 4556
2092 4528
2093 4500
2093 4472
2094 4444
2094 4416
2095 4388
2095 4360
2096 4332
2096 4304
2097 4276
2097 4248
2098 4220
2098 4192
2099 4164
2099 4136
2100 4108
2100 4080
2101 4052
2101 4024
2102 3996
2102 3968
2103 3940
2103 3912
2104 3884
2104 3856
2105 3828
2105 3800
2106 3772
2106 3744
2107 3716
2107 3688
2108 3660
2108 3632
2109 3604
2109 3576
2110 3548
2110 3520
2111 3492
2111 3464
2112 3436
2112 3408
2113 3380
2113 3352
2114 3324
2114 3296
2115 3268
2115 3240
2116 3212
2116 3184
2117 3156
2117 3128
2118 3100
2118 3072
2119 2219
2119 2219
2120 2220
2120 2220
2121 2221
2121 2221
2122 2222
2122 2222
2123 2223
2123 4825
2124 2156
2124 4807
2125 4779
2125 4751
2126 4723
2126 4695
2127 4667
2127 4639
2128 4611
2128 4583
2129 4555
2129 4527
2130 4499
2130 4471
2131 4443
2131 4415
2132 4387
2132 4359
2133 4331
2133 4303
2134 4275
2134 4247
2135 4219
2135 4191
2136 4163
2136 4135
2137 4107
2137 4079
2138 4051
2138 4023
2139 3995
2139 3967
2140 3939
2140 3911
2141 3883
2141 3855
2142 3827
2142 3799
2143 3771
2143 3743
2144 3715
2144 3687
2145 3659
2145 3631
2146 3603
2146 3575
2147 3547
2147 3519
2148 3491
2148 3463
2149 3435
2149 3407
2150 3379
2150 3351
2151 3323
2151 3295
2152 3267
2152 3239
2153 3211
2153 3183
2154 3155
2154 3127
2155 3099
2155 3071
2156 2157
2156 2158
2157 2159
2157 2160
2158 2161
2158 2162
2159 2163
2159 2164
2160 2165
2160 2166
2161 2167
2161 2168
2162 2169
2162 2170
2163 2171
2163 2172
2164 2173
2164 2174
2165 2175
2165 2176
2166 2177
2166 2178
2167 2179
2167 2180
2168 2181
2168 2182
2169 2183
2169 2184
2170 2185
2170 2186
2171 2187
2171 2188
2172 2189
2172 2190
2173 2191
2173 2192
2174 2193
2174 2194
2175 2195
2175 2196
2176 2197
2176 2198
2177 2199
2177 2200
2178 2201
2178 2202
2179 2203
2179 2204
2180 2205
2180 2206
2181 2207
2181 2208
2182 2209
2182 2210
2183 2211
2183 2212
2184 2213
2184 2214
2185 2215
2185 2216
2186 2217
2186 2218
2187 2156
2187 3070
2188 3098
2188 3126
2189 3154
2189 3182
2190 3210
2190 3238
2191 3266
2191 3294
2192 3322
2192 3350
2193 3378
2193 3406
2194 3434
2194 3462
2195 3490
2195 3518
2196 3546
2196 3574
2197 3602
2197 3630
2198 3658
2198 3686
2199 3714
2199 3742
2200 3770
2200 3798
2201 3826
2201 3854
2202 3882
2202 3910
2203 3938
2203 3966
2204 3994
2204 4022
2205 4050
2205 4078
2206 4106
2206 4134
2207 4162
2207 4190
2208 4218
2208 4246
2209 4274
2209 4302
2210 4330
2210 4358
2211 4386
2211 4414
2212 4442
2212 4470
2213 4498
2213 4526
2214 4554
2214 4582
2215 4610
2215 4638
2216 4666
2216 4694
2217 4722
2217 4750
2218 4778
2218 4806
2219 2286
2220 2286
2221 2287
2222 2287
2223 2224
2223 2225
2224 2226
2224 2227
2225 2228
2225 2229
2226 2230
2226 2231
2227 2232
2227 2233
2228 2234
2228 2235
2229 2236
2229 2237
2230 2238
2230 2239
2231 2240
2231 2241
2232 2242
2232 2243
2233 2244
2233 2245
2234 2246
2234 2247
2235 2248
2235 2249
2236 2250
2236 2251
2237 2252
2237 2253
2238 2254
2238 2255
2239 2256
2239 2257
2240 2258
2240 2259
2241 2260
2241 2261
2242 2262
2242 2263
2243 2264
2243 2265
2244 2266
2244 2267
2245 2268
2245 2269
2246 2270
2246 2271
2247 2272
2247 2273
2248 2274
2248 2275
2249 2276
2249 2277
2250 2278
2250 2279
2251 2280
2251 2281
2252 2282
2252 2283
2253 2284
2253 2285
2254 4825
2254 3069
2255 3097
2255 3125
2256 3153
2256 3181
2257 3209
2257 3237
2258 3265
2258 3293
2259 3321
2259 3349
2260 3377
2260 3405
2261 3433
2261 3461
2262 3489
2262 3517
2263 3545
2263 3573
2264 3601
2264 3629
2265 3657
2265 3685
2266 3713
2266 3741
2267 3769
2267 3797
2268 3825
2268 3853
2269 3881
2269 3909
2270 3937
2270 3965
2271 3993
2271 4021
2272 4049
2272 4077
2273 4105
2273 4133
2274 4161
2274 4189
2275 4217
2275 4245
2276 4273
2276 4301
2277 4329
2277 4357
2278 4385
2278 4413
2279 4441
2279 4469
2280 4497
2280 4525
2281 4553
2281 4581
2282 4609
2282 4637
2283 4665
2283 4693
2284 4721
2284 4749
2285 4777
2285 4805
2286 2288
2287 4826
2288 2289
2288 2290
2289 2291
2289 2292
2290 2293
2290 2294
2291 2295
2291 2296
2292 2297
2292 2298
2293 2299
2293 2300
2294 2301
2294 2302
2295 2303
2295 2304
2296 2305
2296 2306
2297 2307
2297 2308
2298 2309
2298 2310
2299 2311
2299 2312
2300 2313
2300 2314
2301 2315
2301 2316
2302 2317
2302 2318
2303 2319
2303 2320
2304 2321
2304 2322
2305 2323
2305 2324
2306 2325
2306 2326
2307 2327
2307 2328
2308 2329
2308 2330
2309 2331
2309 2332
2310 2333
2310 2334
2311 2335
2311 2336
2312 2337
2312 2338
2313 2339
2313 2340
2314 2341
2314 2342
2315 2343
2315 2344
2316 2345
2316 2346
2317 2347
2317 2348
2318 2349
2318 2350
2319 4826
2319 3069
2320 3097
2320 3125
2321 3153
2321 3181
2322 3209
2322 3237
2323 3265
2323 3293
2324 3321
2324 3349
2325 3377
2325 3405
2326 3433
2326 3461
2327 3489
2327 3517
2328 3545
2328 3573
2329 3601
2329 3629
2330 3657
2330 3685
2331 3713
2331 3741
2332 3769
2332 3797
2333 3825
2333 3853
2334 3881
2334 3909
2335 3937
2335 3965
2336 3993
2336 4021
2337 4049
2337 4077
2338 4105
2338 4133
2339 4161
2339 4189
2340 4217
2340 4245
2341 4273
2341 4301
2342 4329
2342 4357
2343 4385
2343 4413
2344 4441
2344 4469
2345 4497
2345 4525
2346 4553
2346 4581
2347 4609
2347 4637
2348 4665
2348 4693
2349 4721
2349 4749
2350 4777
2350 4805
2351 2395
2351 2396
2352 2397
2352 2398
2353 2399
2353 2400
2354 2401
2354 2402
2355 2403
2355 2404
2356 2405
2356 2406
2357 2407
2357 2408
2358 2409
2358 2410
2359 2411
2359 2412
2360 2413
2360 2414
2361 2415
2361 2416
2362 2417
2362 2418
2363 2419
2363 594
2364 587
2364 580
2365 573
2365 566
2366 559
2366 552
2367 545
2367 538
2368 531
2368 524
2369 517
2369 510
2370 503
2370 496
2371 489
2371 482
2372 475
2372 468
2373 461
2373 454
2374 447
2374 440
2375 433
2375 426
2376 419
2376 412
2377 405
2377 398
2378 391
2378 384
2379 377
2379 370
2380 363
2380 356
2381 349
2381 342
2382 335
2382 328
2383 321
2383 314
2384 307
2384 300
2385 293
2385 286
2386 279
2386 272
2387 265
2387 258
2388 251
2388 244
2389 237
2389 230
2390 223
2390 216
2391 209
2391 202
2392 195
2392 188
2393 181
2393 174
2394 167
2394 160
2395 2420
2395 2421
2396 2422
2396 2423
2397 2424
2397 2425
2398 2426
2398 2427
2399 2428
2399 2429
2400 2430
2400 2431
2401 2432
2401 2433
2402 2434
2402 2435
2403 2436
2403 2437
2404 2438
2404 2439
2405 2440
2405 2441
2406 2442
2406 2443
2407 2444
2407 2445
2408 2446
2408 2447
2409 2448
2409 2449
2410 2450
2410 2451
2411 2452
2411 2453
2412 2454
2412 2455
2413 2456
2413 2457
2414 2458
2414 2459
2415 2460
2415 2461
2416 2462
2416 2463
2417 2464
2417 2465
2418 2466
2418 2467
2419 2468
2419 2469
2420 2470
2420 2471
2421 2472
2421 2473
2422 2474
2422 2475
2423 2476
2423 2477
2424 2478
2424 2479
2425 2480
2425 2481
2426 2482
2426 2483
2427 2484
2427 2485
2428 2486
2428 2487
2429 2488
2429 2489
2430 2490
2430 2491
2431 2492
2431 2493
2432 2494
2432 2495
2433 2496
2433 2497
2434 2498
2434 2499
2435 2500
2435 2501
2436 2502
2436 2503
2437 2504
2437 2505
2438 2506
2438 4812
2439 4784
2439 4756
2440 4728
2440 4700
2441 4672
2441 4644
2442 4616
2442 4588
2443 4560
2443 4532
2444 4504
2444 4476
2445 4448
2445 4420
2446 4392
2446 4364
2447 4336
2447 4308
2448 4280
2448 4252
2449 4224
2449 4196
2450 4168
2450 4140
2451 4112
2451 4084
2452 4056
2452 4028
2453 4000
2453 3972
2454 3944
2454 3916
2455 3888
2455 3860
2456 3832
2456 3804
2457 3776
2457 3748
2458 3720
2458 3692
2459 3664
2459 3636
2460 3608
2460 3580
2461 3552
2461 3524
2462 3496
2462 3468
2463 3440
2463 3412
2464 3384
2464 3356
2465 3328
2465 3300
2466 3272
2466 3244
2467 3216
2467 3188
2468 3160
2468 3132
2469 3104
2469 3076
2470 2570
2470 2570
2471 2571
2471 2571
2472 2572
2472 2572
2473 2573
2473 2573
2474 2574
2474 4827
2475 2507
2475 4811
2476 4783
2476 4755
2477 4727
2477 4699
2478 4671
2478 4643
2479 4615
2479 4587
2480 4559
2480 4531
2481 4503
2481 4475
2482 4447
2482 4419
2483 4391
2483 4363
2484 4335
2484 4307
2485 4279
2485 4251
2486 4223
2486 4195
2487 4167
2487 4139
2488 4111
2488 4083
2489 4055
2489 4027
2490 3999
2490 3971
2491 3943
2491 3915
2492 3887
2492 3859
2493 3831
2493 3803
2494 3775
2494 3747
2495 3719
2495 3691
2496 3663
2496 3635
2497 3607
2497 3579
2498 3551
2498 3523
2499 3495
2499 3467
2500 3439
2500 3411
2501 3383
2501 3355
2502 3327
2502 3299
2503 3271
2503 3243
2504 3215
2504 3187
2505 3159
2505 3131
2506 3103
2506 3075
2507 2508
2507 2509
2508 2510
2508 2511
2509 2512
2509 2513
2510 2514
2510 2515
2511 2516
2511 2517
2512 2518
2512 2519
2513 2520
2513 2521
2514 2522
2514 2523
2515 2524
2515 2525
2516 2526
2516 2527
2517 2528
2517 2529
2518 2530
2518 2531
2519 2532
2519 2533
2520 2534
2520 2535
2521 2536
2521 2537
2522 2538
2522 2539
2523 2540
2523 2541
2524 2542
2524 2543
2525 2544
2525 2545
2526 2546
2526 2547
2527 2548
2527 2549
2528 2550
2528 2551
2529 2552
2529 2553
2530 2554
2530 2555
2531 2556
2531 2557
2532 2558
2532 2559
2533 2560
2533 2561
2534 2562
2534 2563
2535 2564
2535 2565
2536 2566
2536 2567
2537 2568
2537 2569
2538 2507
2538 3074
2539 3102
2539 3130
2540 3158
2540 3186
2541 3214
2541 3242
2542 3270
2542 3298
2543 3326
2543 3354
2544 3382
2544 3410
2545 3438
2545 3466
2546 3494
2546 3522
2547 3550
2547 3578
2548 3606
2548 3634
2549 3662
2549 3690
2550 3718
2550 3746
2551 3774
2551 3802
2552 3830
2552 3858
2553 3886
2553 3914
2554 3942
2554 3970
2555 3998
2555 4026
2556 4054
2556 4082
2557 4110
2557 4138
2558 4166
2558 4194
2559 4222
2559 4250
2560 4278
2560 4306
2561 4334
2561 4362
2562 4390
2562 4418
2563 4446
2563 4474
2564 4502
2564 4530
2565 4558
2565 4586
2566 4614
2566 4642
2567 4670
2567 4698
2568 4726
2568 4754
2569 4782
2569 4810
2570 2637
2571 2637
2572 2638
2573 2638
2574 2575
2574 2576
2575 2577
2575 2578
2576 2579
2576 2580
2577 2581
2577 2582
2578 2583
2578 2584
2579 2585
2579 2586
2580 2587
2580 2588
2581 2589
2581 2590
2582 2591
2582 2592
2583 2593
2583 2594
2584 2595
2584 2596
2585 2597
2585 2598
2586 2599
2586 2600
2587 2601
2587 2602
2588 2603
2588 2604
2589 2605
2589 2606
2590 2607
2590 2608
2591 2609
2591 2610
2592 2611
2592 2612
2593 2613
2593 2614
2594 2615
2594 2616
2595 2617
2595 2618
2596 2619
2596 2620
2597 2621
2597 2622
2598 2623
2598 2624
2599 2625
2599 2626
2600 2627
2600 2628
2601 2629
2601 2630
2602 2631
2602 2632
2603 2633
2603 2634
2604 2635
2604 2636
2605 4827
2605 3073
2606 3101
2606 3129
2607 3157
2607 3185
2608 3213
2608 3241
2609 3269
2609 3297
2610 3325
2610 3353
2611 3381
2611 3409
2612 3437
2612 3465
2613 3493
2613 3521
2614 3549
2614 3577
2615 3605
2615 3633
2616 3661
2616 3689
2617 3717
2617 3745
2618 3773
2618 3801
2619 3829
2619 3857
2620 3885
2620 3913
2621 3941
2621 3969
2622 3997
2622 4025
2623 4053
2623 4081
2624 4109
2624 4137
2625 4165
2625 4193
2626 4221
2626 4249
2627 4277
2627 4305
2628 4333
2628 4361
2629 4389
2629 4417
2630 4445
2630 4473
2631 4501
2631 4529
2632 4557
2632 4585
2633 4613
2633 4641
2634 4669
2634 4697
2635 4725
2635 4753
2636 4781
2636 4809
2637 2639
2638 4828
2639 2640
2639 2641
2640 2642
2640 2643
2641 2644
2641 2645
2642 2646
2642 2647
2643 2648
2643 2649
2644 2650
2644 2651
2645 2652
2645 2653
2646 2654
2646 2655
2647 2656
2647 2657
2648 2658
2648 2659
2649 2660
2649 2661
2650 2662
2650 2663
2651 2664
2651 2665
2652 2666
2652 2667
2653 2668
2653 2669
2654 2670
2654 2671
2655 2672
2655 2673
2656 2674
2656 2675
2657 2676
2657 2677
2658 2678
2658 2679
2659 2680
2659 2681
2660 2682
2660 2683
2661 2684
2661 2685
2662 2686
2662 2687
2663 2688
2663 2689
2664 2690
2664 2691
2665 2692
2665 2693
2666 2694
2666 2695
2667 2696
2667 2697
2668 2698
2668 2699
2669 2700
2669 2701
2670 4828
2670 3073
2671 3101
2671 3129
2672 3157
2672 3185
2673 3213
2673 3241
2674 3269
2674 3297
2675 3325
2675 3353
2676 3381
2676 3409
2677 3437
2677 3465
2678 3493
2678 3521
2679 3549
2679 3577
2680 3605
2680 3633
2681 3661
2681 3689
2682 3717
2682 3745
2683 3773
2683 3801
2684 3829
2684 3857
2685 3885
2685 3913
2686 3941
2686 3969
2687 3997
2687 4025
2688 4053
2688 4081
2689 4109
2689 4137
2690 4165
2690 4193
2691 4221
2691 4249
2692 4277
2692 4305
2693 4333
2693 4361
2694 4389
2694 4417
2695 4445
2695 4473
2696 4501
2696 4529
2697 4557
2697 4585
2698 4613
2698 4641
2699 4669
2699 4697
2700 4725
2700 4753
2701 4781
2701 4809
2702 2746
2702 2747
2703 2748
2703 2749
2704 2750
2704 2751
2705 2752
2705 2753
2706 2754
2706 2755
2707 2756
2707 2757
2708 2758
2708 2759
2709 2760
2709 2761
2710 2762
2710 2763
2711 2764
2711 2765
2712 2766
2712 2767
2713 2768
2713 2769
2714 2770
2714 595
2715 588
2715 581
2716 574
2716 567
2717 560
2717 553
2718 546
2718 539
2719 532
2719 525
2720 518
2720 511
2721 504
2721 497
2722 490
2722 483
2723 476
2723 469
2724 462
2724 455
2725 448
2725 441
2726 434
2726 427
2727 420
2727 413
2728 406
2728 399
2729 392
2729 385
2730 378
2730 371
2731 364
2731 357
2732 350
2732 343
2733 336
2733 329
2734 322
2734 315
2735 308
2735 301
2736 294
2736 287
2737 280
2737 273
2738 266
2738 259
2739 252
2739 245
2740 238
2740 231
2741 224
2741 217
2742 210
2742 203
2743 196
2743 189
2744 182
2744 175
2745 168
2745 161
2746 2771
2746 2772
2747 2773
2747 2774
2748 2775
2748 2776
2749 2777
2749 2778
2750 2779
2750 2780
2751 2781
2751 2782
2752 2783
2752 2784
2753 2785
2753 2786
2754 2787
2754 2788
2755 2789
2755 2790
2756 2791
2756 2792
2757 2793
2757 2794
2758 2795
2758 2796
2759 2797
2759 2798
2760 2799
2760 2800
2761 2801
2761 2802
2762 2803
2762 2804
2763 2805
2763 2806
2764 2807
2764 2808
2765 2809
2765 2810
2766 2811
2766 2812
2767 2813
2767 2814
2768 2815
2768 2816
2769 2817
2769 2818
2770 2819
2770 2820
2771 2821
2771 2822
2772 2823
2772 2824
2773 2825
2773 2826
2774 2827
2774 2828
2775 2829
2775 2830
2776 2831
2776 2832
2777 2833
2777 2834
2778 2835
2778 2836
2779 2837
2779 2838
2780 2839
2780 2840
2781 2841
2781 2842
2782 2843
2782 2844
2783 2845
2783 2846
2784 2847
2784 2848
2785 2849
2785 2850
2786 2851
2786 2852
2787 2853
2787 2854
2788 2855
2788 2856
2789 2857
2789 4816
2790 4788
2790 4760
2791 4732
2791 4704
2792 4676
2792 4648
2793 4620
2793 4592
2794 4564
2794 4536
2795 4508
2795 4480
2796 4452
2796 4424
2797 4396
2797 4368
2798 4340
2798 4312
2799 4284
2799 4256
2800 4228
2800 4200
2801 4172
2801 4144
2802 4116
2802 4088
2803 4060
2803 4032
2804 4004
2804 3976
2805 3948
2805 3920
2806 3892
2806 3864
2807 3836
2807 3808
2808 3780
2808 3752
2809 3724
2809 3696
2810 3668
2810 3640
2811 3612
2811 3584
2812 3556
2812 3528
2813 3500
2813 3472
2814 3444
2814 3416
2815 3388
2815 3360
2816 3332
2816 3304
2817 3276
2817 3248
2818 3220
2818 3192
2819 3164
2819 3136
2820 3108
2820 3080
2821 2921
2821 2921
2822 2922
2822 2922
2823 2923
2823 2923
2824 2924
2824 2924
2825 2925
2825 4829
2826 2858
2826 4815
2827 4787
2827 4759
2828 4731
2828 4703
2829 4675
2829 4647
2830 4619
2830 4591
2831 4563
2831 4535
2832 4507
2832 4479
2833 4451
2833 4423
2834 4395
2834 4367
2835 4339
2835 4311
2836 4283
2836 4255
2837 4227
2837 4199
2838 4171
2838 4143
2839 4115
2839 4087
2840 4059
2840 4031
2841 4003
2841 3975
2842 3947
2842 3919
2843 3891
2843 3863
2844 3835
2844 3807
2845 3779
2845 3751
2846 3723
2846 3695
2847 3667
2847 3639
2848 3611
2848 3583
2849 3555
2849 3527
2850 3499
2850 3471
2851 3443
2851 3415
2852 3387
2852 3359
2853 3331
2853 3303
2854 3275
2854 3247
2855 3219
2855 3191
2856 3163
2856 3135
2857 3107
2857 3079
2858 2859
2858 2860
2859 2861
2859 2862
2860 2863
2860 2864
2861 2865
2861 2866
2862 2867
2862 2868
2863 2869
2863 2870
2864 2871
2864 2872
2865 2873
2865 2874
2866 2875
2866 2876
2867 2877
2867 2878
2868 2879
2868 2880
2869 2881
2869 2882
2870 2883
2870 2884
2871 2885
2871 2886
2872 2887
2872 2888
2873 2889
2873 2890
2874 2891
2874 2892
2875 2893
2875 2894
2876 2895
2876 2896
2877 2897
2877 2898
2878 2899
2878 2900
2879 2901
2879 2902
2880 2903
2880 2904
2881 2905
2881 2906
2882 2907
2882 2908
2883 2909
2883 2910
2884 2911
2884 2912
2885 2913
2885 2914
2886 2915
2886 2916
2887 2917
2887 2918
2888 2919
2888 2920
2889 2858
2889 3078
2890 3106
2890 3134
2891 3162
2891 3190
2892 3218
2892 3246
2893 3274
2893 3302
2894 3330
2894 3358
2895 3386
2895 3414
2896 3442
2896 3470
2897 3498
2897 3526
2898 3554
2898 3582
2899 3610
2899 3638
2900 3666
2900 3694
2901 3722
2901 3750
2902 3778
2902 3806
2903 3834
2903 3862
2904 3890
2904 3918
2905 3946
2905 3974
2906 4002
2906 4030
2907 4058
2907 4086
2908 4114
2908 4142
2909 4170
2909 4198
2910 4226
2910 4254
2911 4282
2911 4310
2912 4338
2912 4366
2913 4394
2913 4422
2914 4450
2914 4478
2915 4506
2915 4534
2916 4562
2916 4590
2917 4618
2917 4646
2918 4674
2918 4702
2919 4730
2919 4758
2920 4786
2920 4814
2921 2988
2922 2988
2923 2989
2924 2989
2925 2926
2925 2927
2926 2928
2926 2929
2927 2930
2927 2931
2928 2932
2928 2933
2929 2934
2929 2935
2930 2936
2930 2937
2931 2938
2931 2939
2932 2940
2932 2941
2933 2942
2933 2943
2934 2944
2934 2945
2935 2946
2935 2947
2936 2948
2936 2949
2937 2950
2937 2951
2938 2952
2938 2953
2939 2954
2939 2955
2940 2956
2940 2957
2941 2958
2941 2959
2942 2960
2942 2961
2943 2962
2943 2963
2944 2964
2944 2965
2945 2966
2945 2967
2946 2968
2946 2969
2947 2970
2947 2971
2948 2972
2948 2973
2949 2974
2949 2975
2950 2976
2950 2977
2951 2978
2951 2979
2952 2980
2952 2981
2953 2982
2953 2983
2954 2984
2954 2985
2955 2986
2955 2987
2956 4829
2956 3077
2957 3105
2957 3133
2958 3161
2958 3189
2959 3217
2959 3245
2960 3273
2960 3301
2961 3329
2961 3357
2962 3385
2962 3413
2963 3441
2963 3469
2964 3497
2964 3525
2965 3553
2965 3581
2966 3609
2966 3637
2967 3665
2967 3693
2968 3721
2968 3749
2969 3777
2969 3805
2970 3833
2970 3861
2971 3889
2971 3917
2972 3945
2972 3973
2973 4001
2973 4029
2974 4057
2974 4085
2975 4113
2975 4141
2976 4169
2976 4197
2977 4225
2977 4253
2978 4281
2978 4309
2979 4337
2979 4365
2980 4393
2980 4421
2981 4449
2981 4477
2982 4505
2982 4533
2983 4561
2983 4589
2984 4617
2984 4645
2985 4673
2985 4701
2986 4729
2986 4757
2987 4785
2987 4813
2988 2990
2989 4830
2990 2991
2990 2992
2991 2993
2991 2994
2992 2995
2992 2996
2993 2997
2993 2998
2994 2999
2994 3000
2995 3001
2995 3002
2996 3003
2996 3004
2997 3005
2997 3006
2998 3007
2998 3008
2999 3009
2999 3010
3000 3011
3000 3012
3001 3013
3001 3014
3002 3015
3002 3016
3003 3017
3003 3018
3004 3019
3004 3020
3005 3021
3005 3022
3006 3023
3006 3024
3007 3025
3007 3026
3008 3027
3008 3028
3009 3029
3009 3030
3010 3031
3010 3032
3011 3033
3011 3034
3012 3035
3012 3036
3013 3037
3013 3038
3014 3039
3014 3040
3015 3041
3015 3042
3016 3043
3016 3044
3017 3045
3017 3046
3018 3047
3018 3048
3019 3049
3019 3050
3020 3051
3020 3052
3021 4830
3021 3077
3022 3105
3022 3133
3023 3161
3023 3189
3024 3217
3024 3245
3025 3273
3025 3301
3026 3329
3026 3357
3027 3385
3027 3413
3028 3441
3028 3469
3029 3497
3029 3525
3030 3553
3030 3581
3031 3609
3031 3637
3032 3665
3032 3693
3033 3721
3033 3749
3034 3777
3034 3805
3035 3833
3035 3861
3036 3889
3036 3917
3037 3945
3037 3973
3038 4001
3038 4029
3039 4057
3039 4085
3040 4113
3040 4141
3041 4169
3041 4197
3042 4225
3042 4253
3043 4281
3043 4309
3044 4337
3044 4365
3045 4393
3045 4421
3046 4449
3046 4477
3047 4505
3047 4533
3048 4561
3048 4589
3049 4617
3049 4645
3050 4673
3050 4701
3051 4729
3051 4757
3052 4785
3052 4813
3053 3054
3054 3055
3055 3056
3056 155
3057 3058
3058 3059
3059 3060
3060 156
3061 3062
3062 3063
3063 3064
3064 157
3065 3066
3066 3067
3067 3068
3068 158
3069 3070
3070 3071
3071 3072
3072 159
3073 3074
3074 3075
3075 3076
3076 160
3077 3078
3078 3079
3079 3080
3080 161
3081 3082
3082 3083
3083 3084
3084 162
3085 3086
3086 3087
3087 3088
3088 163
3089 3090
3090 3091
3091 3092
3092 164
3093 3094
3094 3095
3095 3096
3096 165
3097 3098
3098 3099
3099 3100
3100 166
3101 3102
3102 3103
3103 3104
3104 167
3105 3106
3106 3107
3107 3108
3108 168
3109 3110
3110 3111
3111 3112
3112 169
3113 3114
3114 3115
3115 3116
3116 170
3117 3118
3118 3119
3119 3120
3120 171
3121 3122
3122 3123
3123 3124
3124 172
3125 3126
3126 3127
3127 3128
3128 173
3129 3130
3130 3131
3131 3132
3132 174
3133 3134
3134 3135
3135 3136
3136 175
3137 3138
3138 3139
3139 3140
3140 176
3141 3142
3142 3143
3143 3144
3144 177
3145 3146
3146 3147
3147 3148
3148 178
3149 3150
3150 3151
3151 3152
3152 179
3153 3154
3154 3155
3155 3156
3156 180
3157 3158
3158 3159
3159 3160
3160 181
3161 3162
3162 3163
3163 3164
3164 182
3165 3166
3166 3167
3167 3168
3168 183
3169 3170
3170 3171
3171 3172
3172 184
3173 3174
3174 3175
3175 3176
3176 185
3177 3178
3178 3179
3179 3180
3180 186
3181 3182
3182 3183
3183 3184
3184 187
3185 3186
3186 3187
3187 3188
3188 188
3189 3190
3190 3191
3191 3192
3192 189
3193 3194
3194 3195
3195 3196
3196 190
3197 3198
3198 3199
3199 3200
3200 191
3201 3202
3202 3203
3203 3204
3204 192
3205 3206
3206 3207
3207 3208
3208 193
3209 3210
3210 3211
3211 3212
3212 194
3213 3214
3214 3215
3215 3216
3216 195
3217 3218
3218 3219
3219 3220
3220 196
3221 3222
3222 3223
3223 3224
3224 197
3225 3226
3226 3227
3227 3228
3228 198
3229 3230
3230 3231
3231 3232
3232 199
3233 3234
3234 3235
3235 3236
3236 200
3237 3238
3238 3239
3239 3240
3240 201
3241 3242
3242 3243
3243 3244
3244 202
3245 3246
3246 3247
3247 3248
3248 203
3249 3250
3250 3251
3251 3252
3252 204
3253 3254
3254 3255
3255 3256
3256 205
3257 3258
3258 3259
3259 3260
3260 206
3261 3262
3262 3263
3263 3264
3264 207
3265 3266
3266 3267
3267 3268
3268 208
3269 3270
3270 3271
3271 3272
3272 209
3273 3274
3274 3275
3275 3276
3276 210
3277 3278
3278 3279
3279 3280
3280 211
3281 3282
3282 3283
3283 3284
3284 212
3285 3286
3286 3287
3287 3288
3288 213
3289 3290
3290 3291
3291 3292
3292 214
3293 3294
3294 3295
3295 3296
3296 215
3297 3298
3298 3299
3299 3300
3300 216
3301 3302
3302 3303
3303 3304
3304 217
3305 3306
3306 3307
3307 3308
3308 218
3309 3310
3310 3311
3311 3312
3312 219
3313 3314
3314 3315
3315 3316
3316 220
3317 3318
3318 3319
3319 3320
3320 221
3321 3322
3322 3323
3323 3324
3324 222
3325 3326
3326 3327
3327 3328
3328 223
3329 3330
3330 3331
3331 3332
3332 224
3333 3334
3334 3335
3335 3336
3336 225
3337 3338
3338 3339
3339 3340
3340 226
3341 3342
3342 3343
3343 3344
3344 227
3345 3346
3346 3347
3347 3348
3348 228
3349 3350
3350 3351
3351 3352
3352 229
3353 3354
3354 3355
3355 3356
3356 230
3357 3358
3358 3359
3359 3360
3360 231
3361 3362
3362 3363
3363 3364
3364 232
3365 3366
3366 3367
3367 3368
3368 233
3369 3370
3370 3371
3371 3372
3372 234
3373 3374
3374 3375
3375 3376
3376 235
3377 3378
3378 3379
3379 3380
3380 236
3381 3382
3382 3383
3383 3384
3384 237
3385 3386
3386 3387
3387 3388
3388 238
3389 3390
3390 3391
3391 3392
3392 239
3393 3394
3394 3395
3395 3396
3396 240
3397 3398
3398 3399
3399 3400
3400 241
3401 3402
3402 3403
3403 3404
3404 242
3405 3406
3406 3407
3407 3408
3408 243
3409 3410
3410 3411
3411 3412
3412 244
3413 3414
3414 3415
3415 3416
3416 245
3417 3418
3418 3419
3419 3420
3420 246
3421 3422
3422 3423
3423 3424
3424 247
3425 3426
3426 3427
3427 3428
3428 248
3429 3430
3430 3431
3431 3432
3432 249
3433 3434
3434 3435
3435 3436
3436 250
3437 3438
3438 3439
3439 3440
3440 251
3441 3442
3442 3443
3443 3444
3444 252
3445 3446
3446 3447
3447 3448
3448 253
3449 3450
3450 3451
3451 3452
3452 254
3453 3454
3454 3455
3455 3456
3456 255
3457 3458
3458 3459
3459 3460
3460 256
3461 3462
3462 3463
3463 3464
3464 257
3465 3466
3466 3467
3467 3468
3468 258
3469 3470
3470 3471
3471 3472
3472 259
3473 3474
3474 3475
3475 3476
3476 260
3477 3478
3478 3479
3479 3480
3480 261
3481 3482
3482 3483
3483 3484
3484 262
3485 3486
3486 3487
3487 3488
3488 263
3489 3490
3490 3491
3491 3492
3492 264
3493 3494
3494 3495
3495 3496
3496 265
3497 3498
3498 3499
3499 3500
3500 266
3501 3502
3502 3503
3503 3504
3504 267
3505 3506
3506 3507
3507 3508
3508 268
3509 3510
3510 3511
3511 3512
3512 269
3513 3514
3514 3515
3515 3516
3516 270
3517 3518
3518 3519
3519 3520
3520 271
3521 3522
3522 3523
3523 3524
3524 272
3525 3526
3526 3527
3527 3528
3528 273
3529 3530
3530 3531
3531 3532
3532 274
3533 3534
3534 3535
3535 3536
3536 275
3537 3538
3538 3539
3539 3540
3540 276
3541 3542
3542 3543
3543 3544
3544 277
3545 3546
3546 3547
3547 3548
3548 278
3549 3550
3550 3551
3551 3552
3552 279
3553 3554
3554 3555
3555 3556
3556 280
3557 3558
3558 3559
3559 3560
3560 281
3561 3562
3562 3563
3563 3564
3564 282
3565 3566
3566 3567
3567 3568
3568 283
3569 3570
3570 3571
3571 3572
3572 284
3573 3574
3574 3575
3575 3576
3576 285
3577 3578
3578 3579
3579 3580
3580 286
3581 3582
3582 3583
3583 3584
3584 287
3585 3586
3586 3587
3587 3588
3588 288
3589 3590
3590 3591
3591 3592
3592 289
3593 3594
3594 3595
3595 3596
3596 290
3597 3598
3598 3599
3599 3600
3600 291
3601 3602
3602 3603
3603 3604
3604 292
3605 3606
3606 3607
3607 3608
3608 293
3609 3610
3610 3611
3611 3612
3612 294
3613 3614
3614 3615
3615 3616
3616 295
3617 3618
3618 3619
3619 3620
3620 296
3621 3622
3622 3623
3623 3624
3624 297
3625 3626
3626 3627
3627 3628
3628 298
3629 3630
3630 3631
3631 3632
3632 299
3633 3634
3634 3635
3635 3636
3636 300
3637 3638
3638 3639
3639 3640
3640 301
3641 3642
3642 3643
3643 3644
3644 302
3645 3646
3646 3647
3647 3648
3648 303
3649 3650
3650 3651
3651 3652
3652 304
3653 3654
3654 3655
3655 3656
3656 305
3657 3658
3658 3659
3659 3660
3660 306
3661 3662
3662 3663
3663 3664
3664 307
3665 3666
3666 3667
3667 3668
3668 308
3669 3670
3670 3671
3671 3672
3672 309
3673 3674
3674 3675
3675 3676
3676 310
3677 3678
3678 3679
3679 3680
3680 311
3681 3682
3682 3683
3683 3684
3684 312
3685 3686
3686 3687
3687 3688
3688 313
3689 3690
3690 3691
3691 3692
3692 314
3693 3694
3694 3695
3695 3696
3696 315
3697 3698
3698 3699
3699 3700
3700 316
3701 3702
3702 3703
3703 3704
3704 317
3705 3706
3706 3707
3707 3708
3708 318
3709 3710
3710 3711
3711 3712
3712 319
3713 3714
3714 3715
3715 3716
3716 320
3717 3718
3718 3719
3719 3720
3720 321
3721 3722
3722 3723
3723 3724
3724 322
3725 3726
3726 3727
3727 3728
3728 323
3729 3730
3730 3731
3731 3732
3732 324
3733 3734
3734 3735
3735 3736
3736 325
3737 3738
3738 3739
3739 3740
3740 326
3741 3742
3742 3743
3743 3744
3744 327
3745 3746
3746 3747
3747 3748
3748 328
3749 3750
3750 3751
3751 3752
3752 329
3753 3754
3754 3755
3755 3756
3756 330
3757 3758
3758 3759
3759 3760
3760 331
3761 3762
3762 3763
3763 3764
3764 332
3765 3766
3766 3767
3767 3768
3768 333
3769 3770
3770 3771
3771 3772
3772 334
3773 3774
3774 3775
3775 3776
3776 335
3777 3778
3778 3779
3779 3780
3780 336
3781 3782
3782 3783
3783 3784
3784 337
3785 3786
3786 3787
3787 3788
3788 338
3789 3790
3790 3791
3791 3792
3792 339
3793 3794
3794 3795
3795 3796
3796 340
3797 3798
3798 3799
3799 3800
3800 341
3801 3802
3802 3803
3803 3804
3804 342
3805 3806
3806 3807
3807 3808
3808 343
3809 3810
3810 3811
3811 3812
3812 344
3813 3814
3814 3815
3815 3816
3816 345
3817 3818
3818 3819
3819 3820
3820 346
3821 3822
3822 3823
3823 3824
3824 347
3825 3826
3826 3827
3827 3828
3828 348
3829 3830
3830 3831
3831 3832
3832 349
3833 3834
3834 3835
3835 3836
3836 350
3837 3838
3838 3839
3839 3840
3840 351
3841 3842
3842 3843
3843 3844
3844 352
3845 3846
3846 3847
3847 3848
3848 353
3849 3850
3850 3851
3851 3852
3852 354
3853 3854
3854 3855
3855 3856
3856 355
3857 3858
3858 3859
3859 3860
3860 356
3861 3862
3862 3863
3863 3864
3864 357
3865 3866
3866 3867
3867 3868
3868 358
3869 3870
3870 3871
3871 3872
3872 359
3873 3874
3874 3875
3875 3876
3876 360
3877 3878
3878 3879
3879 3880
3880 361
3881 3882
3882 3883
3883 3884
3884 362
3885 3886
3886 3887
3887 3888
3888 363
3889 3890
3890 3891
3891 3892
3892 364
3893 3894
3894 3895
3895 3896
3896 365
3897 3898
3898 3899
3899 3900
3900 366
3901 3902
3902 3903
3903 3904
3904 367
3905 3906
3906 3907
3907 3908
3908 368
3909 3910
3910 3911
3911 3912
3912 369
3913 3914
3914 3915
3915 3916
3916 370
3917 3918
3918 3919
3919 3920
3920 371
3921 3922
3922 3923
3923 3924
3924 372
3925 3926
3926 3927
3927 3928
3928 373
3929 3930
3930 3931
3931 3932
3932 374
3933 3934
3934 3935
3935 3936
3936 375
3937 3938
3938 3939
3939 3940
3940 376
3941 3942
3942 3943
3943 3944
3944 377
3945 3946
3946 3947
3947 3948
3948 378
3949 3950
3950 3951
3951 3952
3952 379
3953 3954
3954 3955
3955 3956
3956 380
3957 3958
3958 3959
3959 3960
3960 381
3961 3962
3962 3963
3963 3964
3964 382
3965 3966
3966 3967
3967 3968
3968 383
3969 3970
3970 3971
3971 3972
3972 384
3973 3974
3974 3975
3975 3976
3976 385
3977 3978
3978 3979
3979 3980
3980 386
3981 3982
3982 3983
3983 3984
3984 387
3985 3986
3986 3987
3987 3988
3988 388
3989 3990
3990 3991
3991 3992
3992 389
3993 3994
3994 3995
3995 3996
3996 390
3997 3998
3998 3999
3999 4000
4000 391
4001 4002
4002 4003
4003 4004
4004 392
4005 4006
4006 4007
4007 4008
4008 393
4009 4010
4010 4011
4011 4012
4012 394
4013 4014
4014 4015
4015 4016
4016 395
4017 4018
4018 4019
4019 4020
4020 396
4021 4022
4022 4023
4023 4024
4024 397
4025 4026
4026 4027
4027 4028
4028 398
4029 4030
4030 4031
4031 4032
4032 399
4033 4034
4034 4035
4035 4036
4036 400
4037 4038
4038 4039
4039 4040
4040 401
4041 4042
4042 4043
4043 4044
4044 402
4045 4046
4046 4047
4047 4048
4048 403
4049 4050
4050 4051
4051 4052
4052 404
4053 4054
4054 4055
4055 4056
4056 405
4057 4058
4058 4059
4059 4060
4060 406
4061 4062
4062 4063
4063 4064
4064 407
4065 4066
4066 4067
4067 4068
4068 408
4069 4070
4070 4071
4071 4072
4072 409
4073 4074
4074 4075
4075 4076
4076 410
4077 4078
4078 4079
4079 4080
4080 411
4081 4082
4082 4083
4083 4084
4084 412
4085 4086
4086 4087
4087 4088
4088 413
4089 4090
4090 4091
4091 4092
4092 414
4093 4094
4094 4095
4095 4096
4096 415
4097 4098
4098 4099
4099 4100
4100 416
4101 4102
4102 4103
4103 4104
4104 417
4105 4106
4106 4107
4107 4108
4108 418
4109 4110
4110 4111
4111 4112
4112 419
4113 4114
4114 4115
4115 4116
4116 420
4117 4118
4118 4119
4119 4120
4120 421
4121 4122
4122 4123
4123 4124
4124 422
4125 4126
4126 4127
4127 4128
4128 423
4129 4130
4130 4131
4131 4132
4132 424
4133 4134
4134 4135
4135 4136
4136 425
4137 4138
4138 4139
4139 4140
4140 426
4141 4142
4142 4143
4143 4144
4144 427
4145 4146
4146 4147
4147 4148
4148 428
4149 4150
4150 4151
4151 4152
4152 429
4153 4154
4154 4155
4155 4156
4156 430
4157 4158
4158 4159
4159 4160
4160 431
4161 4162
4162 4163
4163 4164
4164 432
4165 4166
4166 4167
4167 4168
4168 433
4169 4170
4170 4171
4171 4172
4172 434
4173 4174
4174 4175
4175 4176
4176 435
4177 4178
4178 4179
4179 4180
4180 436
4181 4182
4182 4183
4183 4184
4184 437
4185 4186
4186 4187
4187 4188
4188 438
4189 4190
4190 4191
4191 4192
4192 439
4193 4194
4194 4195
4195 4196
4196 440
4197 4198
4198 4199
4199 4200
4200 441
4201 4202
4202 4203
4203 4204
4204 442
4205 4206
4206 4207
4207 4208
4208 443
4209 4210
4210 4211
4211 4212
4212 444
4213 4214
4214 4215
4215 4216
4216 445
4217 4218
4218 4219
4219 4220
4220 446
4221 4222
4222 4223
4223 4224
4224 447
4225 4226
4226 4227
4227 4228
4228 448
4229 4230
4230 4231
4231 4232
4232 449
4233 4234
4234 4235
4235 4236
4236 450
4237 4238
4238 4239
4239 4240
4240 451
4241 4242
4242 4243
4243 4244
4244 452
4245 4246
4246 4247
4247 4248
4248 453
4249 4250
4250 4251
4251 4252
4252 454
4253 4254
4254 4255
4255 4256
4256 455
4257 4258
4258 4259
4259 4260
4260 456
4261 4262
4262 4263
4263 4264
4264 457
4265 4266
4266 4267
4267 4268
4268 458
4269 4270
4270 4271
4271 4272
4272 459
4273 4274
4274 4275
4275 4276
4276 460
4277 4278
4278 4279
4279 4280
4280 461
4281 4282
4282 4283
4283 4284
4284 462
4285 4286
4286 4287
4287 4288
4288 463
4289 4290
4290 4291
4291 4292
4292 464
4293 4294
4294 4295
4295 4296
4296 465
4297 4298
4298 4299
4299 4300
4300 466
4301 4302
4302 4303
4303 4304
4304 467
4305 4306
4306 4307
4307 4308
4308 468
4309 4310
4310 4311
4311 4312
4312 469
4313 4314
4314 4315
4315 4316
4316 470
4317 4318
4318 4319
4319 4320
4320 471
4321 4322
4322 4323
4323 4324
4324 472
4325 4326
4326 4327
4327 4328
4328 473
4329 4330
4330 4331
4331 4332
4332 474
4333 4334
4334 4335
4335 4336
4336 475
4337 4338
4338 4339
4339 4340
4340 476
4341 4342
4342 4343
4343 4344
4344 477
4345 4346
4346 4347
4347 4348
4348 478
4349 4350
4350 4351
4351 4352
4352 479
4353 4354
4354 4355
4355 4356
4356 480
4357 4358
4358 4359
4359 4360
4360 481
4361 4362
4362 4363
4363 4364
4364 482
4365 4366
4366 4367
4367 4368
4368 483
4369 4370
4370 4371
4371 4372
4372 484
4373 4374
4374 4375
4375 4376
4376 485
4377 4378
4378 4379
4379 4380
4380 486
4381 4382
4382 4383
4383 4384
4384 487
4385 4386
4386 4387
4387 4388
4388 488
4389 4390
4390 4391
4391 4392
4392 489
4393 4394
4394 4395
4395 4396
4396 490
4397 4398
4398 4399
4399 4400
4400 491
4401 4402
4402 4403
4403 4404
4404 492
4405 4406
4406 4407
4407 4408
4408 493
4409 4410
4410 4411
4411 4412
4412 494
4413 4414
4414 4415
4415 4416
4416 495
4417 4418
4418 4419
4419 4420
4420 496
4421 4422
4422 4423
4423 4424
4424 497
4425 4426
4426 4427
4427 4428
4428 498
4429 4430
4430 4431
4431 4432
4432 499
4433 4434
4434 4435
4435 4436
4436 500
4437 4438
4438 4439
4439 4440
4440 501
4441 4442
4442 4443
4443 4444
4444 502
4445 4446
4446 4447
4447 4448
4448 503
4449 4450
4450 4451
4451 4452
4452 504
4453 4454
4454 4455
4455 4456
4456 505
4457 4458
4458 4459
4459 4460
4460 506
4461 4462
4462 4463
4463 4464
4464 507
4465 4466
4466 4467
4467 4468
4468 508
4469 4470
4470 4471
4471 4472
4472 509
4473 4474
4474 4475
4475 4476
4476 510
4477 4478
4478 4479
4479 4480
4480 511
4481 4482
4482 4483
4483 4484
4484 512
4485 4486
4486 4487
4487 4488
4488 513
4489 4490
4490 4491
4491 4492
4492 514
4493 4494
4494 4495
4495 4496
4496 515
4497 4498
4498 4499
4499 4500
4500 516
4501 4502
4502 4503
4503 4504
4504 517
4505 4506
4506 4507
4507 4508
4508 518
4509 4510
4510 4511
4511 4512
4512 519
4513 4514
4514 4515
4515 4516
4516 520
4517 4518
4518 4519
4519 4520
4520 521
4521 4522
4522 4523
4523 4524
4524 522
4525 4526
4526 4527
4527 4528
4528 523
4529 4530
4530 4531
4531 4532
4532 524
4533 4534
4534 4535
4535 4536
4536 525
4537 4538
4538 4539
4539 4540
4540 526
4541 4542
4542 4543
4543 4544
4544 527
4545 4546
4546 4547
4547 4548
4548 528
4549 4550
4550 4551
4551 4552
4552 529
4553 4554
4554 4555
4555 4556
4556 530
4557 4558
4558 4559
4559 4560
4560 531
4561 4562
4562 4563
4563 4564
4564 532
4565 4566
4566 4567
4567 4568
4568 533
4569 4570
4570 4571
4571 4572
4572 534
4573 4574
4574 4575
4575 4576
4576 535
4577 4578
4578 4579
4579 4580
4580 536
4581 4582
4582 4583
4583 4584
4584 537
4585 4586
4586 4587
4587 4588
4588 538
4589 4590
4590 4591
4591 4592
4592 539
4593 4594
4594 4595
4595 4596
4596 540
4597 4598
4598 4599
4599 4600
4600 541
4601 4602
4602 4603
4603 4604
4604 542
4605 4606
4606 4607
4607 4608
4608 543
4609 4610
4610 4611
4611 4612
4612 544
4613 4614
4614 4615
4615 4616
4616 545
4617 4618
4618 4619
4619 4620
4620 546
4621 4622
4622 4623
4623 4624
4624 547
4625 4626
4626 4627
4627 4628
4628 548
4629 4630
4630 4631
4631 4632
4632 549
4633 4634
4634 4635
4635 4636
4636 550
4637 4638
4638 4639
4639 4640
4640 551
4641 4642
4642 4643
4643 4644
4644 552
4645 4646
4646 4647
4647 4648
4648 553
4649 4650
4650 4651
4651 4652
4652 554
4653 4654
4654 4655
4655 4656
4656 555
4657 4658
4658 4659
4659 4660
4660 556
4661 4662
4662 4663
4663 4664
4664 557
4665 4666
4666 4667
4667 4668
4668 558
4669 4670
4670 4671
4671 4672
4672 559
4673 4674
4674 4675
4675 4676
4676 560
4677 4678
4678 4679
4679 4680
4680 561
4681 4682
4682 4683
4683 4684
4684 562
4685 4686
4686 4687
4687 4688
4688 563
4689 4690
4690 4691
4691 4692
4692 564
4693 4694
4694 4695
4695 4696
4696 565
4697 4698
4698 4699
4699 4700
4700 566
4701 4702
4702 4703
4703 4704
4704 567
4705 4706
4706 4707
4707 4708
4708 568
4709 4710
4710 4711
4711 4712
4712 569
4713 4714
4714 4715
4715 4716
4716 570
4717 4718
4718 4719
4719 4720
4720 571
4721 4722
4722 4723
4723 4724
4724 572
4725 4726
4726 4727
4727 4728
4728 573
4729 4730
4730 4731
4731 4732
4732 574
4733 4734
4734 4735
4735 4736
4736 575
4737 4738
4738 4739
4739 4740
4740 576
4741 4742
4742 4743
4743 4744
4744 577
4745 4746
4746 4747
4747 4748
4748 578
4749 4750
4750 4751
4751 4752
4752 579
4753 4754
4754 4755
4755 4756
4756 580
4757 4758
4758 4759
4759 4760
4760 581
4761 4762
4762 4763
4763 4764
4764 582
4765 4766
4766 4767
4767 4768
4768 583
4769 4770
4770 4771
4771 4772
4772 584
4773 4774
4774 4775
4775 4776
4776 585
4777 4778
4778 4779
4779 4780
4780 586
4781 4782
4782 4783
4783 4784
4784 587
4785 4786
4786 4787
4787 4788
4788 588
4789 4790
4790 4791
4791 4792
4792 589
4793 4794
4794 4795
4795 4796
4796 590
4797 4798
4798 4799
4799 4800
4800 591
4801 4802
4802 4803
4803 4804
4804 592
4805 4806
4806 4807
4807 4808
4808 593
4809 4810
4810 4811
4811 4812
4812 594
4813 4814
4814 4815
4815 4816
4816 595
4817 819
4818 884
4819 1170
4820 1235
4821 1521
4822 1586
4823 1872
4824 1937
4825 2223
4826 2288
4827 2574
4828 2639
4829 2925
4830 2990
