3480 4770
1 907
1 908
2 1517
2 1518
3 2127
3 2128
4 909
4 910
5 1519
5 1520
6 2129
6 2130
7 911
7 912
8 1521
8 1522
9 2131
9 2132
10 913
10 914
11 1523
11 1524
12 2133
12 2134
13 915
13 916
14 1525
14 1526
15 2135
15 2136
16 917
16 918
17 1527
17 1528
18 2137
18 2138
19 919
19 920
20 1529
20 1530
21 2139
21 2140
22 921
22 922
23 1531
23 1532
24 2141
24 2142
25 923
25 924
26 1533
26 1534
27 2143
27 2144
28 925
28 926
29 1535
29 1536
30 2145
30 2146
31 927
31 928
32 1537
32 1538
33 2147
33 2148
34 929
34 930
35 1539
35 1540
36 2149
36 2150
37 931
37 932
38 1541
38 1542
39 2151
39 2152
40 933
40 934
41 1543
41 1544
42 2153
42 2154
43 935
43 936
44 1545
44 1546
45 2155
45 2156
46 937
46 938
47 1547
47 1548
48 2157
48 2158
49 939
49 940
50 1549
50 1550
51 2159
51 2160
52 941
52 942
53 1551
53 1552
54 2161
54 2162
55 943
55 944
56 1553
56 1554
57 2163
57 2164
58 945
58 946
59 1555
59 1556
60 2165
60 2166
61 947
61 948
62 1557
62 1558
63 2167
63 2168
64 949
64 950
65 1559
65 1560
66 2169
66 2170
67 951
67 952
68 1561
68 1562
69 2171
69 2172
70 953
70 954
71 1563
71 1564
72 2173
72 2174
73 955
73 956
74 1565
74 1566
75 2175
75 2176
76 957
76 958
77 1567
77 1568
78 2177
78 2178
79 959
79 960
80 1569
80 1570
81 2179
81 2180
82 961
82 962
83 1571
83 1572
84 2181
84 2182
85 963
85 964
86 1573
86 1574
87 2183
87 2184
88 965
88 966
89 1575
89 1576
90 2185
90 2186
91 967
91 968
92 1577
92 1578
93 2187
93 2188
94 969
94 970
95 1579
95 1580
96 2189
96 2190
97 971
97 972
98 1581
98 1582
99 2191
99 2192
100 973
100 974
101 1583
101 1584
102 2193
102 2194
103 975
103 976
104 1585
104 1586
105 2195
105 2196
106 977
106 978
107 1587
107 1588
108 2197
108 2198
109 979
109 980
110 1589
110 1590
111 2199
111 2200
112 981
112 982
113 1591
113 1592
114 2201
114 2202
115 983
115 984
116 1593
116 1594
117 2203
117 2204
118 985
118 986
119 1595
119 1596
120 2205
120 2206
121 987
121 988
122 1597
122 1598
123 2207
123 2208
124 989
124 990
125 1599
125 1600
126 2209
126 2210
127 991
127 992
128 1601
128 1602
129 2211
129 2212
130 993
130 994
131 1603
131 1604
132 2213
132 2214
133 995
133 996
134 1605
134 1606
135 2215
135 2216
136 997
136 998
137 1607
137 1608
138 2217
138 2218
139 999
139 1000
140 1609
140 1610
141 2219
141 2220
142 1001
142 1002
143 1611
143 1612
144 2221
144 2222
145 1003
145 1004
146 1613
146 1614
147 2223
147 2224
148 1005
148 1006
149 1615
149 1616
150 2225
150 2226
151 1007
151 1008
152 1617
152 1618
153 2227
153 2228
154 1009
154 1010
155 1619
155 1620
156 2229
156 2230
157 1011
157 1012
158 1621
158 1622
159 2231
159 2232
160 1013
160 1014
161 1623
161 1624
162 2233
162 2234
163 1015
163 1016
164 1625
164 1626
165 2235
165 2236
166 1017
166 1018
167 1627
167 1628
168 2237
168 2238
169 1019
169 1020
170 1629
170 1630
171 2239
171 2240
172 1021
172 1022
173 1631
173 1632
174 2241
174 2242
175 1023
175 1024
176 1633
176 1634
177 2243
177 2244
178 1025
178 1026
179 1635
179 1636
180 2245
180 2246
181 1027
181 1028
182 1637
182 1638
183 2247
183 2248
907 1273
907 3466
908 1029
908 904
909 901
909 898
910 895
910 892
911 889
911 886
912 883
912 880
913 877
913 874
914 871
914 868
915 865
915 862
916 859
916 856
917 853
917 850
918 847
918 844
919 841
919 838
920 835
920 832
921 829
921 826
922 823
922 820
923 817
923 814
924 811
924 808
925 805
925 802
926 799
926 796
927 793
927 790
928 787
928 784
929 781
929 778
930 775
930 772
931 769
931 766
932 763
932 760
933 757
933 754
934 751
934 748
935 745
935 742
936 739
936 736
937 733
937 730
938 727
938 724
939 721
939 718
940 715
940 712
941 709
941 706
942 703
942 700
943 697
943 694
944 691
944 688
945 685
945 682
946 679
946 676
947 673
947 670
948 667
948 664
949 661
949 658
950 655
950 652
951 649
951 646
952 643
952 640
953 637
953 634
954 631
954 628
955 625
955 622
956 619
956 616
957 613
957 610
958 607
958 604
959 601
959 598
960 595
960 592
961 589
961 586
962 583
962 580
963 577
963 574
964 571
964 568
965 565
965 562
966 559
966 556
967 553
967 550
968 547
968 544
969 541
969 538
970 535
970 532
971 529
971 526
972 523
972 520
973 517
973 514
974 511
974 508
975 505
975 502
976 499
976 496
977 493
977 490
978 487
978 484
979 481
979 478
980 475
980 472
981 469
981 466
982 463
982 460
983 457
983 454
984 451
984 448
985 445
985 442
986 439
986 436
987 433
987 430
988 427
988 424
989 421
989 418
990 415
990 412
991 409
991 406
992 403
992 400
993 397
993 394
994 391
994 388
995 385
995 382
996 379
996 376
997 373
997 370
998 367
998 364
999 361
999 358
1000 355
1000 352
1001 349
1001 346
1002 343
1002 340
1003 337
1003 334
1004 331
1004 328
1005 325
1005 322
1006 319
1006 316
1007 313
1007 310
1008 307
1008 304
1009 301
1009 298
1010 295
1010 292
1011 289
1011 286
1012 283
1012 280
1013 277
1013 274
1014 271
1014 268
1015 265
1015 262
1016 259
1016 256
1017 253
1017 250
1018 247
1018 244
1019 241
1019 238
1020 235
1020 232
1021 229
1021 226
1022 223
1022 220
1023 217
1023 214
1024 211
1024 208
1025 205
1025 202
1026 199
1026 196
1027 193
1027 190
1028 187
1028 184
1029 1030
1029 1031
1030 1032
1030 1033
1031 1034
1031 1035
1032 1036
1032 1037
1033 1038
1033 1039
1034 1040
1034 1041
1035 1042
1035 1043
1036 1044
1036 1045
1037 1046
1037 1047
1038 1048
1038 1049
1039 1050
1039 1051
1040 1052
1040 1053
1041 1054
1041 1055
1042 1056
1042 1057
1043 1058
1043 1059
1044 1060
1044 3462
1045 1061
1045 1062
1046 1063
1046 1064
1047 1065
1047 1066
1048 1067
1048 1068
1049 1069
1049 1070
1050 1071
1050 1072
1051 1073
1051 1074
1052 1075
1052 1076
1053 1077
1053 1078
1054 1079
1054 1080
1055 1081
1055 1082
1056 1083
1056 1084
1057 1085
1057 1086
1058 1087
1058 1088
1059 1089
1059 1090
1060 1091
1060 3461
1061 1092
1061 1093
1062 1094
1062 1095
1063 1096
1063 1097
1064 1098
1064 1099
1065 1100
1065 1101
1066 1102
1066 1103
1067 1104
1067 1105
1068 1106
1068 1107
1069 1108
1069 1109
1070 1110
1070 1111
1071 1112
1071 1113
1072 1114
1072 1115
1073 1116
1073 1117
1074 1118
1074 1119
1075 1120
1075 1121
1076 1122
1076 1123
1077 1124
1077 1125
1078 1126
1078 1127
1079 1128
1079 1129
1080 1130
1080 1131
1081 1132
1081 1133
1082 1134
1082 1135
1083 1136
1083 1137
1084 1138
1084 1139
1085 1140
1085 1141
1086 1142
1086 1143
1087 1144
1087 1145
1088 1146
1088 1147
1089 1148
1089 1149
1090 1150
1090 1151
1091 1152
1091 3460
1092 1153
1092 1154
1093 1155
1093 1156
1094 1157
1094 1158
1095 1159
1095 1160
1096 1161
1096 1162
1097 1163
1097 1164
1098 1165
1098 1166
1099 1167
1099 1168
1100 1169
1100 1170
1101 1171
1101 1172
1102 1173
1102 1174
1103 1175
1103 1176
1104 1177
1104 1178
1105 1179
1105 1180
1106 1181
1106 1182
1107 1183
1107 1184
1108 1185
1108 1186
1109 1187
1109 1188
1110 1189
1110 1190
1111 1191
1111 1192
1112 1193
1112 1194
1113 1195
1113 1196
1114 1197
1114 1198
1115 1199
1115 1200
1116 1201
1116 1202
1117 1203
1117 1204
1118 1205
1118 1206
1119 1207
1119 1208
1120 1209
1120 1210
1121 1211
1121 1212
1122 1213
1122 1214
1123 1215
1123 1216
1124 1217
1124 1218
1125 1219
1125 1220
1126 1221
1126 1222
1127 1223
1127 1224
1128 1225
1128 1226
1129 1227
1129 1228
1130 1229
1130 1230
1131 1231
1131 1232
1132 1233
1132 1234
1133 1235
1133 1236
1134 1237
1134 1238
1135 1239
1135 1240
1136 1241
1136 1242
1137 1243
1137 1244
1138 1245
1138 1246
1139 1247
1139 1248
1140 1249
1140 1250
1141 1251
1141 1252
1142 1253
1142 1254
1143 1255
1143 1256
1144 1257
1144 1258
1145 1259
1145 1260
1146 1261
1146 1262
1147 1263
1147 1264
1148 1265
1148 1266
1149 1267
1149 1268
1150 1269
1150 1270
1151 1271
1151 1272
1152 3460
1152 2737
1153 2740
1153 2743
1154 2746
1154 2749
1155 2752
1155 2755
1156 2758
1156 2761
1157 2764
1157 2767
1158 2770
1158 2773
1159 2776
1159 2779
1160 2782
1160 2785
1161 2788
1161 2791
1162 2794
1162 2797
1163 2800
1163 2803
1164 2806
1164 2809
1165 2812
1165 2815
1166 2818
1166 2821
1167 2824
1167 2827
1168 2830
1168 2833
1169 2836
1169 2839
1170 2842
1170 2845
1171 2848
1171 2851
1172 2854
1172 2857
1173 2860
1173 2863
1174 2866
1174 2869
1175 2872
1175 2875
1176 2878
1176 2881
1177 2884
1177 2887
1178 2890
1178 2893
1179 2896
1179 2899
1180 2902
1180 2905
1181 2908
1181 2911
1182 2914
1182 2917
1183 2920
1183 2923
1184 2926
1184 2929
1185 2932
1185 2935
1186 2938
1186 2941
1187 2944
1187 2947
1188 2950
1188 2953
1189 2956
1189 2959
1190 2962
1190 2965
1191 2968
1191 2971
1192 2974
1192 2977
1193 2980
1193 2983
1194 2986
1194 2989
1195 2992
1195 2995
1196 2998
1196 3001
1197 3004
1197 3007
1198 3010
1198 3013
1199 3016
1199 3019
1200 3022
1200 3025
1201 3028
1201 3031
1202 3034
1202 3037
1203 3040
1203 3043
1204 3046
1204 3049
1205 3052
1205 3055
1206 3058
1206 3061
1207 3064
1207 3067
1208 3070
1208 3073
1209 3076
1209 3079
1210 3082
1210 3085
1211 3088
1211 3091
1212 3094
1212 3097
1213 3100
1213 3103
1214 3106
1214 3109
1215 3112
1215 3115
1216 3118
1216 3121
1217 3124
1217 3127
1218 3130
1218 3133
1219 3136
1219 3139
1220 3142
1220 3145
1221 3148
1221 3151
1222 3154
1222 3157
1223 3160
1223 3163
1224 3166
1224 3169
1225 3172
1225 3175
1226 3178
1226 3181
1227 3184
1227 3187
1228 3190
1228 3193
1229 3196
1229 3199
1230 3202
1230 3205
1231 3208
1231 3211
1232 3214
1232 3217
1233 3220
1233 3223
1234 3226
1234 3229
1235 3232
1235 3235
1236 3238
1236 3241
1237 3244
1237 3247
1238 3250
1238 3253
1239 3256
1239 3259
1240 3262
1240 3265
1241 3268
1241 3271
1242 3274
1242 3277
1243 3280
1243 3283
1244 3286
1244 3289
1245 3292
1245 3295
1246 3298
1246 3301
1247 3304
1247 3307
1248 3310
1248 3313
1249 3316
1249 3319
1250 3322
1250 3325
1251 3328
1251 3331
1252 3334
1252 3337
1253 3340
1253 3343
1254 3346
1254 3349
1255 3352
1255 3355
1256 3358
1256 3361
1257 3364
1257 3367
1258 3370
1258 3373
1259 3376
1259 3379
1260 3382
1260 3385
1261 3388
1261 3391
1262 3394
1262 3397
1263 3400
1263 3403
1264 3406
1264 3409
1265 3412
1265 3415
1266 3418
1266 3421
1267 3424
1267 3427
1268 3430
1268 3433
1269 3436
1269 3439
1270 3442
1270 3445
1271 3448
1271 3451
1272 3454
1272 3457
1273 1274
1273 1275
1274 1276
1274 1277
1275 1278
1275 1279
1276 1280
1276 1281
1277 1282
1277 1283
1278 1284
1278 1285
1279 1286
1279 1287
1280 1288
1280 1289
1281 1290
1281 1291
1282 1292
1282 1293
1283 1294
1283 1295
1284 1296
1284 1297
1285 1298
1285 1299
1286 1300
1286 1301
1287 1302
1287 1303
1288 1304
1288 3465
1289 1305
1289 1306
1290 1307
1290 1308
1291 1309
1291 1310
1292 1311
1292 1312
1293 1313
1293 1314
1294 1315
1294 1316
1295 1317
1295 1318
1296 1319
1296 1320
1297 1321
1297 1322
1298 1323
1298 1324
1299 1325
1299 1326
1300 1327
1300 1328
1301 1329
1301 1330
1302 1331
1302 1332
1303 1333
1303 1334
1304 1335
1304 3464
1305 1336
1305 1337
1306 1338
1306 1339
1307 1340
1307 1341
1308 1342
1308 1343
1309 1344
1309 1345
1310 1346
1310 1347
1311 1348
1311 1349
1312 1350
1312 1351
1313 1352
1313 1353
1314 1354
1314 1355
1315 1356
1315 1357
1316 1358
1316 1359
1317 1360
1317 1361
1318 1362
1318 1363
1319 1364
1319 1365
1320 1366
1320 1367
1321 1368
1321 1369
1322 1370
1322 1371
1323 1372
1323 1373
1324 1374
1324 1375
1325 1376
1325 1377
1326 1378
1326 1379
1327 1380
1327 1381
1328 1382
1328 1383
1329 1384
1329 1385
1330 1386
1330 1387
1331 1388
1331 1389
1332 1390
1332 1391
1333 1392
1333 1393
1334 1394
1334 1395
1335 1396
1335 3463
1336 1397
1336 1398
1337 1399
1337 1400
1338 1401
1338 1402
1339 1403
1339 1404
1340 1405
1340 1406
1341 1407
1341 1408
1342 1409
1342 1410
1343 1411
1343 1412
1344 1413
1344 1414
1345 1415
1345 1416
1346 1417
1346 1418
1347 1419
1347 1420
1348 1421
1348 1422
1349 1423
1349 1424
1350 1425
1350 1426
1351 1427
1351 1428
1352 1429
1352 1430
1353 1431
1353 1432
1354 1433
1354 1434
1355 1435
1355 1436
1356 1437
1356 1438
1357 1439
1357 1440
1358 1441
1358 1442
1359 1443
1359 1444
1360 1445
1360 1446
1361 1447
1361 1448
1362 1449
1362 1450
1363 1451
1363 1452
1364 1453
1364 1454
1365 1455
1365 1456
1366 1457
1366 1458
1367 1459
1367 1460
1368 1461
1368 1462
1369 1463
1369 1464
1370 1465
1370 1466
1371 1467
1371 1468
1372 1469
1372 1470
1373 1471
1373 1472
1374 1473
1374 1474
1375 1475
1375 1476
1376 1477
1376 1478
1377 1479
1377 1480
1378 1481
1378 1482
1379 1483
1379 1484
1380 1485
1380 1486
1381 1487
1381 1488
1382 1489
1382 1490
1383 1491
1383 1492
1384 1493
1384 1494
1385 1495
1385 1496
1386 1497
1386 1498
1387 1499
1387 1500
1388 1501
1388 1502
1389 1503
1389 1504
1390 1505
1390 1506
1391 1507
1391 1508
1392 1509
1392 1510
1393 1511
1393 1512
1394 1513
1394 1514
1395 1515
1395 1516
1396 3463
1396 2737
1397 2740
1397 2743
1398 2746
1398 2749
1399 2752
1399 2755
1400 2758
1400 2761
1401 2764
1401 2767
1402 2770
1402 2773
1403 2776
1403 2779
1404 2782
1404 2785
1405 2788
1405 2791
1406 2794
1406 2797
1407 2800
1407 2803
1408 2806
1408 2809
1409 2812
1409 2815
1410 2818
1410 2821
1411 2824
1411 2827
1412 2830
1412 2833
1413 2836
1413 2839
1414 2842
1414 2845
1415 2848
1415 2851
1416 2854
1416 2857
1417 2860
1417 2863
1418 2866
1418 2869
1419 2872
1419 2875
1420 2878
1420 2881
1421 2884
1421 2887
1422 2890
1422 2893
1423 2896
1423 2899
1424 2902
1424 2905
1425 2908
1425 2911
1426 2914
1426 2917
1427 2920
1427 2923
1428 2926
1428 2929
1429 2932
1429 2935
1430 2938
1430 2941
1431 2944
1431 2947
1432 2950
1432 2953
1433 2956
1433 2959
1434 2962
1434 2965
1435 2968
1435 2971
1436 2974
1436 2977
1437 2980
1437 2983
1438 2986
1438 2989
1439 2992
1439 2995
1440 2998
1440 3001
1441 3004
1441 3007
1442 3010
1442 3013
1443 3016
1443 3019
1444 3022
1444 3025
1445 3028
1445 3031
1446 3034
1446 3037
1447 3040
1447 3043
1448 3046
1448 3049
1449 3052
1449 3055
1450 3058
1450 3061
1451 3064
1451 3067
1452 3070
1452 3073
1453 3076
1453 3079
1454 3082
1454 3085
1455 3088
1455 3091
1456 3094
1456 3097
1457 3100
1457 3103
1458 3106
1458 3109
1459 3112
1459 3115
1460 3118
1460 3121
1461 3124
1461 3127
1462 3130
1462 3133
1463 3136
1463 3139
1464 3142
1464 3145
1465 3148
1465 3151
1466 3154
1466 3157
1467 3160
1467 3163
1468 3166
1468 3169
1469 3172
1469 3175
1470 3178
1470 3181
1471 3184
1471 3187
1472 3190
1472 3193
1473 3196
1473 3199
1474 3202
1474 3205
1475 3208
1475 3211
1476 3214
1476 3217
1477 3220
1477 3223
1478 3226
1478 3229
1479 3232
1479 3235
1480 3238
1480 3241
1481 3244
1481 3247
1482 3250
1482 3253
1483 3256
1483 3259
1484 3262
1484 3265
1485 3268
1485 3271
1486 3274
1486 3277
1487 3280
1487 3283
1488 3286
1488 3289
1489 3292
1489 3295
1490 3298
1490 3301
1491 3304
1491 3307
1492 3310
1492 3313
1493 3316
1493 3319
1494 3322
1494 3325
1495 3328
1495 3331
1496 3334
1496 3337
1497 3340
1497 3343
1498 3346
1498 3349
1499 3352
1499 3355
1500 3358
1500 3361
1501 3364
1501 3367
1502 3370
1502 3373
1503 3376
1503 3379
1504 3382
1504 3385
1505 3388
1505 3391
1506 3394
1506 3397
1507 3400
1507 3403
1508 3406
1508 3409
1509 3412
1509 3415
1510 3418
1510 3421
1511 3424
1511 3427
1512 3430
1512 3433
1513 3436
1513 3439
1514 3442
1514 3445
1515 3448
1515 3451
1516 3454
1516 3457
1517 1883
1517 3473
1518 1639
1518 905
1519 902
1519 899
1520 896
1520 893
1521 890
1521 887
1522 884
1522 881
1523 878
1523 875
1524 872
1524 869
1525 866
1525 863
1526 860
1526 857
1527 854
1527 851
1528 848
1528 845
1529 842
1529 839
1530 836
1530 833
1531 830
1531 827
1532 824
1532 821
1533 818
1533 815
1534 812
1534 809
1535 806
1535 803
1536 800
1536 797
1537 794
1537 791
1538 788
1538 785
1539 782
1539 779
1540 776
1540 773
1541 770
1541 767
1542 764
1542 761
1543 758
1543 755
1544 752
1544 749
1545 746
1545 743
1546 740
1546 737
1547 734
1547 731
1548 728
1548 725
1549 722
1549 719
1550 716
1550 713
1551 710
1551 707
1552 704
1552 701
1553 698
1553 695
1554 692
1554 689
1555 686
1555 683
1556 680
1556 677
1557 674
1557 671
1558 668
1558 665
1559 662
1559 659
1560 656
1560 653
1561 650
1561 647
1562 644
1562 641
1563 638
1563 635
1564 632
1564 629
1565 626
1565 623
1566 620
1566 617
1567 614
1567 611
1568 608
1568 605
1569 602
1569 599
1570 596
1570 593
1571 590
1571 587
1572 584
1572 581
1573 578
1573 575
1574 572
1574 569
1575 566
1575 563
1576 560
1576 557
1577 554
1577 551
1578 548
1578 545
1579 542
1579 539
1580 536
1580 533
1581 530
1581 527
1582 524
1582 521
1583 518
1583 515
1584 512
1584 509
1585 506
1585 503
1586 500
1586 497
1587 494
1587 491
1588 488
1588 485
1589 482
1589 479
1590 476
1590 473
1591 470
1591 467
1592 464
1592 461
1593 458
1593 455
1594 452
1594 449
1595 446
1595 443
1596 440
1596 437
1597 434
1597 431
1598 428
1598 425
1599 422
1599 419
1600 416
1600 413
1601 410
1601 407
1602 404
1602 401
1603 398
1603 395
1604 392
1604 389
1605 386
1605 383
1606 380
1606 377
1607 374
1607 371
1608 368
1608 365
1609 362
1609 359
1610 356
1610 353
1611 350
1611 347
1612 344
1612 341
1613 338
1613 335
1614 332
1614 329
1615 326
1615 323
1616 320
1616 317
1617 314
1617 311
1618 308
1618 305
1619 302
1619 299
1620 296
1620 293
1621 290
1621 287
1622 284
1622 281
1623 278
1623 275
1624 272
1624 269
1625 266
1625 263
1626 260
1626 257
1627 254
1627 251
1628 248
1628 245
1629 242
1629 239
1630 236
1630 233
1631 230
1631 227
1632 224
1632 221
1633 218
1633 215
1634 212
1634 209
1635 206
1635 203
1636 200
1636 197
1637 194
1637 191
1638 188
1638 185
1639 1640
1639 1641
1640 1642
1640 1643
1641 1644
1641 1645
1642 1646
1642 1647
1643 1648
1643 1649
1644 1650
1644 1651
1645 1652
1645 1653
1646 1654
1646 1655
1647 1656
1647 1657
1648 1658
1648 1659
1649 1660
1649 1661
1650 1662
1650 1663
1651 1664
1651 1665
1652 1666
1652 1667
1653 1668
1653 1669
1654 1670
1654 3469
1655 1671
1655 1672
1656 1673
1656 1674
1657 1675
1657 1676
1658 1677
1658 1678
1659 1679
1659 1680
1660 1681
1660 1682
1661 1683
1661 1684
1662 1685
1662 1686
1663 1687
1663 1688
1664 1689
1664 1690
1665 1691
1665 1692
1666 1693
1666 1694
1667 1695
1667 1696
1668 1697
1668 1698
1669 1699
1669 1700
1670 1701
1670 3468
1671 1702
1671 1703
1672 1704
1672 1705
1673 1706
1673 1707
1674 1708
1674 1709
1675 1710
1675 1711
1676 1712
1676 1713
1677 1714
1677 1715
1678 1716
1678 1717
1679 1718
1679 1719
1680 1720
1680 1721
1681 1722
1681 1723
1682 1724
1682 1725
1683 1726
1683 1727
1684 1728
1684 1729
1685 1730
1685 1731
1686 1732
1686 1733
1687 1734
1687 1735
1688 1736
1688 1737
1689 1738
1689 1739
1690 1740
1690 1741
1691 1742
1691 1743
1692 1744
1692 1745
1693 1746
1693 1747
1694 1748
1694 1749
1695 1750
1695 1751
1696 1752
1696 1753
1697 1754
1697 1755
1698 1756
1698 1757
1699 1758
1699 1759
1700 1760
1700 1761
1701 1762
1701 3467
1702 1763
1702 1764
1703 1765
1703 1766
1704 1767
1704 1768
1705 1769
1705 1770
1706 1771
1706 1772
1707 1773
1707 1774
1708 1775
1708 1776
1709 1777
1709 1778
1710 1779
1710 1780
1711 1781
1711 1782
1712 1783
1712 1784
1713 1785
1713 1786
1714 1787
1714 1788
1715 1789
1715 1790
1716 1791
1716 1792
1717 1793
1717 1794
1718 1795
1718 1796
1719 1797
1719 1798
1720 1799
1720 1800
1721 1801
1721 1802
1722 1803
1722 1804
1723 1805
1723 1806
1724 1807
1724 1808
1725 1809
1725 1810
1726 1811
1726 1812
1727 1813
1727 1814
1728 1815
1728 1816
1729 1817
1729 1818
1730 1819
1730 1820
1731 1821
1731 1822
1732 1823
1732 1824
1733 1825
1733 1826
1734 1827
1734 1828
1735 1829
1735 1830
1736 1831
1736 1832
1737 1833
1737 1834
1738 1835
1738 1836
1739 1837
1739 1838
1740 1839
1740 1840
1741 1841
1741 1842
1742 1843
1742 1844
1743 1845
1743 1846
1744 1847
1744 1848
1745 1849
1745 1850
1746 1851
1746 1852
1747 1853
1747 1854
1748 1855
1748 1856
1749 1857
1749 1858
1750 1859
1750 1860
1751 1861
1751 1862
1752 1863
1752 1864
1753 1865
1753 1866
1754 1867
1754 1868
1755 1869
1755 1870
1756 1871
1756 1872
1757 1873
1757 1874
1758 1875
1758 1876
1759 1877
1759 1878
1760 1879
1760 1880
1761 1881
1761 1882
1762 3467
1762 2738
1763 2741
1763 2744
1764 2747
1764 2750
1765 2753
1765 2756
1766 2759
1766 2762
1767 2765
1767 2768
1768 2771
1768 2774
1769 2777
1769 2780
1770 2783
1770 2786
1771 2789
1771 2792
1772 2795
1772 2798
1773 2801
1773 2804
1774 2807
1774 2810
1775 2813
1775 2816
1776 2819
1776 2822
1777 2825
1777 2828
1778 2831
1778 2834
1779 2837
1779 2840
1780 2843
1780 2846
1781 2849
1781 2852
1782 2855
1782 2858
1783 2861
1783 2864
1784 2867
1784 2870
1785 2873
1785 2876
1786 2879
1786 2882
1787 2885
1787 2888
1788 2891
1788 2894
1789 2897
1789 2900
1790 2903
1790 2906
1791 2909
1791 2912
1792 2915
1792 2918
1793 2921
1793 2924
1794 2927
1794 2930
1795 2933
1795 2936
1796 2939
1796 2942
1797 2945
1797 2948
1798 2951
1798 2954
1799 2957
1799 2960
1800 2963
1800 2966
1801 2969
1801 2972
1802 2975
1802 2978
1803 2981
1803 2984
1804 2987
1804 2990
1805 2993
1805 2996
1806 2999
1806 3002
1807 3005
1807 3008
1808 3011
1808 3014
1809 3017
1809 3020
1810 3023
1810 3026
1811 3029
1811 3032
1812 3035
1812 3038
1813 3041
1813 3044
1814 3047
1814 3050
1815 3053
1815 3056
1816 3059
1816 3062
1817 3065
1817 3068
1818 3071
1818 3074
1819 3077
1819 3080
1820 3083
1820 3086
1821 3089
1821 3092
1822 3095
1822 3098
1823 3101
1823 3104
1824 3107
1824 3110
1825 3113
1825 3116
1826 3119
1826 3122
1827 3125
1827 3128
1828 3131
1828 3134
1829 3137
1829 3140
1830 3143
1830 3146
1831 3149
1831 3152
1832 3155
1832 3158
1833 3161
1833 3164
1834 3167
1834 3170
1835 3173
1835 3176
1836 3179
1836 3182
1837 3185
1837 3188
1838 3191
1838 3194
1839 3197
1839 3200
1840 3203
1840 3206
1841 3209
1841 3212
1842 3215
1842 3218
1843 3221
1843 3224
1844 3227
1844 3230
1845 3233
1845 3236
1846 3239
1846 3242
1847 3245
1847 3248
1848 3251
1848 3254
1849 3257
1849 3260
1850 3263
1850 3266
1851 3269
1851 3272
1852 3275
1852 3278
1853 3281
1853 3284
1854 3287
1854 3290
1855 3293
1855 3296
1856 3299
1856 3302
1857 3305
1857 3308
1858 3311
1858 3314
1859 3317
1859 3320
1860 3323
1860 3326
1861 3329
1861 3332
1862 3335
1862 3338
1863 3341
1863 3344
1864 3347
1864 3350
1865 3353
1865 3356
1866 3359
1866 3362
1867 3365
1867 3368
1868 3371
1868 3374
1869 3377
1869 3380
1870 3383
1870 3386
1871 3389
1871 3392
1872 3395
1872 3398
1873 3401
1873 3404
1874 3407
1874 3410
1875 3413
1875 3416
1876 3419
1876 3422
1877 3425
1877 3428
1878 3431
1878 3434
1879 3437
1879 3440
1880 3443
1880 3446
1881 3449
1881 3452
1882 3455
1882 3458
1883 1884
1883 1885
1884 1886
1884 1887
1885 1888
1885 1889
1886 1890
1886 1891
1887 1892
1887 1893
1888 1894
1888 1895
1889 1896
1889 1897
1890 1898
1890 1899
1891 1900
1891 1901
1892 1902
1892 1903
1893 1904
1893 1905
1894 1906
1894 1907
1895 1908
1895 1909
1896 1910
1896 1911
1897 1912
1897 1913
1898 1914
1898 3472
1899 1915
1899 1916
1900 1917
1900 1918
1901 1919
1901 1920
1902 1921
1902 1922
1903 1923
1903 1924
1904 1925
1904 1926
1905 1927
1905 1928
1906 1929
1906 1930
1907 1931
1907 1932
1908 1933
1908 1934
1909 1935
1909 1936
1910 1937
1910 1938
1911 1939
1911 1940
1912 1941
1912 1942
1913 1943
1913 1944
1914 1945
1914 3471
1915 1946
1915 1947
1916 1948
1916 1949
1917 1950
1917 1951
1918 1952
1918 1953
1919 1954
1919 1955
1920 1956
1920 1957
1921 1958
1921 1959
1922 1960
1922 1961
1923 1962
1923 1963
1924 1964
1924 1965
1925 1966
1925 1967
1926 1968
1926 1969
1927 1970
1927 1971
1928 1972
1928 1973
1929 1974
1929 1975
1930 1976
1930 1977
1931 1978
1931 1979
1932 1980
1932 1981
1933 1982
1933 1983
1934 1984
1934 1985
1935 1986
1935 1987
1936 1988
1936 1989
1937 1990
1937 1991
1938 1992
1938 1993
1939 1994
1939 1995
1940 1996
1940 1997
1941 1998
1941 1999
1942 2000
1942 2001
1943 2002
1943 2003
1944 2004
1944 2005
1945 2006
1945 3470
1946 2007
1946 2008
1947 2009
1947 2010
1948 2011
1948 2012
1949 2013
1949 2014
1950 2015
1950 2016
1951 2017
1951 2018
1952 2019
1952 2020
1953 2021
1953 2022
1954 2023
1954 2024
1955 2025
1955 2026
1956 2027
1956 2028
1957 2029
1957 2030
1958 2031
1958 2032
1959 2033
1959 2034
1960 2035
1960 2036
1961 2037
1961 2038
1962 2039
1962 2040
1963 2041
1963 2042
1964 2043
1964 2044
1965 2045
1965 2046
1966 2047
1966 2048
1967 2049
1967 2050
1968 2051
1968 2052
1969 2053
1969 2054
1970 2055
1970 2056
1971 2057
1971 2058
1972 2059
1972 2060
1973 2061
1973 2062
1974 2063
1974 2064
1975 2065
1975 2066
1976 2067
1976 2068
1977 2069
1977 2070
1978 2071
1978 2072
1979 2073
1979 2074
1980 2075
1980 2076
1981 2077
1981 2078
1982 2079
1982 2080
1983 2081
1983 2082
1984 2083
1984 2084
1985 2085
1985 2086
1986 2087
1986 2088
1987 2089
1987 2090
1988 2091
1988 2092
1989 2093
1989 2094
1990 2095
1990 2096
1991 2097
1991 2098
1992 2099
1992 2100
1993 2101
1993 2102
1994 2103
1994 2104
1995 2105
1995 2106
1996 2107
1996 2108
1997 2109
1997 2110
1998 2111
1998 2112
1999 2113
1999 2114
2000 2115
2000 2116
2001 2117
2001 2118
2002 2119
2002 2120
2003 2121
2003 2122
2004 2123
2004 2124
2005 2125
2005 2126
2006 3470
2006 2738
2007 2741
2007 2744
2008 2747
2008 2750
2009 2753
2009 2756
2010 2759
2010 2762
2011 2765
2011 2768
2012 2771
2012 2774
2013 2777
2013 2780
2014 2783
2014 2786
2015 2789
2015 2792
2016 2795
2016 2798
2017 2801
2017 2804
2018 2807
2018 2810
2019 2813
2019 2816
2020 2819
2020 2822
2021 2825
2021 2828
2022 2831
2022 2834
2023 2837
2023 2840
2024 2843
2024 2846
2025 2849
2025 2852
2026 2855
2026 2858
2027 2861
2027 2864
2028 2867
2028 2870
2029 2873
2029 2876
2030 2879
2030 2882
2031 2885
2031 2888
2032 2891
2032 2894
2033 2897
2033 2900
2034 2903
2034 2906
2035 2909
2035 2912
2036 2915
2036 2918
2037 2921
2037 2924
2038 2927
2038 2930
2039 2933
2039 2936
2040 2939
2040 2942
2041 2945
2041 2948
2042 2951
2042 2954
2043 2957
2043 2960
2044 2963
2044 2966
2045 2969
2045 2972
2046 2975
2046 2978
2047 2981
2047 2984
2048 2987
2048 2990
2049 2993
2049 2996
2050 2999
2050 3002
2051 3005
2051 3008
2052 3011
2052 3014
2053 3017
2053 3020
2054 3023
2054 3026
2055 3029
2055 3032
2056 3035
2056 3038
2057 3041
2057 3044
2058 3047
2058 3050
2059 3053
2059 3056
2060 3059
2060 3062
2061 3065
2061 3068
2062 3071
2062 3074
2063 3077
2063 3080
2064 3083
2064 3086
2065 3089
2065 3092
2066 3095
2066 3098
2067 3101
2067 3104
2068 3107
2068 3110
2069 3113
2069 3116
2070 3119
2070 3122
2071 3125
2071 3128
2072 3131
2072 3134
2073 3137
2073 3140
2074 3143
2074 3146
2075 3149
2075 3152
2076 3155
2076 3158
2077 3161
2077 3164
2078 3167
2078 3170
2079 3173
2079 3176
2080 3179
2080 3182
2081 3185
2081 3188
2082 3191
2082 3194
2083 3197
2083 3200
2084 3203
2084 3206
2085 3209
2085 3212
2086 3215
2086 3218
2087 3221
2087 3224
2088 3227
2088 3230
2089 3233
2089 3236
2090 3239
2090 3242
2091 3245
2091 3248
2092 3251
2092 3254
2093 3257
2093 3260
2094 3263
2094 3266
2095 3269
2095 3272
2096 3275
2096 3278
2097 3281
2097 3284
2098 3287
2098 3290
2099 3293
2099 3296
2100 3299
2100 3302
2101 3305
2101 3308
2102 3311
2102 3314
2103 3317
2103 3320
2104 3323
2104 3326
2105 3329
2105 3332
2106 3335
2106 3338
2107 3341
2107 3344
2108 3347
2108 3350
2109 3353
2109 3356
2110 3359
2110 3362
2111 3365
2111 3368
2112 3371
2112 3374
2113 3377
2113 3380
2114 3383
2114 3386
2115 3389
2115 3392
2116 3395
2116 3398
2117 3401
2117 3404
2118 3407
2118 3410
2119 3413
2119 3416
2120 3419
2120 3422
2121 3425
2121 3428
2122 3431
2122 3434
2123 3437
2123 3440
2124 3443
2124 3446
2125 3449
2125 3452
2126 3455
2126 3458
2127 2493
2127 3480
2128 2249
2128 906
2129 903
2129 900
2130 897
2130 894
2131 891
2131 888
2132 885
2132 882
2133 879
2133 876
2134 873
2134 870
2135 867
2135 864
2136 861
2136 858
2137 855
2137 852
2138 849
2138 846
2139 843
2139 840
2140 837
2140 834
2141 831
2141 828
2142 825
2142 822
2143 819
2143 816
2144 813
2144 810
2145 807
2145 804
2146 801
2146 798
2147 795
2147 792
2148 789
2148 786
2149 783
2149 780
2150 777
2150 774
2151 771
2151 768
2152 765
2152 762
2153 759
2153 756
2154 753
2154 750
2155 747
2155 744
2156 741
2156 738
2157 735
2157 732
2158 729
2158 726
2159 723
2159 720
2160 717
2160 714
2161 711
2161 708
2162 705
2162 702
2163 699
2163 696
2164 693
2164 690
2165 687
2165 684
2166 681
2166 678
2167 675
2167 672
2168 669
2168 666
2169 663
2169 660
2170 657
2170 654
2171 651
2171 648
2172 645
2172 642
2173 639
2173 636
2174 633
2174 630
2175 627
2175 624
2176 621
2176 618
2177 615
2177 612
2178 609
2178 606
2179 603
2179 600
2180 597
2180 594
2181 591
2181 588
2182 585
2182 582
2183 579
2183 576
2184 573
2184 570
2185 567
2185 564
2186 561
2186 558
2187 555
2187 552
2188 549
2188 546
2189 543
2189 540
2190 537
2190 534
2191 531
2191 528
2192 525
2192 522
2193 519
2193 516
2194 513
2194 510
2195 507
2195 504
2196 501
2196 498
2197 495
2197 492
2198 489
2198 486
2199 483
2199 480
2200 477
2200 474
2201 471
2201 468
2202 465
2202 462
2203 459
2203 456
2204 453
2204 450
2205 447
2205 444
2206 441
2206 438
2207 435
2207 432
2208 429
2208 426
2209 423
2209 420
2210 417
2210 414
2211 411
2211 408
2212 405
2212 402
2213 399
2213 396
2214 393
2214 390
2215 387
2215 384
2216 381
2216 378
2217 375
2217 372
2218 369
2218 366
2219 363
2219 360
2220 357
2220 354
2221 351
2221 348
2222 345
2222 342
2223 339
2223 336
2224 333
2224 330
2225 327
2225 324
2226 321
2226 318
2227 315
2227 312
2228 309
2228 306
2229 303
2229 300
2230 297
2230 294
2231 291
2231 288
2232 285
2232 282
2233 279
2233 276
2234 273
2234 270
2235 267
2235 264
2236 261
2236 258
2237 255
2237 252
2238 249
2238 246
2239 243
2239 240
2240 237
2240 234
2241 231
2241 228
2242 225
2242 222
2243 219
2243 216
2244 213
2244 210
2245 207
2245 204
2246 201
2246 198
2247 195
2247 192
2248 189
2248 186
2249 2250
2249 2251
2250 2252
2250 2253
2251 2254
2251 2255
2252 2256
2252 2257
2253 2258
2253 2259
2254 2260
2254 2261
2255 2262
2255 2263
2256 2264
2256 2265
2257 2266
2257 2267
2258 2268
2258 2269
2259 2270
2259 2271
2260 2272
2260 2273
2261 2274
2261 2275
2262 2276
2262 2277
2263 2278
2263 2279
2264 2280
2264 3476
2265 2281
2265 2282
2266 2283
2266 2284
2267 2285
2267 2286
2268 2287
2268 2288
2269 2289
2269 2290
2270 2291
2270 2292
2271 2293
2271 2294
2272 2295
2272 2296
2273 2297
2273 2298
2274 2299
2274 2300
2275 2301
2275 2302
2276 2303
2276 2304
2277 2305
2277 2306
2278 2307
2278 2308
2279 2309
2279 2310
2280 2311
2280 3475
2281 2312
2281 2313
2282 2314
2282 2315
2283 2316
2283 2317
2284 2318
2284 2319
2285 2320
2285 2321
2286 2322
2286 2323
2287 2324
2287 2325
2288 2326
2288 2327
2289 2328
2289 2329
2290 2330
2290 2331
2291 2332
2291 2333
2292 2334
2292 2335
2293 2336
2293 2337
2294 2338
2294 2339
2295 2340
2295 2341
2296 2342
2296 2343
2297 2344
2297 2345
2298 2346
2298 2347
2299 2348
2299 2349
2300 2350
2300 2351
2301 2352
2301 2353
2302 2354
2302 2355
2303 2356
2303 2357
2304 2358
2304 2359
2305 2360
2305 2361
2306 2362
2306 2363
2307 2364
2307 2365
2308 2366
2308 2367
2309 2368
2309 2369
2310 2370
2310 2371
2311 2372
2311 3474
2312 2373
2312 2374
2313 2375
2313 2376
2314 2377
2314 2378
2315 2379
2315 2380
2316 2381
2316 2382
2317 2383
2317 2384
2318 2385
2318 2386
2319 2387
2319 2388
2320 2389
2320 2390
2321 2391
2321 2392
2322 2393
2322 2394
2323 2395
2323 2396
2324 2397
2324 2398
2325 2399
2325 2400
2326 2401
2326 2402
2327 2403
2327 2404
2328 2405
2328 2406
2329 2407
2329 2408
2330 2409
2330 2410
2331 2411
2331 2412
2332 2413
2332 2414
2333 2415
2333 2416
2334 2417
2334 2418
2335 2419
2335 2420
2336 2421
2336 2422
2337 2423
2337 2424
2338 2425
2338 2426
2339 2427
2339 2428
2340 2429
2340 2430
2341 2431
2341 2432
2342 2433
2342 2434
2343 2435
2343 2436
2344 2437
2344 2438
2345 2439
2345 2440
2346 2441
2346 2442
2347 2443
2347 2444
2348 2445
2348 2446
2349 2447
2349 2448
2350 2449
2350 2450
2351 2451
2351 2452
2352 2453
2352 2454
2353 2455
2353 2456
2354 2457
2354 2458
2355 2459
2355 2460
2356 2461
2356 2462
2357 2463
2357 2464
2358 2465
2358 2466
2359 2467
2359 2468
2360 2469
2360 2470
2361 2471
2361 2472
2362 2473
2362 2474
2363 2475
2363 2476
2364 2477
2364 2478
2365 2479
2365 2480
2366 2481
2366 2482
2367 2483
2367 2484
2368 2485
2368 2486
2369 2487
2369 2488
2370 2489
2370 2490
2371 2491
2371 2492
2372 3474
2372 2739
2373 2742
2373 2745
2374 2748
2374 2751
2375 2754
2375 2757
2376 2760
2376 2763
2377 2766
2377 2769
2378 2772
2378 2775
2379 2778
2379 2781
2380 2784
2380 2787
2381 2790
2381 2793
2382 2796
2382 2799
2383 2802
2383 2805
2384 2808
2384 2811
2385 2814
2385 2817
2386 2820
2386 2823
2387 2826
2387 2829
2388 2832
2388 2835
2389 2838
2389 2841
2390 2844
2390 2847
2391 2850
2391 2853
2392 2856
2392 2859
2393 2862
2393 2865
2394 2868
2394 2871
2395 2874
2395 2877
2396 2880
2396 2883
2397 2886
2397 2889
2398 2892
2398 2895
2399 2898
2399 2901
2400 2904
2400 2907
2401 2910
2401 2913
2402 2916
2402 2919
2403 2922
2403 2925
2404 2928
2404 2931
2405 2934
2405 2937
2406 2940
2406 2943
2407 2946
2407 2949
2408 2952
2408 2955
2409 2958
2409 2961
2410 2964
2410 2967
2411 2970
2411 2973
2412 2976
2412 2979
2413 2982
2413 2985
2414 2988
2414 2991
2415 2994
2415 2997
2416 3000
2416 3003
2417 3006
2417 3009
2418 3012
2418 3015
2419 3018
2419 3021
2420 3024
2420 3027
2421 3030
2421 3033
2422 3036
2422 3039
2423 3042
2423 3045
2424 3048
2424 3051
2425 3054
2425 3057
2426 3060
2426 3063
2427 3066
2427 3069
2428 3072
2428 3075
2429 3078
2429 3081
2430 3084
2430 3087
2431 3090
2431 3093
2432 3096
2432 3099
2433 3102
2433 3105
2434 3108
2434 3111
2435 3114
2435 3117
2436 3120
2436 3123
2437 3126
2437 3129
2438 3132
2438 3135
2439 3138
2439 3141
2440 3144
2440 3147
2441 3150
2441 3153
2442 3156
2442 3159
2443 3162
2443 3165
2444 3168
2444 3171
2445 3174
2445 3177
2446 3180
2446 3183
2447 3186
2447 3189
2448 3192
2448 3195
2449 3198
2449 3201
2450 3204
2450 3207
2451 3210
2451 3213
2452 3216
2452 3219
2453 3222
2453 3225
2454 3228
2454 3231
2455 3234
2455 3237
2456 3240
2456 3243
2457 3246
2457 3249
2458 3252
2458 3255
2459 3258
2459 3261
2460 3264
2460 3267
2461 3270
2461 3273
2462 3276
2462 3279
2463 3282
2463 3285
2464 3288
2464 3291
2465 3294
2465 3297
2466 3300
2466 3303
2467 3306
2467 3309
2468 3312
2468 3315
2469 3318
2469 3321
2470 3324
2470 3327
2471 3330
2471 3333
2472 3336
2472 3339
2473 3342
2473 3345
2474 3348
2474 3351
2475 3354
2475 3357
2476 3360
2476 3363
2477 3366
2477 3369
2478 3372
2478 3375
2479 3378
2479 3381
2480 3384
2480 3387
2481 3390
2481 3393
2482 3396
2482 3399
2483 3402
2483 3405
2484 3408
2484 3411
2485 3414
2485 3417
2486 3420
2486 3423
2487 3426
2487 3429
2488 3432
2488 3435
2489 3438
2489 3441
2490 3444
2490 3447
2491 3450
2491 3453
2492 3456
2492 3459
2493 2494
2493 2495
2494 2496
2494 2497
2495 2498
2495 2499
2496 2500
2496 2501
2497 2502
2497 2503
2498 2504
2498 2505
2499 2506
2499 2507
2500 2508
2500 2509
2501 2510
2501 2511
2502 2512
2502 2513
2503 2514
2503 2515
2504 2516
2504 2517
2505 2518
2505 2519
2506 2520
2506 2521
2507 2522
2507 2523
2508 2524
2508 3479
2509 2525
2509 2526
2510 2527
2510 2528
2511 2529
2511 2530
2512 2531
2512 2532
2513 2533
2513 2534
2514 2535
2514 2536
2515 2537
2515 2538
2516 2539
2516 2540
2517 2541
2517 2542
2518 2543
2518 2544
2519 2545
2519 2546
2520 2547
2520 2548
2521 2549
2521 2550
2522 2551
2522 2552
2523 2553
2523 2554
2524 2555
2524 3478
2525 2556
2525 2557
2526 2558
2526 2559
2527 2560
2527 2561
2528 2562
2528 2563
2529 2564
2529 2565
2530 2566
2530 2567
2531 2568
2531 2569
2532 2570
2532 2571
2533 2572
2533 2573
2534 2574
2534 2575
2535 2576
2535 2577
2536 2578
2536 2579
2537 2580
2537 2581
2538 2582
2538 2583
2539 2584
2539 2585
2540 2586
2540 2587
2541 2588
2541 2589
2542 2590
2542 2591
2543 2592
2543 2593
2544 2594
2544 2595
2545 2596
2545 2597
2546 2598
2546 2599
2547 2600
2547 2601
2548 2602
2548 2603
2549 2604
2549 2605
2550 2606
2550 2607
2551 2608
2551 2609
2552 2610
2552 2611
2553 2612
2553 2613
2554 2614
2554 2615
2555 2616
2555 3477
2556 2617
2556 2618
2557 2619
2557 2620
2558 2621
2558 2622
2559 2623
2559 2624
2560 2625
2560 2626
2561 2627
2561 2628
2562 2629
2562 2630
2563 2631
2563 2632
2564 2633
2564 2634
2565 2635
2565 2636
2566 2637
2566 2638
2567 2639
2567 2640
2568 2641
2568 2642
2569 2643
2569 2644
2570 2645
2570 2646
2571 2647
2571 2648
2572 2649
2572 2650
2573 2651
2573 2652
2574 2653
2574 2654
2575 2655
2575 2656
2576 2657
2576 2658
2577 2659
2577 2660
2578 2661
2578 2662
2579 2663
2579 2664
2580 2665
2580 2666
2581 2667
2581 2668
2582 2669
2582 2670
2583 2671
2583 2672
2584 2673
2584 2674
2585 2675
2585 2676
2586 2677
2586 2678
2587 2679
2587 2680
2588 2681
2588 2682
2589 2683
2589 2684
2590 2685
2590 2686
2591 2687
2591 2688
2592 2689
2592 2690
2593 2691
2593 2692
2594 2693
2594 2694
2595 2695
2595 2696
2596 2697
2596 2698
2597 2699
2597 2700
2598 2701
2598 2702
2599 2703
2599 2704
2600 2705
2600 2706
2601 2707
2601 2708
2602 2709
2602 2710
2603 2711
2603 2712
2604 2713
2604 2714
2605 2715
2605 2716
2606 2717
2606 2718
2607 2719
2607 2720
2608 2721
2608 2722
2609 2723
2609 2724
2610 2725
2610 2726
2611 2727
2611 2728
2612 2729
2612 2730
2613 2731
2613 2732
2614 2733
2614 2734
2615 2735
2615 2736
2616 3477
2616 2739
2617 2742
2617 2745
2618 2748
2618 2751
2619 2754
2619 2757
2620 2760
2620 2763
2621 2766
2621 2769
2622 2772
2622 2775
2623 2778
2623 2781
2624 2784
2624 2787
2625 2790
2625 2793
2626 2796
2626 2799
2627 2802
2627 2805
2628 2808
2628 2811
2629 2814
2629 2817
2630 2820
2630 2823
2631 2826
2631 2829
2632 2832
2632 2835
2633 2838
2633 2841
2634 2844
2634 2847
2635 2850
2635 2853
2636 2856
2636 2859
2637 2862
2637 2865
2638 2868
2638 2871
2639 2874
2639 2877
2640 2880
2640 2883
2641 2886
2641 2889
2642 2892
2642 2895
2643 2898
2643 2901
2644 2904
2644 2907
2645 2910
2645 2913
2646 2916
2646 2919
2647 2922
2647 2925
2648 2928
2648 2931
2649 2934
2649 2937
2650 2940
2650 2943
2651 2946
2651 2949
2652 2952
2652 2955
2653 2958
2653 2961
2654 2964
2654 2967
2655 2970
2655 2973
2656 2976
2656 2979
2657 2982
2657 2985
2658 2988
2658 2991
2659 2994
2659 2997
2660 3000
2660 3003
2661 3006
2661 3009
2662 3012
2662 3015
2663 3018
2663 3021
2664 3024
2664 3027
2665 3030
2665 3033
2666 3036
2666 3039
2667 3042
2667 3045
2668 3048
2668 3051
2669 3054
2669 3057
2670 3060
2670 3063
2671 3066
2671 3069
2672 3072
2672 3075
2673 3078
2673 3081
2674 3084
2674 3087
2675 3090
2675 3093
2676 3096
2676 3099
2677 3102
2677 3105
2678 3108
2678 3111
2679 3114
2679 3117
2680 3120
2680 3123
2681 3126
2681 3129
2682 3132
2682 3135
2683 3138
2683 3141
2684 3144
2684 3147
2685 3150
2685 3153
2686 3156
2686 3159
2687 3162
2687 3165
2688 3168
2688 3171
2689 3174
2689 3177
2690 3180
2690 3183
2691 3186
2691 3189
2692 3192
2692 3195
2693 3198
2693 3201
2694 3204
2694 3207
2695 3210
2695 3213
2696 3216
2696 3219
2697 3222
2697 3225
2698 3228
2698 3231
2699 3234
2699 3237
2700 3240
2700 3243
2701 3246
2701 3249
2702 3252
2702 3255
2703 3258
2703 3261
2704 3264
2704 3267
2705 3270
2705 3273
2706 3276
2706 3279
2707 3282
2707 3285
2708 3288
2708 3291
2709 3294
2709 3297
2710 3300
2710 3303
2711 3306
2711 3309
2712 3312
2712 3315
2713 3318
2713 3321
2714 3324
2714 3327
2715 3330
2715 3333
2716 3336
2716 3339
2717 3342
2717 3345
2718 3348
2718 3351
2719 3354
2719 3357
2720 3360
2720 3363
2721 3366
2721 3369
2722 3372
2722 3375
2723 3378
2723 3381
2724 3384
2724 3387
2725 3390
2725 3393
2726 3396
2726 3399
2727 3402
2727 3405
2728 3408
2728 3411
2729 3414
2729 3417
2730 3420
2730 3423
2731 3426
2731 3429
2732 3432
2732 3435
2733 3438
2733 3441
2734 3444
2734 3447
2735 3450
2735 3453
2736 3456
2736 3459
2737 184
2738 185
2739 186
2740 187
2741 188
2742 189
2743 190
2744 191
2745 192
2746 193
2747 194
2748 195
2749 196
2750 197
2751 198
2752 199
2753 200
2754 201
2755 202
2756 203
2757 204
2758 205
2759 206
2760 207
2761 208
2762 209
2763 210
2764 211
2765 212
2766 213
2767 214
2768 215
2769 216
2770 217
2771 218
2772 219
2773 220
2774 221
2775 222
2776 223
2777 224
2778 225
2779 226
2780 227
2781 228
2782 229
2783 230
2784 231
2785 232
2786 233
2787 234
2788 235
2789 236
2790 237
2791 238
2792 239
2793 240
2794 241
2795 242
2796 243
2797 244
2798 245
2799 246
2800 247
2801 248
2802 249
2803 250
2804 251
2805 252
2806 253
2807 254
2808 255
2809 256
2810 257
2811 258
2812 259
2813 260
2814 261
2815 262
2816 263
2817 264
2818 265
2819 266
2820 267
2821 268
2822 269
2823 270
2824 271
2825 272
2826 273
2827 274
2828 275
2829 276
2830 277
2831 278
2832 279
2833 280
2834 281
2835 282
2836 283
2837 284
2838 285
2839 286
2840 287
2841 288
2842 289
2843 290
2844 291
2845 292
2846 293
2847 294
2848 295
2849 296
2850 297
2851 298
2852 299
2853 300
2854 301
2855 302
2856 303
2857 304
2858 305
2859 306
2860 307
2861 308
2862 309
2863 310
2864 311
2865 312
2866 313
2867 314
2868 315
2869 316
2870 317
2871 318
2872 319
2873 320
2874 321
2875 322
2876 323
2877 324
2878 325
2879 326
2880 327
2881 328
2882 329
2883 330
2884 331
2885 332
2886 333
2887 334
2888 335
2889 336
2890 337
2891 338
2892 339
2893 340
2894 341
2895 342
2896 343
2897 344
2898 345
2899 346
2900 347
2901 348
2902 349
2903 350
2904 351
2905 352
2906 353
2907 354
2908 355
2909 356
2910 357
2911 358
2912 359
2913 360
2914 361
2915 362
2916 363
2917 364
2918 365
2919 366
2920 367
2921 368
2922 369
2923 370
2924 371
2925 372
2926 373
2927 374
2928 375
2929 376
2930 377
2931 378
2932 379
2933 380
2934 381
2935 382
2936 383
2937 384
2938 385
2939 386
2940 387
2941 388
2942 389
2943 390
2944 391
2945 392
2946 393
2947 394
2948 395
2949 396
2950 397
2951 398
2952 399
2953 400
2954 401
2955 402
2956 403
2957 404
2958 405
2959 406
2960 407
2961 408
2962 409
2963 410
2964 411
2965 412
2966 413
2967 414
2968 415
2969 416
2970 417
2971 418
2972 419
2973 420
2974 421
2975 422
2976 423
2977 424
2978 425
2979 426
2980 427
2981 428
2982 429
2983 430
2984 431
2985 432
2986 433
2987 434
2988 435
2989 436
2990 437
2991 438
2992 439
2993 440
2994 441
2995 442
2996 443
2997 444
2998 445
2999 446
3000 447
3001 448
3002 449
3003 450
3004 451
3005 452
3006 453
3007 454
3008 455
3009 456
3010 457
3011 458
3012 459
3013 460
3014 461
3015 462
3016 463
3017 464
3018 465
3019 466
3020 467
3021 468
3022 469
3023 470
3024 471
3025 472
3026 473
3027 474
3028 475
3029 476
3030 477
3031 478
3032 479
3033 480
3034 481
3035 482
3036 483
3037 484
3038 485
3039 486
3040 487
3041 488
3042 489
3043 490
3044 491
3045 492
3046 493
3047 494
3048 495
3049 496
3050 497
3051 498
3052 499
3053 500
3054 501
3055 502
3056 503
3057 504
3058 505
3059 506
3060 507
3061 508
3062 509
3063 510
3064 511
3065 512
3066 513
3067 514
3068 515
3069 516
3070 517
3071 518
3072 519
3073 520
3074 521
3075 522
3076 523
3077 524
3078 525
3079 526
3080 527
3081 528
3082 529
3083 530
3084 531
3085 532
3086 533
3087 534
3088 535
3089 536
3090 537
3091 538
3092 539
3093 540
3094 541
3095 542
3096 543
3097 544
3098 545
3099 546
3100 547
3101 548
3102 549
3103 550
3104 551
3105 552
3106 553
3107 554
3108 555
3109 556
3110 557
3111 558
3112 559
3113 560
3114 561
3115 562
3116 563
3117 564
3118 565
3119 566
3120 567
3121 568
3122 569
3123 570
3124 571
3125 572
3126 573
3127 574
3128 575
3129 576
3130 577
3131 578
3132 579
3133 580
3134 581
3135 582
3136 583
3137 584
3138 585
3139 586
3140 587
3141 588
3142 589
3143 590
3144 591
3145 592
3146 593
3147 594
3148 595
3149 596
3150 597
3151 598
3152 599
3153 600
3154 601
3155 602
3156 603
3157 604
3158 605
3159 606
3160 607
3161 608
3162 609
3163 610
3164 611
3165 612
3166 613
3167 614
3168 615
3169 616
3170 617
3171 618
3172 619
3173 620
3174 621
3175 622
3176 623
3177 624
3178 625
3179 626
3180 627
3181 628
3182 629
3183 630
3184 631
3185 632
3186 633
3187 634
3188 635
3189 636
3190 637
3191 638
3192 639
3193 640
3194 641
3195 642
3196 643
3197 644
3198 645
3199 646
3200 647
3201 648
3202 649
3203 650
3204 651
3205 652
3206 653
3207 654
3208 655
3209 656
3210 657
3211 658
3212 659
3213 660
3214 661
3215 662
3216 663
3217 664
3218 665
3219 666
3220 667
3221 668
3222 669
3223 670
3224 671
3225 672
3226 673
3227 674
3228 675
3229 676
3230 677
3231 678
3232 679
3233 680
3234 681
3235 682
3236 683
3237 684
3238 685
3239 686
3240 687
3241 688
3242 689
3243 690
3244 691
3245 692
3246 693
3247 694
3248 695
3249 696
3250 697
3251 698
3252 699
3253 700
3254 701
3255 702
3256 703
3257 704
3258 705
3259 706
3260 707
3261 708
3262 709
3263 710
3264 711
3265 712
3266 713
3267 714
3268 715
3269 716
3270 717
3271 718
3272 719
3273 720
3274 721
3275 722
3276 723
3277 724
3278 725
3279 726
3280 727
3281 728
3282 729
3283 730
3284 731
3285 732
3286 733
3287 734
3288 735
3289 736
3290 737
3291 738
3292 739
3293 740
3294 741
3295 742
3296 743
3297 744
3298 745
3299 746
3300 747
3301 748
3302 749
3303 750
3304 751
3305 752
3306 753
3307 754
3308 755
3309 756
3310 757
3311 758
3312 759
3313 760
3314 761
3315 762
3316 763
3317 764
3318 765
3319 766
3320 767
3321 768
3322 769
3323 770
3324 771
3325 772
3326 773
3327 774
3328 775
3329 776
3330 777
3331 778
3332 779
3333 780
3334 781
3335 782
3336 783
3337 784
3338 785
3339 786
3340 787
3341 788
3342 789
3343 790
3344 791
3345 792
3346 793
3347 794
3348 795
3349 796
3350 797
3351 798
3352 799
3353 800
3354 801
3355 802
3356 803
3357 804
3358 805
3359 806
3360 807
3361 808
3362 809
3363 810
3364 811
3365 812
3366 813
3367 814
3368 815
3369 816
3370 817
3371 818
3372 819
3373 820
3374 821
3375 822
3376 823
3377 824
3378 825
3379 826
3380 827
3381 828
3382 829
3383 830
3384 831
3385 832
3386 833
3387 834
3388 835
3389 836
3390 837
3391 838
3392 839
3393 840
3394 841
3395 842
3396 843
3397 844
3398 845
3399 846
3400 847
3401 848
3402 849
3403 850
3404 851
3405 852
3406 853
3407 854
3408 855
3409 856
3410 857
3411 858
3412 859
3413 860
3414 861
3415 862
3416 863
3417 864
3418 865
3419 866
3420 867
3421 868
3422 869
3423 870
3424 871
3425 872
3426 873
3427 874
3428 875
3429 876
3430 877
3431 878
3432 879
3433 880
3434 881
3435 882
3436 883
3437 884
3438 885
3439 886
3440 887
3441 888
3442 889
3443 890
3444 891
3445 892
3446 893
3447 894
3448 895
3449 896
3450 897
3451 898
3452 899
3453 900
3454 901
3455 902
3456 903
3457 904
3458 905
3459 906
3460 3461
3461 3462
3462 1029
3463 3464
3464 3465
3465 3466
3466 1273
3467 3468
3468 3469
3469 1639
3470 3471
3471 3472
3472 3473
3473 1883
3474 3475
3475 3476
3476 2249
3477 3478
3478 3479
3479 3480
3480 2493
