4125 5250
1 1876
1 1877
2 1886
2 1887
3 1896
3 1897
4 1906
4 1907
5 1916
5 1917
6 1926
6 1927
7 1936
7 1937
8 1946
8 1947
9 1956
9 1957
10 1966
10 1967
11 1976
11 1977
12 1986
12 1987
13 1996
13 1997
14 2006
14 2007
15 2016
15 2017
16 2026
16 2027
17 2036
17 2037
18 2046
18 2047
19 2056
19 2057
20 2066
20 2067
21 2076
21 2077
22 2086
22 2087
23 2096
23 2097
24 2106
24 2107
25 2116
25 2117
26 2126
26 2127
27 2136
27 2137
28 2146
28 2147
29 2156
29 2157
30 2166
30 2167
31 2176
31 2177
32 2186
32 2187
33 2196
33 2197
34 2206
34 2207
35 2216
35 2217
36 2226
36 2227
37 2236
37 2237
38 2246
38 2247
39 2256
39 2257
40 2266
40 2267
41 2276
41 2277
42 2286
42 2287
43 2296
43 2297
44 2306
44 2307
45 2316
45 2317
46 2326
46 2327
47 2336
47 2337
48 2346
48 2347
49 2356
49 2357
50 2366
50 2367
51 2376
51 2377
52 2386
52 2387
53 2396
53 2397
54 2406
54 2407
55 2416
55 2417
56 2426
56 2427
57 2436
57 2437
58 2446
58 2447
59 2456
59 2457
60 2466
60 2467
61 2476
61 2477
62 2486
62 2487
63 2496
63 2497
64 2506
64 2507
65 2516
65 2517
66 2526
66 2527
67 2536
67 2537
68 2546
68 2547
69 2556
69 2557
70 2566
70 2567
71 2576
71 2577
72 2586
72 2587
73 2596
73 2597
74 2606
74 2607
75 2616
75 2617
76 2626
76 2627
77 2636
77 2637
78 2646
78 2647
79 2656
79 2657
80 2666
80 2667
81 2676
81 2677
82 2686
82 2687
83 2696
83 2697
84 2706
84 2707
85 2716
85 2717
86 2726
86 2727
87 2736
87 2737
88 2746
88 2747
89 2756
89 2757
90 2766
90 2767
91 2776
91 2777
92 2786
92 2787
93 2796
93 2797
94 2806
94 2807
95 2816
95 2817
96 2826
96 2827
97 2836
97 2837
98 2846
98 2847
99 2856
99 2857
100 2866
100 2867
101 2876
101 2877
102 2886
102 2887
103 2896
103 2897
104 2906
104 2907
105 2916
105 2917
106 2926
106 2927
107 2936
107 2937
108 2946
108 2947
109 2956
109 2957
110 2966
110 2967
111 2976
111 2977
112 2986
112 2987
113 2996
113 2997
114 3006
114 3007
115 3016
115 3017
116 3026
116 3027
117 3036
117 3037
118 3046
118 3047
119 3056
119 3057
120 3066
120 3067
121 3076
121 3077
122 3086
122 3087
123 3096
123 3097
124 3106
124 3107
125 3116
125 3117
126 1878
126 1879
127 1888
127 1889
128 1898
128 1899
129 1908
129 1909
130 1918
130 1919
131 1928
131 1929
132 1938
132 1939
133 1948
133 1949
134 1958
134 1959
135 1968
135 1969
136 1978
136 1979
137 1988
137 1989
138 1998
138 1999
139 2008
139 2009
140 2018
140 2019
141 2028
141 2029
142 2038
142 2039
143 2048
143 2049
144 2058
144 2059
145 2068
145 2069
146 2078
146 2079
147 2088
147 2089
148 2098
148 2099
149 2108
149 2109
150 2118
150 2119
151 2128
151 2129
152 2138
152 2139
153 2148
153 2149
154 2158
154 2159
155 2168
155 2169
156 2178
156 2179
157 2188
157 2189
158 2198
158 2199
159 2208
159 2209
160 2218
160 2219
161 2228
161 2229
162 2238
162 2239
163 2248
163 2249
164 2258
164 2259
165 2268
165 2269
166 2278
166 2279
167 2288
167 2289
168 2298
168 2299
169 2308
169 2309
170 2318
170 2319
171 2328
171 2329
172 2338
172 2339
173 2348
173 2349
174 2358
174 2359
175 2368
175 2369
176 2378
176 2379
177 2388
177 2389
178 2398
178 2399
179 2408
179 2409
180 2418
180 2419
181 2428
181 2429
182 2438
182 2439
183 2448
183 2449
184 2458
184 2459
185 2468
185 2469
186 2478
186 2479
187 2488
187 2489
188 2498
188 2499
189 2508
189 2509
190 2518
190 2519
191 2528
191 2529
192 2538
192 2539
193 2548
193 2549
194 2558
194 2559
195 2568
195 2569
196 2578
196 2579
197 2588
197 2589
198 2598
198 2599
199 2608
199 2609
200 2618
200 2619
201 2628
201 2629
202 2638
202 2639
203 2648
203 2649
204 2658
204 2659
205 2668
205 2669
206 2678
206 2679
207 2688
207 2689
208 2698
208 2699
209 2708
209 2709
210 2718
210 2719
211 2728
211 2729
212 2738
212 2739
213 2748
213 2749
214 2758
214 2759
215 2768
215 2769
216 2778
216 2779
217 2788
217 2789
218 2798
218 2799
219 2808
219 2809
220 2818
220 2819
221 2828
221 2829
222 2838
222 2839
223 2848
223 2849
224 2858
224 2859
225 2868
225 2869
226 2878
226 2879
227 2888
227 2889
228 2898
228 2899
229 2908
229 2909
230 2918
230 2919
231 2928
231 2929
232 2938
232 2939
233 2948
233 2949
234 2958
234 2959
235 2968
235 2969
236 2978
236 2979
237 2988
237 2989
238 2998
238 2999
239 3008
239 3009
240 3018
240 3019
241 3028
241 3029
242 3038
242 3039
243 3048
243 3049
244 3058
244 3059
245 3068
245 3069
246 3078
246 3079
247 3088
247 3089
248 3098
248 3099
249 3108
249 3109
250 3118
250 3119
251 1880
251 1881
252 1890
252 1891
253 1900
253 1901
254 1910
254 1911
255 1920
255 1921
256 1930
256 1931
257 1940
257 1941
258 1950
258 1951
259 1960
259 1961
260 1970
260 1971
261 1980
261 1981
262 1990
262 1991
263 2000
263 2001
264 2010
264 2011
265 2020
265 2021
266 2030
266 2031
267 2040
267 2041
268 2050
268 2051
269 2060
269 2061
270 2070
270 2071
271 2080
271 2081
272 2090
272 2091
273 2100
273 2101
274 2110
274 2111
275 2120
275 2121
276 2130
276 2131
277 2140
277 2141
278 2150
278 2151
279 2160
279 2161
280 2170
280 2171
281 2180
281 2181
282 2190
282 2191
283 2200
283 2201
284 2210
284 2211
285 2220
285 2221
286 2230
286 2231
287 2240
287 2241
288 2250
288 2251
289 2260
289 2261
290 2270
290 2271
291 2280
291 2281
292 2290
292 2291
293 2300
293 2301
294 2310
294 2311
295 2320
295 2321
296 2330
296 2331
297 2340
297 2341
298 2350
298 2351
299 2360
299 2361
300 2370
300 2371
301 2380
301 2381
302 2390
302 2391
303 2400
303 2401
304 2410
304 2411
305 2420
305 2421
306 2430
306 2431
307 2440
307 2441
308 2450
308 2451
309 2460
309 2461
310 2470
310 2471
311 2480
311 2481
312 2490
312 2491
313 2500
313 2501
314 2510
314 2511
315 2520
315 2521
316 2530
316 2531
317 2540
317 2541
318 2550
318 2551
319 2560
319 2561
320 2570
320 2571
321 2580
321 2581
322 2590
322 2591
323 2600
323 2601
324 2610
324 2611
325 2620
325 2621
326 2630
326 2631
327 2640
327 2641
328 2650
328 2651
329 2660
329 2661
330 2670
330 2671
331 2680
331 2681
332 2690
332 2691
333 2700
333 2701
334 2710
334 2711
335 2720
335 2721
336 2730
336 2731
337 2740
337 2741
338 2750
338 2751
339 2760
339 2761
340 2770
340 2771
341 2780
341 2781
342 2790
342 2791
343 2800
343 2801
344 2810
344 2811
345 2820
345 2821
346 2830
346 2831
347 2840
347 2841
348 2850
348 2851
349 2860
349 2861
350 2870
350 2871
351 2880
351 2881
352 2890
352 2891
353 2900
353 2901
354 2910
354 2911
355 2920
355 2921
356 2930
356 2931
357 2940
357 2941
358 2950
358 2951
359 2960
359 2961
360 2970
360 2971
361 2980
361 2981
362 2990
362 2991
363 3000
363 3001
364 3010
364 3011
365 3020
365 3021
366 3030
366 3031
367 3040
367 3041
368 3050
368 3051
369 3060
369 3061
370 3070
370 3071
371 3080
371 3081
372 3090
372 3091
373 3100
373 3101
374 3110
374 3111
375 3120
375 3121
376 1626
376 1751
377 1627
377 1752
378 1628
378 1753
379 1629
379 1754
380 1630
380 1755
381 1631
381 1756
382 1632
382 1757
383 1633
383 1758
384 1634
384 1759
385 1635
385 1760
386 1636
386 1761
387 1637
387 1762
388 1638
388 1763
389 1639
389 1764
390 1640
390 1765
391 1641
391 1766
392 1642
392 1767
393 1643
393 1768
394 1644
394 1769
395 1645
395 1770
396 1646
396 1771
397 1647
397 1772
398 1648
398 1773
399 1649
399 1774
400 1650
400 1775
401 1651
401 1776
402 1652
402 1777
403 1653
403 1778
404 1654
404 1779
405 1655
405 1780
406 1656
406 1781
407 1657
407 1782
408 1658
408 1783
409 1659
409 1784
410 1660
410 1785
411 1661
411 1786
412 1662
412 1787
413 1663
413 1788
414 1664
414 1789
415 1665
415 1790
416 1666
416 1791
417 1667
417 1792
418 1668
418 1793
419 1669
419 1794
420 1670
420 1795
421 1671
421 1796
422 1672
422 1797
423 1673
423 1798
424 1674
424 1799
425 1675
425 1800
426 1676
426 1801
427 1677
427 1802
428 1678
428 1803
429 1679
429 1804
430 1680
430 1805
431 1681
431 1806
432 1682
432 1807
433 1683
433 1808
434 1684
434 1809
435 1685
435 1810
436 1686
436 1811
437 1687
437 1812
438 1688
438 1813
439 1689
439 1814
440 1690
440 1815
441 1691
441 1816
442 1692
442 1817
443 1693
443 1818
444 1694
444 1819
445 1695
445 1820
446 1696
446 1821
447 1697
447 1822
448 1698
448 1823
449 1699
449 1824
450 1700
450 1825
451 1701
451 1826
452 1702
452 1827
453 1703
453 1828
454 1704
454 1829
455 1705
455 1830
456 1706
456 1831
457 1707
457 1832
458 1708
458 1833
459 1709
459 1834
460 1710
460 1835
461 1711
461 1836
462 1712
462 1837
463 1713
463 1838
464 1714
464 1839
465 1715
465 1840
466 1716
466 1841
467 1717
467 1842
468 1718
468 1843
469 1719
469 1844
470 1720
470 1845
471 1721
471 1846
472 1722
472 1847
473 1723
473 1848
474 1724
474 1849
475 1725
475 1850
476 1726
476 1851
477 1727
477 1852
478 1728
478 1853
479 1729
479 1854
480 1730
480 1855
481 1731
481 1856
482 1732
482 1857
483 1733
483 1858
484 1734
484 1859
485 1735
485 1860
486 1736
486 1861
487 1737
487 1862
488 1738
488 1863
489 1739
489 1864
490 1740
490 1865
491 1741
491 1866
492 1742
492 1867
493 1743
493 1868
494 1744
494 1869
495 1745
495 1870
496 1746
496 1871
497 1747
497 1872
498 1748
498 1873
499 1749
499 1874
500 1750
500 1875
501 1376
501 1501
502 1377
502 1502
503 1378
503 1503
504 1379
504 1504
505 1380
505 1505
506 1381
506 1506
507 1382
507 1507
508 1383
508 1508
509 1384
509 1509
510 1385
510 1510
511 1386
511 1511
512 1387
512 1512
513 1388
513 1513
514 1389
514 1514
515 1390
515 1515
516 1391
516 1516
517 1392
517 1517
518 1393
518 1518
519 1394
519 1519
520 1395
520 1520
521 1396
521 1521
522 1397
522 1522
523 1398
523 1523
524 1399
524 1524
525 1400
525 1525
526 1401
526 1526
527 1402
527 1527
528 1403
528 1528
529 1404
529 1529
530 1405
530 1530
531 1406
531 1531
532 1407
532 1532
533 1408
533 1533
534 1409
534 1534
535 1410
535 1535
536 1411
536 1536
537 1412
537 1537
538 1413
538 1538
539 1414
539 1539
540 1415
540 1540
541 1416
541 1541
542 1417
542 1542
543 1418
543 1543
544 1419
544 1544
545 1420
545 1545
546 1421
546 1546
547 1422
547 1547
548 1423
548 1548
549 1424
549 1549
550 1425
550 1550
551 1426
551 1551
552 1427
552 1552
553 1428
553 1553
554 1429
554 1554
555 1430
555 1555
556 1431
556 1556
557 1432
557 1557
558 1433
558 1558
559 1434
559 1559
560 1435
560 1560
561 1436
561 1561
562 1437
562 1562
563 1438
563 1563
564 1439
564 1564
565 1440
565 1565
566 1441
566 1566
567 1442
567 1567
568 1443
568 1568
569 1444
569 1569
570 1445
570 1570
571 1446
571 1571
572 1447
572 1572
573 1448
573 1573
574 1449
574 1574
575 1450
575 1575
576 1451
576 1576
577 1452
577 1577
578 1453
578 1578
579 1454
579 1579
580 1455
580 1580
581 1456
581 1581
582 1457
582 1582
583 1458
583 1583
584 1459
584 1584
585 1460
585 1585
586 1461
586 1586
587 1462
587 1587
588 1463
588 1588
589 1464
589 1589
590 1465
590 1590
591 1466
591 1591
592 1467
592 1592
593 1468
593 1593
594 1469
594 1594
595 1470
595 1595
596 1471
596 1596
597 1472
597 1597
598 1473
598 1598
599 1474
599 1599
600 1475
600 1600
601 1476
601 1601
602 1477
602 1602
603 1478
603 1603
604 1479
604 1604
605 1480
605 1605
606 1481
606 1606
607 1482
607 1607
608 1483
608 1608
609 1484
609 1609
610 1485
610 1610
611 1486
611 1611
612 1487
612 1612
613 1488
613 1613
614 1489
614 1614
615 1490
615 1615
616 1491
616 1616
617 1492
617 1617
618 1493
618 1618
619 1494
619 1619
620 1495
620 1620
621 1496
621 1621
622 1497
622 1622
623 1498
623 1623
624 1499
624 1624
625 1500
625 1625
626 1126
626 1251
627 1127
627 1252
628 1128
628 1253
629 1129
629 1254
630 1130
630 1255
631 1131
631 1256
632 1132
632 1257
633 1133
633 1258
634 1134
634 1259
635 1135
635 1260
636 1136
636 1261
637 1137
637 1262
638 1138
638 1263
639 1139
639 1264
640 1140
640 1265
641 1141
641 1266
642 1142
642 1267
643 1143
643 1268
644 1144
644 1269
645 1145
645 1270
646 1146
646 1271
647 1147
647 1272
648 1148
648 1273
649 1149
649 1274
650 1150
650 1275
651 1151
651 1276
652 1152
652 1277
653 1153
653 1278
654 1154
654 1279
655 1155
655 1280
656 1156
656 1281
657 1157
657 1282
658 1158
658 1283
659 1159
659 1284
660 1160
660 1285
661 1161
661 1286
662 1162
662 1287
663 1163
663 1288
664 1164
664 1289
665 1165
665 1290
666 1166
666 1291
667 1167
667 1292
668 1168
668 1293
669 1169
669 1294
670 1170
670 1295
671 1171
671 1296
672 1172
672 1297
673 1173
673 1298
674 1174
674 1299
675 1175
675 1300
676 1176
676 1301
677 1177
677 1302
678 1178
678 1303
679 1179
679 1304
680 1180
680 1305
681 1181
681 1306
682 1182
682 1307
683 1183
683 1308
684 1184
684 1309
685 1185
685 1310
686 1186
686 1311
687 1187
687 1312
688 1188
688 1313
689 1189
689 1314
690 1190
690 1315
691 1191
691 1316
692 1192
692 1317
693 1193
693 1318
694 1194
694 1319
695 1195
695 1320
696 1196
696 1321
697 1197
697 1322
698 1198
698 1323
699 1199
699 1324
700 1200
700 1325
701 1201
701 1326
702 1202
702 1327
703 1203
703 1328
704 1204
704 1329
705 1205
705 1330
706 1206
706 1331
707 1207
707 1332
708 1208
708 1333
709 1209
709 1334
710 1210
710 1335
711 1211
711 1336
712 1212
712 1337
713 1213
713 1338
714 1214
714 1339
715 1215
715 1340
716 1216
716 1341
717 1217
717 1342
718 1218
718 1343
719 1219
719 1344
720 1220
720 1345
721 1221
721 1346
722 1222
722 1347
723 1223
723 1348
724 1224
724 1349
725 1225
725 1350
726 1226
726 1351
727 1227
727 1352
728 1228
728 1353
729 1229
729 1354
730 1230
730 1355
731 1231
731 1356
732 1232
732 1357
733 1233
733 1358
734 1234
734 1359
735 1235
735 1360
736 1236
736 1361
737 1237
737 1362
738 1238
738 1363
739 1239
739 1364
740 1240
740 1365
741 1241
741 1366
742 1242
742 1367
743 1243
743 1368
744 1244
744 1369
745 1245
745 1370
746 1246
746 1371
747 1247
747 1372
748 1248
748 1373
749 1249
749 1374
750 1250
750 1375
751 876
751 1001
752 877
752 1002
753 878
753 1003
754 879
754 1004
755 880
755 1005
756 881
756 1006
757 882
757 1007
758 883
758 1008
759 884
759 1009
760 885
760 1010
761 886
761 1011
762 887
762 1012
763 888
763 1013
764 889
764 1014
765 890
765 1015
766 891
766 1016
767 892
767 1017
768 893
768 1018
769 894
769 1019
770 895
770 1020
771 896
771 1021
772 897
772 1022
773 898
773 1023
774 899
774 1024
775 900
775 1025
776 901
776 1026
777 902
777 1027
778 903
778 1028
779 904
779 1029
780 905
780 1030
781 906
781 1031
782 907
782 1032
783 908
783 1033
784 909
784 1034
785 910
785 1035
786 911
786 1036
787 912
787 1037
788 913
788 1038
789 914
789 1039
790 915
790 1040
791 916
791 1041
792 917
792 1042
793 918
793 1043
794 919
794 1044
795 920
795 1045
796 921
796 1046
797 922
797 1047
798 923
798 1048
799 924
799 1049
800 925
800 1050
801 926
801 1051
802 927
802 1052
803 928
803 1053
804 929
804 1054
805 930
805 1055
806 931
806 1056
807 932
807 1057
808 933
808 1058
809 934
809 1059
810 935
810 1060
811 936
811 1061
812 937
812 1062
813 938
813 1063
814 939
814 1064
815 940
815 1065
816 941
816 1066
817 942
817 1067
818 943
818 1068
819 944
819 1069
820 945
820 1070
821 946
821 1071
822 947
822 1072
823 948
823 1073
824 949
824 1074
825 950
825 1075
826 951
826 1076
827 952
827 1077
828 953
828 1078
829 954
829 1079
830 955
830 1080
831 956
831 1081
832 957
832 1082
833 958
833 1083
834 959
834 1084
835 960
835 1085
836 961
836 1086
837 962
837 1087
838 963
838 1088
839 964
839 1089
840 965
840 1090
841 966
841 1091
842 967
842 1092
843 968
843 1093
844 969
844 1094
845 970
845 1095
846 971
846 1096
847 972
847 1097
848 973
848 1098
849 974
849 1099
850 975
850 1100
851 976
851 1101
852 977
852 1102
853 978
853 1103
854 979
854 1104
855 980
855 1105
856 981
856 1106
857 982
857 1107
858 983
858 1108
859 984
859 1109
860 985
860 1110
861 986
861 1111
862 987
862 1112
863 988
863 1113
864 989
864 1114
865 990
865 1115
866 991
866 1116
867 992
867 1117
868 993
868 1118
869 994
869 1119
870 995
870 1120
871 996
871 1121
872 997
872 1122
873 998
873 1123
874 999
874 1124
875 1000
875 1125
1876 1882
1876 1883
1877 1884
1877 1885
1878 3626
1878 3876
1879 3751
1879 4001
1880 3126
1880 3376
1881 3251
1881 3501
1882 3126
1882 3626
1883 3376
1883 3876
1884 3251
1884 3751
1885 3501
1885 4001
1886 1892
1886 1893
1887 1894
1887 1895
1888 3627
1888 3877
1889 3752
1889 4002
1890 3127
1890 3377
1891 3252
1891 3502
1892 3127
1892 3627
1893 3377
1893 3877
1894 3252
1894 3752
1895 3502
1895 4002
1896 1902
1896 1903
1897 1904
1897 1905
1898 3628
1898 3878
1899 3753
1899 4003
1900 3128
1900 3378
1901 3253
1901 3503
1902 3128
1902 3628
1903 3378
1903 3878
1904 3253
1904 3753
1905 3503
1905 4003
1906 1912
1906 1913
1907 1914
1907 1915
1908 3629
1908 3879
1909 3754
1909 4004
1910 3129
1910 3379
1911 3254
1911 3504
1912 3129
1912 3629
1913 3379
1913 3879
1914 3254
1914 3754
1915 3504
1915 4004
1916 1922
1916 1923
1917 1924
1917 1925
1918 3630
1918 3880
1919 3755
1919 4005
1920 3130
1920 3380
1921 3255
1921 3505
1922 3130
1922 3630
1923 3380
1923 3880
1924 3255
1924 3755
1925 3505
1925 4005
1926 1932
1926 1933
1927 1934
1927 1935
1928 3631
1928 3881
1929 3756
1929 4006
1930 3131
1930 3381
1931 3256
1931 3506
1932 3131
1932 3631
1933 3381
1933 3881
1934 3256
1934 3756
1935 3506
1935 4006
1936 1942
1936 1943
1937 1944
1937 1945
1938 3632
1938 3882
1939 3757
1939 4007
1940 3132
1940 3382
1941 3257
1941 3507
1942 3132
1942 3632
1943 3382
1943 3882
1944 3257
1944 3757
1945 3507
1945 4007
1946 1952
1946 1953
1947 1954
1947 1955
1948 3633
1948 3883
1949 3758
1949 4008
1950 3133
1950 3383
1951 3258
1951 3508
1952 3133
1952 3633
1953 3383
1953 3883
1954 3258
1954 3758
1955 3508
1955 4008
1956 1962
1956 1963
1957 1964
1957 1965
1958 3634
1958 3884
1959 3759
1959 4009
1960 3134
1960 3384
1961 3259
1961 3509
1962 3134
1962 3634
1963 3384
1963 3884
1964 3259
1964 3759
1965 3509
1965 4009
1966 1972
1966 1973
1967 1974
1967 1975
1968 3635
1968 3885
1969 3760
1969 4010
1970 3135
1970 3385
1971 3260
1971 3510
1972 3135
1972 3635
1973 3385
1973 3885
1974 3260
1974 3760
1975 3510
1975 4010
1976 1982
1976 1983
1977 1984
1977 1985
1978 3636
1978 3886
1979 3761
1979 4011
1980 3136
1980 3386
1981 3261
1981 3511
1982 3136
1982 3636
1983 3386
1983 3886
1984 3261
1984 3761
1985 3511
1985 4011
1986 1992
1986 1993
1987 1994
1987 1995
1988 3637
1988 3887
1989 3762
1989 4012
1990 3137
1990 3387
1991 3262
1991 3512
1992 3137
1992 3637
1993 3387
1993 3887
1994 3262
1994 3762
1995 3512
1995 4012
1996 2002
1996 2003
1997 2004
1997 2005
1998 3638
1998 3888
1999 3763
1999 4013
2000 3138
2000 3388
2001 3263
2001 3513
2002 3138
2002 3638
2003 3388
2003 3888
2004 3263
2004 3763
2005 3513
2005 4013
2006 2012
2006 2013
2007 2014
2007 2015
2008 3639
2008 3889
2009 3764
2009 4014
2010 3139
2010 3389
2011 3264
2011 3514
2012 3139
2012 3639
2013 3389
2013 3889
2014 3264
2014 3764
2015 3514
2015 4014
2016 2022
2016 2023
2017 2024
2017 2025
2018 3640
2018 3890
2019 3765
2019 4015
2020 3140
2020 3390
2021 3265
2021 3515
2022 3140
2022 3640
2023 3390
2023 3890
2024 3265
2024 3765
2025 3515
2025 4015
2026 2032
2026 2033
2027 2034
2027 2035
2028 3641
2028 3891
2029 3766
2029 4016
2030 3141
2030 3391
2031 3266
2031 3516
2032 3141
2032 3641
2033 3391
2033 3891
2034 3266
2034 3766
2035 3516
2035 4016
2036 2042
2036 2043
2037 2044
2037 2045
2038 3642
2038 3892
2039 3767
2039 4017
2040 3142
2040 3392
2041 3267
2041 3517
2042 3142
2042 3642
2043 3392
2043 3892
2044 3267
2044 3767
2045 3517
2045 4017
2046 2052
2046 2053
2047 2054
2047 2055
2048 3643
2048 3893
2049 3768
2049 4018
2050 3143
2050 3393
2051 3268
2051 3518
2052 3143
2052 3643
2053 3393
2053 3893
2054 3268
2054 3768
2055 3518
2055 4018
2056 2062
2056 2063
2057 2064
2057 2065
2058 3644
2058 3894
2059 3769
2059 4019
2060 3144
2060 3394
2061 3269
2061 3519
2062 3144
2062 3644
2063 3394
2063 3894
2064 3269
2064 3769
2065 3519
2065 4019
2066 2072
2066 2073
2067 2074
2067 2075
2068 3645
2068 3895
2069 3770
2069 4020
2070 3145
2070 3395
2071 3270
2071 3520
2072 3145
2072 3645
2073 3395
2073 3895
2074 3270
2074 3770
2075 3520
2075 4020
2076 2082
2076 2083
2077 2084
2077 2085
2078 3646
2078 3896
2079 3771
2079 4021
2080 3146
2080 3396
2081 3271
2081 3521
2082 3146
2082 3646
2083 3396
2083 3896
2084 3271
2084 3771
2085 3521
2085 4021
2086 2092
2086 2093
2087 2094
2087 2095
2088 3647
2088 3897
2089 3772
2089 4022
2090 3147
2090 3397
2091 3272
2091 3522
2092 3147
2092 3647
2093 3397
2093 3897
2094 3272
2094 3772
2095 3522
2095 4022
2096 2102
2096 2103
2097 2104
2097 2105
2098 3648
2098 3898
2099 3773
2099 4023
2100 3148
2100 3398
2101 3273
2101 3523
2102 3148
2102 3648
2103 3398
2103 3898
2104 3273
2104 3773
2105 3523
2105 4023
2106 2112
2106 2113
2107 2114
2107 2115
2108 3649
2108 3899
2109 3774
2109 4024
2110 3149
2110 3399
2111 3274
2111 3524
2112 3149
2112 3649
2113 3399
2113 3899
2114 3274
2114 3774
2115 3524
2115 4024
2116 2122
2116 2123
2117 2124
2117 2125
2118 3650
2118 3900
2119 3775
2119 4025
2120 3150
2120 3400
2121 3275
2121 3525
2122 3150
2122 3650
2123 3400
2123 3900
2124 3275
2124 3775
2125 3525
2125 4025
2126 2132
2126 2133
2127 2134
2127 2135
2128 3651
2128 3901
2129 3776
2129 4026
2130 3151
2130 3401
2131 3276
2131 3526
2132 3151
2132 3651
2133 3401
2133 3901
2134 3276
2134 3776
2135 3526
2135 4026
2136 2142
2136 2143
2137 2144
2137 2145
2138 3652
2138 3902
2139 3777
2139 4027
2140 3152
2140 3402
2141 3277
2141 3527
2142 3152
2142 3652
2143 3402
2143 3902
2144 3277
2144 3777
2145 3527
2145 4027
2146 2152
2146 2153
2147 2154
2147 2155
2148 3653
2148 3903
2149 3778
2149 4028
2150 3153
2150 3403
2151 3278
2151 3528
2152 3153
2152 3653
2153 3403
2153 3903
2154 3278
2154 3778
2155 3528
2155 4028
2156 2162
2156 2163
2157 2164
2157 2165
2158 3654
2158 3904
2159 3779
2159 4029
2160 3154
2160 3404
2161 3279
2161 3529
2162 3154
2162 3654
2163 3404
2163 3904
2164 3279
2164 3779
2165 3529
2165 4029
2166 2172
2166 2173
2167 2174
2167 2175
2168 3655
2168 3905
2169 3780
2169 4030
2170 3155
2170 3405
2171 3280
2171 3530
2172 3155
2172 3655
2173 3405
2173 3905
2174 3280
2174 3780
2175 3530
2175 4030
2176 2182
2176 2183
2177 2184
2177 2185
2178 3656
2178 3906
2179 3781
2179 4031
2180 3156
2180 3406
2181 3281
2181 3531
2182 3156
2182 3656
2183 3406
2183 3906
2184 3281
2184 3781
2185 3531
2185 4031
2186 2192
2186 2193
2187 2194
2187 2195
2188 3657
2188 3907
2189 3782
2189 4032
2190 3157
2190 3407
2191 3282
2191 3532
2192 3157
2192 3657
2193 3407
2193 3907
2194 3282
2194 3782
2195 3532
2195 4032
2196 2202
2196 2203
2197 2204
2197 2205
2198 3658
2198 3908
2199 3783
2199 4033
2200 3158
2200 3408
2201 3283
2201 3533
2202 3158
2202 3658
2203 3408
2203 3908
2204 3283
2204 3783
2205 3533
2205 4033
2206 2212
2206 2213
2207 2214
2207 2215
2208 3659
2208 3909
2209 3784
2209 4034
2210 3159
2210 3409
2211 3284
2211 3534
2212 3159
2212 3659
2213 3409
2213 3909
2214 3284
2214 3784
2215 3534
2215 4034
2216 2222
2216 2223
2217 2224
2217 2225
2218 3660
2218 3910
2219 3785
2219 4035
2220 3160
2220 3410
2221 3285
2221 3535
2222 3160
2222 3660
2223 3410
2223 3910
2224 3285
2224 3785
2225 3535
2225 4035
2226 2232
2226 2233
2227 2234
2227 2235
2228 3661
2228 3911
2229 3786
2229 4036
2230 3161
2230 3411
2231 3286
2231 3536
2232 3161
2232 3661
2233 3411
2233 3911
2234 3286
2234 3786
2235 3536
2235 4036
2236 2242
2236 2243
2237 2244
2237 2245
2238 3662
2238 3912
2239 3787
2239 4037
2240 3162
2240 3412
2241 3287
2241 3537
2242 3162
2242 3662
2243 3412
2243 3912
2244 3287
2244 3787
2245 3537
2245 4037
2246 2252
2246 2253
2247 2254
2247 2255
2248 3663
2248 3913
2249 3788
2249 4038
2250 3163
2250 3413
2251 3288
2251 3538
2252 3163
2252 3663
2253 3413
2253 3913
2254 3288
2254 3788
2255 3538
2255 4038
2256 2262
2256 2263
2257 2264
2257 2265
2258 3664
2258 3914
2259 3789
2259 4039
2260 3164
2260 3414
2261 3289
2261 3539
2262 3164
2262 3664
2263 3414
2263 3914
2264 3289
2264 3789
2265 3539
2265 4039
2266 2272
2266 2273
2267 2274
2267 2275
2268 3665
2268 3915
2269 3790
2269 4040
2270 3165
2270 3415
2271 3290
2271 3540
2272 3165
2272 3665
2273 3415
2273 3915
2274 3290
2274 3790
2275 3540
2275 4040
2276 2282
2276 2283
2277 2284
2277 2285
2278 3666
2278 3916
2279 3791
2279 4041
2280 3166
2280 3416
2281 3291
2281 3541
2282 3166
2282 3666
2283 3416
2283 3916
2284 3291
2284 3791
2285 3541
2285 4041
2286 2292
2286 2293
2287 2294
2287 2295
2288 3667
2288 3917
2289 3792
2289 4042
2290 3167
2290 3417
2291 3292
2291 3542
2292 3167
2292 3667
2293 3417
2293 3917
2294 3292
2294 3792
2295 3542
2295 4042
2296 2302
2296 2303
2297 2304
2297 2305
2298 3668
2298 3918
2299 3793
2299 4043
2300 3168
2300 3418
2301 3293
2301 3543
2302 3168
2302 3668
2303 3418
2303 3918
2304 3293
2304 3793
2305 3543
2305 4043
2306 2312
2306 2313
2307 2314
2307 2315
2308 3669
2308 3919
2309 3794
2309 4044
2310 3169
2310 3419
2311 3294
2311 3544
2312 3169
2312 3669
2313 3419
2313 3919
2314 3294
2314 3794
2315 3544
2315 4044
2316 2322
2316 2323
2317 2324
2317 2325
2318 3670
2318 3920
2319 3795
2319 4045
2320 3170
2320 3420
2321 3295
2321 3545
2322 3170
2322 3670
2323 3420
2323 3920
2324 3295
2324 3795
2325 3545
2325 4045
2326 2332
2326 2333
2327 2334
2327 2335
2328 3671
2328 3921
2329 3796
2329 4046
2330 3171
2330 3421
2331 3296
2331 3546
2332 3171
2332 3671
2333 3421
2333 3921
2334 3296
2334 3796
2335 3546
2335 4046
2336 2342
2336 2343
2337 2344
2337 2345
2338 3672
2338 3922
2339 3797
2339 4047
2340 3172
2340 3422
2341 3297
2341 3547
2342 3172
2342 3672
2343 3422
2343 3922
2344 3297
2344 3797
2345 3547
2345 4047
2346 2352
2346 2353
2347 2354
2347 2355
2348 3673
2348 3923
2349 3798
2349 4048
2350 3173
2350 3423
2351 3298
2351 3548
2352 3173
2352 3673
2353 3423
2353 3923
2354 3298
2354 3798
2355 3548
2355 4048
2356 2362
2356 2363
2357 2364
2357 2365
2358 3674
2358 3924
2359 3799
2359 4049
2360 3174
2360 3424
2361 3299
2361 3549
2362 3174
2362 3674
2363 3424
2363 3924
2364 3299
2364 3799
2365 3549
2365 4049
2366 2372
2366 2373
2367 2374
2367 2375
2368 3675
2368 3925
2369 3800
2369 4050
2370 3175
2370 3425
2371 3300
2371 3550
2372 3175
2372 3675
2373 3425
2373 3925
2374 3300
2374 3800
2375 3550
2375 4050
2376 2382
2376 2383
2377 2384
2377 2385
2378 3676
2378 3926
2379 3801
2379 4051
2380 3176
2380 3426
2381 3301
2381 3551
2382 3176
2382 3676
2383 3426
2383 3926
2384 3301
2384 3801
2385 3551
2385 4051
2386 2392
2386 2393
2387 2394
2387 2395
2388 3677
2388 3927
2389 3802
2389 4052
2390 3177
2390 3427
2391 3302
2391 3552
2392 3177
2392 3677
2393 3427
2393 3927
2394 3302
2394 3802
2395 3552
2395 4052
2396 2402
2396 2403
2397 2404
2397 2405
2398 3678
2398 3928
2399 3803
2399 4053
2400 3178
2400 3428
2401 3303
2401 3553
2402 3178
2402 3678
2403 3428
2403 3928
2404 3303
2404 3803
2405 3553
2405 4053
2406 2412
2406 2413
2407 2414
2407 2415
2408 3679
2408 3929
2409 3804
2409 4054
2410 3179
2410 3429
2411 3304
2411 3554
2412 3179
2412 3679
2413 3429
2413 3929
2414 3304
2414 3804
2415 3554
2415 4054
2416 2422
2416 2423
2417 2424
2417 2425
2418 3680
2418 3930
2419 3805
2419 4055
2420 3180
2420 3430
2421 3305
2421 3555
2422 3180
2422 3680
2423 3430
2423 3930
2424 3305
2424 3805
2425 3555
2425 4055
2426 2432
2426 2433
2427 2434
2427 2435
2428 3681
2428 3931
2429 3806
2429 4056
2430 3181
2430 3431
2431 3306
2431 3556
2432 3181
2432 3681
2433 3431
2433 3931
2434 3306
2434 3806
2435 3556
2435 4056
2436 2442
2436 2443
2437 2444
2437 2445
2438 3682
2438 3932
2439 3807
2439 4057
2440 3182
2440 3432
2441 3307
2441 3557
2442 3182
2442 3682
2443 3432
2443 3932
2444 3307
2444 3807
2445 3557
2445 4057
2446 2452
2446 2453
2447 2454
2447 2455
2448 3683
2448 3933
2449 3808
2449 4058
2450 3183
2450 3433
2451 3308
2451 3558
2452 3183
2452 3683
2453 3433
2453 3933
2454 3308
2454 3808
2455 3558
2455 4058
2456 2462
2456 2463
2457 2464
2457 2465
2458 3684
2458 3934
2459 3809
2459 4059
2460 3184
2460 3434
2461 3309
2461 3559
2462 3184
2462 3684
2463 3434
2463 3934
2464 3309
2464 3809
2465 3559
2465 4059
2466 2472
2466 2473
2467 2474
2467 2475
2468 3685
2468 3935
2469 3810
2469 4060
2470 3185
2470 3435
2471 3310
2471 3560
2472 3185
2472 3685
2473 3435
2473 3935
2474 3310
2474 3810
2475 3560
2475 4060
2476 2482
2476 2483
2477 2484
2477 2485
2478 3686
2478 3936
2479 3811
2479 4061
2480 3186
2480 3436
2481 3311
2481 3561
2482 3186
2482 3686
2483 3436
2483 3936
2484 3311
2484 3811
2485 3561
2485 4061
2486 2492
2486 2493
2487 2494
2487 2495
2488 3687
2488 3937
2489 3812
2489 4062
2490 3187
2490 3437
2491 3312
2491 3562
2492 3187
2492 3687
2493 3437
2493 3937
2494 3312
2494 3812
2495 3562
2495 4062
2496 2502
2496 2503
2497 2504
2497 2505
2498 3688
2498 3938
2499 3813
2499 4063
2500 3188
2500 3438
2501 3313
2501 3563
2502 3188
2502 3688
2503 3438
2503 3938
2504 3313
2504 3813
2505 3563
2505 4063
2506 2512
2506 2513
2507 2514
2507 2515
2508 3689
2508 3939
2509 3814
2509 4064
2510 3189
2510 3439
2511 3314
2511 3564
2512 3189
2512 3689
2513 3439
2513 3939
2514 3314
2514 3814
2515 3564
2515 4064
2516 2522
2516 2523
2517 2524
2517 2525
2518 3690
2518 3940
2519 3815
2519 4065
2520 3190
2520 3440
2521 3315
2521 3565
2522 3190
2522 3690
2523 3440
2523 3940
2524 3315
2524 3815
2525 3565
2525 4065
2526 2532
2526 2533
2527 2534
2527 2535
2528 3691
2528 3941
2529 3816
2529 4066
2530 3191
2530 3441
2531 3316
2531 3566
2532 3191
2532 3691
2533 3441
2533 3941
2534 3316
2534 3816
2535 3566
2535 4066
2536 2542
2536 2543
2537 2544
2537 2545
2538 3692
2538 3942
2539 3817
2539 4067
2540 3192
2540 3442
2541 3317
2541 3567
2542 3192
2542 3692
2543 3442
2543 3942
2544 3317
2544 3817
2545 3567
2545 4067
2546 2552
2546 2553
2547 2554
2547 2555
2548 3693
2548 3943
2549 3818
2549 4068
2550 3193
2550 3443
2551 3318
2551 3568
2552 3193
2552 3693
2553 3443
2553 3943
2554 3318
2554 3818
2555 3568
2555 4068
2556 2562
2556 2563
2557 2564
2557 2565
2558 3694
2558 3944
2559 3819
2559 4069
2560 3194
2560 3444
2561 3319
2561 3569
2562 3194
2562 3694
2563 3444
2563 3944
2564 3319
2564 3819
2565 3569
2565 4069
2566 2572
2566 2573
2567 2574
2567 2575
2568 3695
2568 3945
2569 3820
2569 4070
2570 3195
2570 3445
2571 3320
2571 3570
2572 3195
2572 3695
2573 3445
2573 3945
2574 3320
2574 3820
2575 3570
2575 4070
2576 2582
2576 2583
2577 2584
2577 2585
2578 3696
2578 3946
2579 3821
2579 4071
2580 3196
2580 3446
2581 3321
2581 3571
2582 3196
2582 3696
2583 3446
2583 3946
2584 3321
2584 3821
2585 3571
2585 4071
2586 2592
2586 2593
2587 2594
2587 2595
2588 3697
2588 3947
2589 3822
2589 4072
2590 3197
2590 3447
2591 3322
2591 3572
2592 3197
2592 3697
2593 3447
2593 3947
2594 3322
2594 3822
2595 3572
2595 4072
2596 2602
2596 2603
2597 2604
2597 2605
2598 3698
2598 3948
2599 3823
2599 4073
2600 3198
2600 3448
2601 3323
2601 3573
2602 3198
2602 3698
2603 3448
2603 3948
2604 3323
2604 3823
2605 3573
2605 4073
2606 2612
2606 2613
2607 2614
2607 2615
2608 3699
2608 3949
2609 3824
2609 4074
2610 3199
2610 3449
2611 3324
2611 3574
2612 3199
2612 3699
2613 3449
2613 3949
2614 3324
2614 3824
2615 3574
2615 4074
2616 2622
2616 2623
2617 2624
2617 2625
2618 3700
2618 3950
2619 3825
2619 4075
2620 3200
2620 3450
2621 3325
2621 3575
2622 3200
2622 3700
2623 3450
2623 3950
2624 3325
2624 3825
2625 3575
2625 4075
2626 2632
2626 2633
2627 2634
2627 2635
2628 3701
2628 3951
2629 3826
2629 4076
2630 3201
2630 3451
2631 3326
2631 3576
2632 3201
2632 3701
2633 3451
2633 3951
2634 3326
2634 3826
2635 3576
2635 4076
2636 2642
2636 2643
2637 2644
2637 2645
2638 3702
2638 3952
2639 3827
2639 4077
2640 3202
2640 3452
2641 3327
2641 3577
2642 3202
2642 3702
2643 3452
2643 3952
2644 3327
2644 3827
2645 3577
2645 4077
2646 2652
2646 2653
2647 2654
2647 2655
2648 3703
2648 3953
2649 3828
2649 4078
2650 3203
2650 3453
2651 3328
2651 3578
2652 3203
2652 3703
2653 3453
2653 3953
2654 3328
2654 3828
2655 3578
2655 4078
2656 2662
2656 2663
2657 2664
2657 2665
2658 3704
2658 3954
2659 3829
2659 4079
2660 3204
2660 3454
2661 3329
2661 3579
2662 3204
2662 3704
2663 3454
2663 3954
2664 3329
2664 3829
2665 3579
2665 4079
2666 2672
2666 2673
2667 2674
2667 2675
2668 3705
2668 3955
2669 3830
2669 4080
2670 3205
2670 3455
2671 3330
2671 3580
2672 3205
2672 3705
2673 3455
2673 3955
2674 3330
2674 3830
2675 3580
2675 4080
2676 2682
2676 2683
2677 2684
2677 2685
2678 3706
2678 3956
2679 3831
2679 4081
2680 3206
2680 3456
2681 3331
2681 3581
2682 3206
2682 3706
2683 3456
2683 3956
2684 3331
2684 3831
2685 3581
2685 4081
2686 2692
2686 2693
2687 2694
2687 2695
2688 3707
2688 3957
2689 3832
2689 4082
2690 3207
2690 3457
2691 3332
2691 3582
2692 3207
2692 3707
2693 3457
2693 3957
2694 3332
2694 3832
2695 3582
2695 4082
2696 2702
2696 2703
2697 2704
2697 2705
2698 3708
2698 3958
2699 3833
2699 4083
2700 3208
2700 3458
2701 3333
2701 3583
2702 3208
2702 3708
2703 3458
2703 3958
2704 3333
2704 3833
2705 3583
2705 4083
2706 2712
2706 2713
2707 2714
2707 2715
2708 3709
2708 3959
2709 3834
2709 4084
2710 3209
2710 3459
2711 3334
2711 3584
2712 3209
2712 3709
2713 3459
2713 3959
2714 3334
2714 3834
2715 3584
2715 4084
2716 2722
2716 2723
2717 2724
2717 2725
2718 3710
2718 3960
2719 3835
2719 4085
2720 3210
2720 3460
2721 3335
2721 3585
2722 3210
2722 3710
2723 3460
2723 3960
2724 3335
2724 3835
2725 3585
2725 4085
2726 2732
2726 2733
2727 2734
2727 2735
2728 3711
2728 3961
2729 3836
2729 4086
2730 3211
2730 3461
2731 3336
2731 3586
2732 3211
2732 3711
2733 3461
2733 3961
2734 3336
2734 3836
2735 3586
2735 4086
2736 2742
2736 2743
2737 2744
2737 2745
2738 3712
2738 3962
2739 3837
2739 4087
2740 3212
2740 3462
2741 3337
2741 3587
2742 3212
2742 3712
2743 3462
2743 3962
2744 3337
2744 3837
2745 3587
2745 4087
2746 2752
2746 2753
2747 2754
2747 2755
2748 3713
2748 3963
2749 3838
2749 4088
2750 3213
2750 3463
2751 3338
2751 3588
2752 3213
2752 3713
2753 3463
2753 3963
2754 3338
2754 3838
2755 3588
2755 4088
2756 2762
2756 2763
2757 2764
2757 2765
2758 3714
2758 3964
2759 3839
2759 4089
2760 3214
2760 3464
2761 3339
2761 3589
2762 3214
2762 3714
2763 3464
2763 3964
2764 3339
2764 3839
2765 3589
2765 4089
2766 2772
2766 2773
2767 2774
2767 2775
2768 3715
2768 3965
2769 3840
2769 4090
2770 3215
2770 3465
2771 3340
2771 3590
2772 3215
2772 3715
2773 3465
2773 3965
2774 3340
2774 3840
2775 3590
2775 4090
2776 2782
2776 2783
2777 2784
2777 2785
2778 3716
2778 3966
2779 3841
2779 4091
2780 3216
2780 3466
2781 3341
2781 3591
2782 3216
2782 3716
2783 3466
2783 3966
2784 3341
2784 3841
2785 3591
2785 4091
2786 2792
2786 2793
2787 2794
2787 2795
2788 3717
2788 3967
2789 3842
2789 4092
2790 3217
2790 3467
2791 3342
2791 3592
2792 3217
2792 3717
2793 3467
2793 3967
2794 3342
2794 3842
2795 3592
2795 4092
2796 2802
2796 2803
2797 2804
2797 2805
2798 3718
2798 3968
2799 3843
2799 4093
2800 3218
2800 3468
2801 3343
2801 3593
2802 3218
2802 3718
2803 3468
2803 3968
2804 3343
2804 3843
2805 3593
2805 4093
2806 2812
2806 2813
2807 2814
2807 2815
2808 3719
2808 3969
2809 3844
2809 4094
2810 3219
2810 3469
2811 3344
2811 3594
2812 3219
2812 3719
2813 3469
2813 3969
2814 3344
2814 3844
2815 3594
2815 4094
2816 2822
2816 2823
2817 2824
2817 2825
2818 3720
2818 3970
2819 3845
2819 4095
2820 3220
2820 3470
2821 3345
2821 3595
2822 3220
2822 3720
2823 3470
2823 3970
2824 3345
2824 3845
2825 3595
2825 4095
2826 2832
2826 2833
2827 2834
2827 2835
2828 3721
2828 3971
2829 3846
2829 4096
2830 3221
2830 3471
2831 3346
2831 3596
2832 3221
2832 3721
2833 3471
2833 3971
2834 3346
2834 3846
2835 3596
2835 4096
2836 2842
2836 2843
2837 2844
2837 2845
2838 3722
2838 3972
2839 3847
2839 4097
2840 3222
2840 3472
2841 3347
2841 3597
2842 3222
2842 3722
2843 3472
2843 3972
2844 3347
2844 3847
2845 3597
2845 4097
2846 2852
2846 2853
2847 2854
2847 2855
2848 3723
2848 3973
2849 3848
2849 4098
2850 3223
2850 3473
2851 3348
2851 3598
2852 3223
2852 3723
2853 3473
2853 3973
2854 3348
2854 3848
2855 3598
2855 4098
2856 2862
2856 2863
2857 2864
2857 2865
2858 3724
2858 3974
2859 3849
2859 4099
2860 3224
2860 3474
2861 3349
2861 3599
2862 3224
2862 3724
2863 3474
2863 3974
2864 3349
2864 3849
2865 3599
2865 4099
2866 2872
2866 2873
2867 2874
2867 2875
2868 3725
2868 3975
2869 3850
2869 4100
2870 3225
2870 3475
2871 3350
2871 3600
2872 3225
2872 3725
2873 3475
2873 3975
2874 3350
2874 3850
2875 3600
2875 4100
2876 2882
2876 2883
2877 2884
2877 2885
2878 3726
2878 3976
2879 3851
2879 4101
2880 3226
2880 3476
2881 3351
2881 3601
2882 3226
2882 3726
2883 3476
2883 3976
2884 3351
2884 3851
2885 3601
2885 4101
2886 2892
2886 2893
2887 2894
2887 2895
2888 3727
2888 3977
2889 3852
2889 4102
2890 3227
2890 3477
2891 3352
2891 3602
2892 3227
2892 3727
2893 3477
2893 3977
2894 3352
2894 3852
2895 3602
2895 4102
2896 2902
2896 2903
2897 2904
2897 2905
2898 3728
2898 3978
2899 3853
2899 4103
2900 3228
2900 3478
2901 3353
2901 3603
2902 3228
2902 3728
2903 3478
2903 3978
2904 3353
2904 3853
2905 3603
2905 4103
2906 2912
2906 2913
2907 2914
2907 2915
2908 3729
2908 3979
2909 3854
2909 4104
2910 3229
2910 3479
2911 3354
2911 3604
2912 3229
2912 3729
2913 3479
2913 3979
2914 3354
2914 3854
2915 3604
2915 4104
2916 2922
2916 2923
2917 2924
2917 2925
2918 3730
2918 3980
2919 3855
2919 4105
2920 3230
2920 3480
2921 3355
2921 3605
2922 3230
2922 3730
2923 3480
2923 3980
2924 3355
2924 3855
2925 3605
2925 4105
2926 2932
2926 2933
2927 2934
2927 2935
2928 3731
2928 3981
2929 3856
2929 4106
2930 3231
2930 3481
2931 3356
2931 3606
2932 3231
2932 3731
2933 3481
2933 3981
2934 3356
2934 3856
2935 3606
2935 4106
2936 2942
2936 2943
2937 2944
2937 2945
2938 3732
2938 3982
2939 3857
2939 4107
2940 3232
2940 3482
2941 3357
2941 3607
2942 3232
2942 3732
2943 3482
2943 3982
2944 3357
2944 3857
2945 3607
2945 4107
2946 2952
2946 2953
2947 2954
2947 2955
2948 3733
2948 3983
2949 3858
2949 4108
2950 3233
2950 3483
2951 3358
2951 3608
2952 3233
2952 3733
2953 3483
2953 3983
2954 3358
2954 3858
2955 3608
2955 4108
2956 2962
2956 2963
2957 2964
2957 2965
2958 3734
2958 3984
2959 3859
2959 4109
2960 3234
2960 3484
2961 3359
2961 3609
2962 3234
2962 3734
2963 3484
2963 3984
2964 3359
2964 3859
2965 3609
2965 4109
2966 2972
2966 2973
2967 2974
2967 2975
2968 3735
2968 3985
2969 3860
2969 4110
2970 3235
2970 3485
2971 3360
2971 3610
2972 3235
2972 3735
2973 3485
2973 3985
2974 3360
2974 3860
2975 3610
2975 4110
2976 2982
2976 2983
2977 2984
2977 2985
2978 3736
2978 3986
2979 3861
2979 4111
2980 3236
2980 3486
2981 3361
2981 3611
2982 3236
2982 3736
2983 3486
2983 3986
2984 3361
2984 3861
2985 3611
2985 4111
2986 2992
2986 2993
2987 2994
2987 2995
2988 3737
2988 3987
2989 3862
2989 4112
2990 3237
2990 3487
2991 3362
2991 3612
2992 3237
2992 3737
2993 3487
2993 3987
2994 3362
2994 3862
2995 3612
2995 4112
2996 3002
2996 3003
2997 3004
2997 3005
2998 3738
2998 3988
2999 3863
2999 4113
3000 3238
3000 3488
3001 3363
3001 3613
3002 3238
3002 3738
3003 3488
3003 3988
3004 3363
3004 3863
3005 3613
3005 4113
3006 3012
3006 3013
3007 3014
3007 3015
3008 3739
3008 3989
3009 3864
3009 4114
3010 3239
3010 3489
3011 3364
3011 3614
3012 3239
3012 3739
3013 3489
3013 3989
3014 3364
3014 3864
3015 3614
3015 4114
3016 3022
3016 3023
3017 3024
3017 3025
3018 3740
3018 3990
3019 3865
3019 4115
3020 3240
3020 3490
3021 3365
3021 3615
3022 3240
3022 3740
3023 3490
3023 3990
3024 3365
3024 3865
3025 3615
3025 4115
3026 3032
3026 3033
3027 3034
3027 3035
3028 3741
3028 3991
3029 3866
3029 4116
3030 3241
3030 3491
3031 3366
3031 3616
3032 3241
3032 3741
3033 3491
3033 3991
3034 3366
3034 3866
3035 3616
3035 4116
3036 3042
3036 3043
3037 3044
3037 3045
3038 3742
3038 3992
3039 3867
3039 4117
3040 3242
3040 3492
3041 3367
3041 3617
3042 3242
3042 3742
3043 3492
3043 3992
3044 3367
3044 3867
3045 3617
3045 4117
3046 3052
3046 3053
3047 3054
3047 3055
3048 3743
3048 3993
3049 3868
3049 4118
3050 3243
3050 3493
3051 3368
3051 3618
3052 3243
3052 3743
3053 3493
3053 3993
3054 3368
3054 3868
3055 3618
3055 4118
3056 3062
3056 3063
3057 3064
3057 3065
3058 3744
3058 3994
3059 3869
3059 4119
3060 3244
3060 3494
3061 3369
3061 3619
3062 3244
3062 3744
3063 3494
3063 3994
3064 3369
3064 3869
3065 3619
3065 4119
3066 3072
3066 3073
3067 3074
3067 3075
3068 3745
3068 3995
3069 3870
3069 4120
3070 3245
3070 3495
3071 3370
3071 3620
3072 3245
3072 3745
3073 3495
3073 3995
3074 3370
3074 3870
3075 3620
3075 4120
3076 3082
3076 3083
3077 3084
3077 3085
3078 3746
3078 3996
3079 3871
3079 4121
3080 3246
3080 3496
3081 3371
3081 3621
3082 3246
3082 3746
3083 3496
3083 3996
3084 3371
3084 3871
3085 3621
3085 4121
3086 3092
3086 3093
3087 3094
3087 3095
3088 3747
3088 3997
3089 3872
3089 4122
3090 3247
3090 3497
3091 3372
3091 3622
3092 3247
3092 3747
3093 3497
3093 3997
3094 3372
3094 3872
3095 3622
3095 4122
3096 3102
3096 3103
3097 3104
3097 3105
3098 3748
3098 3998
3099 3873
3099 4123
3100 3248
3100 3498
3101 3373
3101 3623
3102 3248
3102 3748
3103 3498
3103 3998
3104 3373
3104 3873
3105 3623
3105 4123
3106 3112
3106 3113
3107 3114
3107 3115
3108 3749
3108 3999
3109 3874
3109 4124
3110 3249
3110 3499
3111 3374
3111 3624
3112 3249
3112 3749
3113 3499
3113 3999
3114 3374
3114 3874
3115 3624
3115 4124
3116 3122
3116 3123
3117 3124
3117 3125
3118 3750
3118 4000
3119 3875
3119 4125
3120 3250
3120 3500
3121 3375
3121 3625
3122 3250
3122 3750
3123 3500
3123 4000
3124 3375
3124 3875
3125 3625
3125 4125
3126 876
3127 877
3128 878
3129 879
3130 880
3131 881
3132 882
3133 883
3134 884
3135 885
3136 886
3137 887
3138 888
3139 889
3140 890
3141 891
3142 892
3143 893
3144 894
3145 895
3146 896
3147 897
3148 898
3149 899
3150 900
3151 901
3152 902
3153 903
3154 904
3155 905
3156 906
3157 907
3158 908
3159 909
3160 910
3161 911
3162 912
3163 913
3164 914
3165 915
3166 916
3167 917
3168 918
3169 919
3170 920
3171 921
3172 922
3173 923
3174 924
3175 925
3176 926
3177 927
3178 928
3179 929
3180 930
3181 931
3182 932
3183 933
3184 934
3185 935
3186 936
3187 937
3188 938
3189 939
3190 940
3191 941
3192 942
3193 943
3194 944
3195 945
3196 946
3197 947
3198 948
3199 949
3200 950
3201 951
3202 952
3203 953
3204 954
3205 955
3206 956
3207 957
3208 958
3209 959
3210 960
3211 961
3212 962
3213 963
3214 964
3215 965
3216 966
3217 967
3218 968
3219 969
3220 970
3221 971
3222 972
3223 973
3224 974
3225 975
3226 976
3227 977
3228 978
3229 979
3230 980
3231 981
3232 982
3233 983
3234 984
3235 985
3236 986
3237 987
3238 988
3239 989
3240 990
3241 991
3242 992
3243 993
3244 994
3245 995
3246 996
3247 997
3248 998
3249 999
3250 1000
3251 1001
3252 1002
3253 1003
3254 1004
3255 1005
3256 1006
3257 1007
3258 1008
3259 1009
3260 1010
3261 1011
3262 1012
3263 1013
3264 1014
3265 1015
3266 1016
3267 1017
3268 1018
3269 1019
3270 1020
3271 1021
3272 1022
3273 1023
3274 1024
3275 1025
3276 1026
3277 1027
3278 1028
3279 1029
3280 1030
3281 1031
3282 1032
3283 1033
3284 1034
3285 1035
3286 1036
3287 1037
3288 1038
3289 1039
3290 1040
3291 1041
3292 1042
3293 1043
3294 1044
3295 1045
3296 1046
3297 1047
3298 1048
3299 1049
3300 1050
3301 1051
3302 1052
3303 1053
3304 1054
3305 1055
3306 1056
3307 1057
3308 1058
3309 1059
3310 1060
3311 1061
3312 1062
3313 1063
3314 1064
3315 1065
3316 1066
3317 1067
3318 1068
3319 1069
3320 1070
3321 1071
3322 1072
3323 1073
3324 1074
3325 1075
3326 1076
3327 1077
3328 1078
3329 1079
3330 1080
3331 1081
3332 1082
3333 1083
3334 1084
3335 1085
3336 1086
3337 1087
3338 1088
3339 1089
3340 1090
3341 1091
3342 1092
3343 1093
3344 1094
3345 1095
3346 1096
3347 1097
3348 1098
3349 1099
3350 1100
3351 1101
3352 1102
3353 1103
3354 1104
3355 1105
3356 1106
3357 1107
3358 1108
3359 1109
3360 1110
3361 1111
3362 1112
3363 1113
3364 1114
3365 1115
3366 1116
3367 1117
3368 1118
3369 1119
3370 1120
3371 1121
3372 1122
3373 1123
3374 1124
3375 1125
3376 1126
3377 1127
3378 1128
3379 1129
3380 1130
3381 1131
3382 1132
3383 1133
3384 1134
3385 1135
3386 1136
3387 1137
3388 1138
3389 1139
3390 1140
3391 1141
3392 1142
3393 1143
3394 1144
3395 1145
3396 1146
3397 1147
3398 1148
3399 1149
3400 1150
3401 1151
3402 1152
3403 1153
3404 1154
3405 1155
3406 1156
3407 1157
3408 1158
3409 1159
3410 1160
3411 1161
3412 1162
3413 1163
3414 1164
3415 1165
3416 1166
3417 1167
3418 1168
3419 1169
3420 1170
3421 1171
3422 1172
3423 1173
3424 1174
3425 1175
3426 1176
3427 1177
3428 1178
3429 1179
3430 1180
3431 1181
3432 1182
3433 1183
3434 1184
3435 1185
3436 1186
3437 1187
3438 1188
3439 1189
3440 1190
3441 1191
3442 1192
3443 1193
3444 1194
3445 1195
3446 1196
3447 1197
3448 1198
3449 1199
3450 1200
3451 1201
3452 1202
3453 1203
3454 1204
3455 1205
3456 1206
3457 1207
3458 1208
3459 1209
3460 1210
3461 1211
3462 1212
3463 1213
3464 1214
3465 1215
3466 1216
3467 1217
3468 1218
3469 1219
3470 1220
3471 1221
3472 1222
3473 1223
3474 1224
3475 1225
3476 1226
3477 1227
3478 1228
3479 1229
3480 1230
3481 1231
3482 1232
3483 1233
3484 1234
3485 1235
3486 1236
3487 1237
3488 1238
3489 1239
3490 1240
3491 1241
3492 1242
3493 1243
3494 1244
3495 1245
3496 1246
3497 1247
3498 1248
3499 1249
3500 1250
3501 1251
3502 1252
3503 1253
3504 1254
3505 1255
3506 1256
3507 1257
3508 1258
3509 1259
3510 1260
3511 1261
3512 1262
3513 1263
3514 1264
3515 1265
3516 1266
3517 1267
3518 1268
3519 1269
3520 1270
3521 1271
3522 1272
3523 1273
3524 1274
3525 1275
3526 1276
3527 1277
3528 1278
3529 1279
3530 1280
3531 1281
3532 1282
3533 1283
3534 1284
3535 1285
3536 1286
3537 1287
3538 1288
3539 1289
3540 1290
3541 1291
3542 1292
3543 1293
3544 1294
3545 1295
3546 1296
3547 1297
3548 1298
3549 1299
3550 1300
3551 1301
3552 1302
3553 1303
3554 1304
3555 1305
3556 1306
3557 1307
3558 1308
3559 1309
3560 1310
3561 1311
3562 1312
3563 1313
3564 1314
3565 1315
3566 1316
3567 1317
3568 1318
3569 1319
3570 1320
3571 1321
3572 1322
3573 1323
3574 1324
3575 1325
3576 1326
3577 1327
3578 1328
3579 1329
3580 1330
3581 1331
3582 1332
3583 1333
3584 1334
3585 1335
3586 1336
3587 1337
3588 1338
3589 1339
3590 1340
3591 1341
3592 1342
3593 1343
3594 1344
3595 1345
3596 1346
3597 1347
3598 1348
3599 1349
3600 1350
3601 1351
3602 1352
3603 1353
3604 1354
3605 1355
3606 1356
3607 1357
3608 1358
3609 1359
3610 1360
3611 1361
3612 1362
3613 1363
3614 1364
3615 1365
3616 1366
3617 1367
3618 1368
3619 1369
3620 1370
3621 1371
3622 1372
3623 1373
3624 1374
3625 1375
3626 1376
3627 1377
3628 1378
3629 1379
3630 1380
3631 1381
3632 1382
3633 1383
3634 1384
3635 1385
3636 1386
3637 1387
3638 1388
3639 1389
3640 1390
3641 1391
3642 1392
3643 1393
3644 1394
3645 1395
3646 1396
3647 1397
3648 1398
3649 1399
3650 1400
3651 1401
3652 1402
3653 1403
3654 1404
3655 1405
3656 1406
3657 1407
3658 1408
3659 1409
3660 1410
3661 1411
3662 1412
3663 1413
3664 1414
3665 1415
3666 1416
3667 1417
3668 1418
3669 1419
3670 1420
3671 1421
3672 1422
3673 1423
3674 1424
3675 1425
3676 1426
3677 1427
3678 1428
3679 1429
3680 1430
3681 1431
3682 1432
3683 1433
3684 1434
3685 1435
3686 1436
3687 1437
3688 1438
3689 1439
3690 1440
3691 1441
3692 1442
3693 1443
3694 1444
3695 1445
3696 1446
3697 1447
3698 1448
3699 1449
3700 1450
3701 1451
3702 1452
3703 1453
3704 1454
3705 1455
3706 1456
3707 1457
3708 1458
3709 1459
3710 1460
3711 1461
3712 1462
3713 1463
3714 1464
3715 1465
3716 1466
3717 1467
3718 1468
3719 1469
3720 1470
3721 1471
3722 1472
3723 1473
3724 1474
3725 1475
3726 1476
3727 1477
3728 1478
3729 1479
3730 1480
3731 1481
3732 1482
3733 1483
3734 1484
3735 1485
3736 1486
3737 1487
3738 1488
3739 1489
3740 1490
3741 1491
3742 1492
3743 1493
3744 1494
3745 1495
3746 1496
3747 1497
3748 1498
3749 1499
3750 1500
3751 1501
3752 1502
3753 1503
3754 1504
3755 1505
3756 1506
3757 1507
3758 1508
3759 1509
3760 1510
3761 1511
3762 1512
3763 1513
3764 1514
3765 1515
3766 1516
3767 1517
3768 1518
3769 1519
3770 1520
3771 1521
3772 1522
3773 1523
3774 1524
3775 1525
3776 1526
3777 1527
3778 1528
3779 1529
3780 1530
3781 1531
3782 1532
3783 1533
3784 1534
3785 1535
3786 1536
3787 1537
3788 1538
3789 1539
3790 1540
3791 1541
3792 1542
3793 1543
3794 1544
3795 1545
3796 1546
3797 1547
3798 1548
3799 1549
3800 1550
3801 1551
3802 1552
3803 1553
3804 1554
3805 1555
3806 1556
3807 1557
3808 1558
3809 1559
3810 1560
3811 1561
3812 1562
3813 1563
3814 1564
3815 1565
3816 1566
3817 1567
3818 1568
3819 1569
3820 1570
3821 1571
3822 1572
3823 1573
3824 1574
3825 1575
3826 1576
3827 1577
3828 1578
3829 1579
3830 1580
3831 1581
3832 1582
3833 1583
3834 1584
3835 1585
3836 1586
3837 1587
3838 1588
3839 1589
3840 1590
3841 1591
3842 1592
3843 1593
3844 1594
3845 1595
3846 1596
3847 1597
3848 1598
3849 1599
3850 1600
3851 1601
3852 1602
3853 1603
3854 1604
3855 1605
3856 1606
3857 1607
3858 1608
3859 1609
3860 1610
3861 1611
3862 1612
3863 1613
3864 1614
3865 1615
3866 1616
3867 1617
3868 1618
3869 1619
3870 1620
3871 1621
3872 1622
3873 1623
3874 1624
3875 1625
3876 1626
3877 1627
3878 1628
3879 1629
3880 1630
3881 1631
3882 1632
3883 1633
3884 1634
3885 1635
3886 1636
3887 1637
3888 1638
3889 1639
3890 1640
3891 1641
3892 1642
3893 1643
3894 1644
3895 1645
3896 1646
3897 1647
3898 1648
3899 1649
3900 1650
3901 1651
3902 1652
3903 1653
3904 1654
3905 1655
3906 1656
3907 1657
3908 1658
3909 1659
3910 1660
3911 1661
3912 1662
3913 1663
3914 1664
3915 1665
3916 1666
3917 1667
3918 1668
3919 1669
3920 1670
3921 1671
3922 1672
3923 1673
3924 1674
3925 1675
3926 1676
3927 1677
3928 1678
3929 1679
3930 1680
3931 1681
3932 1682
3933 1683
3934 1684
3935 1685
3936 1686
3937 1687
3938 1688
3939 1689
3940 1690
3941 1691
3942 1692
3943 1693
3944 1694
3945 1695
3946 1696
3947 1697
3948 1698
3949 1699
3950 1700
3951 1701
3952 1702
3953 1703
3954 1704
3955 1705
3956 1706
3957 1707
3958 1708
3959 1709
3960 1710
3961 1711
3962 1712
3963 1713
3964 1714
3965 1715
3966 1716
3967 1717
3968 1718
3969 1719
3970 1720
3971 1721
3972 1722
3973 1723
3974 1724
3975 1725
3976 1726
3977 1727
3978 1728
3979 1729
3980 1730
3981 1731
3982 1732
3983 1733
3984 1734
3985 1735
3986 1736
3987 1737
3988 1738
3989 1739
3990 1740
3991 1741
3992 1742
3993 1743
3994 1744
3995 1745
3996 1746
3997 1747
3998 1748
3999 1749
4000 1750
4001 1751
4002 1752
4003 1753
4004 1754
4005 1755
4006 1756
4007 1757
4008 1758
4009 1759
4010 1760
4011 1761
4012 1762
4013 1763
4014 1764
4015 1765
4016 1766
4017 1767
4018 1768
4019 1769
4020 1770
4021 1771
4022 1772
4023 1773
4024 1774
4025 1775
4026 1776
4027 1777
4028 1778
4029 1779
4030 1780
4031 1781
4032 1782
4033 1783
4034 1784
4035 1785
4036 1786
4037 1787
4038 1788
4039 1789
4040 1790
4041 1791
4042 1792
4043 1793
4044 1794
4045 1795
4046 1796
4047 1797
4048 1798
4049 1799
4050 1800
4051 1801
4052 1802
4053 1803
4054 1804
4055 1805
4056 1806
4057 1807
4058 1808
4059 1809
4060 1810
4061 1811
4062 1812
4063 1813
4064 1814
4065 1815
4066 1816
4067 1817
4068 1818
4069 1819
4070 1820
4071 1821
4072 1822
4073 1823
4074 1824
4075 1825
4076 1826
4077 1827
4078 1828
4079 1829
4080 1830
4081 1831
4082 1832
4083 1833
4084 1834
4085 1835
4086 1836
4087 1837
4088 1838
4089 1839
4090 1840
4091 1841
4092 1842
4093 1843
4094 1844
4095 1845
4096 1846
4097 1847
4098 1848
4099 1849
4100 1850
4101 1851
4102 1852
4103 1853
4104 1854
4105 1855
4106 1856
4107 1857
4108 1858
4109 1859
4110 1860
4111 1861
4112 1862
4113 1863
4114 1864
4115 1865
4116 1866
4117 1867
4118 1868
4119 1869
4120 1870
4121 1871
4122 1872
4123 1873
4124 1874
4125 1875
