1998 1998
1 1333
1 1334
2 1335
2 1336
3 1337
3 1338
4 1339
4 1340
5 1341
5 1342
6 1343
6 1344
7 1345
7 1346
8 1347
8 1348
9 1349
9 1350
10 1351
10 1352
11 1353
11 1354
12 1355
12 1356
13 1357
13 1358
14 1359
14 1360
15 1361
15 1362
16 1363
16 1364
17 1365
17 1366
18 1367
18 1368
19 1369
19 1370
20 1371
20 1372
21 1373
21 1374
22 1375
22 1376
23 1377
23 1378
24 1379
24 1380
25 1381
25 1382
26 1383
26 1384
27 1385
27 1386
28 1387
28 1388
29 1389
29 1390
30 1391
30 1392
31 1393
31 1394
32 1395
32 1396
33 1397
33 1398
34 1399
34 1400
35 1401
35 1402
36 1403
36 1404
37 1405
37 1406
38 1407
38 1408
39 1409
39 1410
40 1411
40 1412
41 1413
41 1414
42 1415
42 1416
43 1417
43 1418
44 1419
44 1420
45 1421
45 1422
46 1423
46 1424
47 1425
47 1426
48 1427
48 1428
49 1429
49 1430
50 1431
50 1432
51 1433
51 1434
52 1435
52 1436
53 1437
53 1438
54 1439
54 1440
55 1441
55 1442
56 1443
56 1444
57 1445
57 1446
58 1447
58 1448
59 1449
59 1450
60 1451
60 1452
61 1453
61 1454
62 1455
62 1456
63 1457
63 1458
64 1459
64 1460
65 1461
65 1462
66 1463
66 1464
67 1465
67 1466
68 1467
68 1468
69 1469
69 1470
70 1471
70 1472
71 1473
71 1474
72 1475
72 1476
73 1477
73 1478
74 1479
74 1480
75 1481
75 1482
76 1483
76 1484
77 1485
77 1486
78 1487
78 1488
79 1489
79 1490
80 1491
80 1492
81 1493
81 1494
82 1495
82 1496
83 1497
83 1498
84 1499
84 1500
85 1501
85 1502
86 1503
86 1504
87 1505
87 1506
88 1507
88 1508
89 1509
89 1510
90 1511
90 1512
91 1513
91 1514
92 1515
92 1516
93 1517
93 1518
94 1519
94 1520
95 1521
95 1522
96 1523
96 1524
97 1525
97 1526
98 1527
98 1528
99 1529
99 1530
100 1531
100 1532
101 1533
101 1534
102 1535
102 1536
103 1537
103 1538
104 1539
104 1540
105 1541
105 1542
106 1543
106 1544
107 1545
107 1546
108 1547
108 1548
109 1549
109 1550
110 1551
110 1552
111 1553
111 1554
112 1555
112 1556
113 1557
113 1558
114 1559
114 1560
115 1561
115 1562
116 1563
116 1564
117 1565
117 1566
118 1567
118 1568
119 1569
119 1570
120 1571
120 1572
121 1573
121 1574
122 1575
122 1576
123 1577
123 1578
124 1579
124 1580
125 1581
125 1582
126 1583
126 1584
127 1585
127 1586
128 1587
128 1588
129 1589
129 1590
130 1591
130 1592
131 1593
131 1594
132 1595
132 1596
133 1597
133 1598
134 1599
134 1600
135 1601
135 1602
136 1603
136 1604
137 1605
137 1606
138 1607
138 1608
139 1609
139 1610
140 1611
140 1612
141 1613
141 1614
142 1615
142 1616
143 1617
143 1618
144 1619
144 1620
145 1621
145 1622
146 1623
146 1624
147 1625
147 1626
148 1627
148 1628
149 1629
149 1630
150 1631
150 1632
151 1633
151 1634
152 1635
152 1636
153 1637
153 1638
154 1639
154 1640
155 1641
155 1642
156 1643
156 1644
157 1645
157 1646
158 1647
158 1648
159 1649
159 1650
160 1651
160 1652
161 1653
161 1654
162 1655
162 1656
163 1657
163 1658
164 1659
164 1660
165 1661
165 1662
166 1663
166 1664
167 1665
167 1666
168 1667
168 1668
169 1669
169 1670
170 1671
170 1672
171 1673
171 1674
172 1675
172 1676
173 1677
173 1678
174 1679
174 1680
175 1681
175 1682
176 1683
176 1684
177 1685
177 1686
178 1687
178 1688
179 1689
179 1690
180 1691
180 1692
181 1693
181 1694
182 1695
182 1696
183 1697
183 1698
184 1699
184 1700
185 1701
185 1702
186 1703
186 1704
187 1705
187 1706
188 1707
188 1708
189 1709
189 1710
190 1711
190 1712
191 1713
191 1714
192 1715
192 1716
193 1717
193 1718
194 1719
194 1720
195 1721
195 1722
196 1723
196 1724
197 1725
197 1726
198 1727
198 1728
199 1729
199 1730
200 1731
200 1732
201 1733
201 1734
202 1735
202 1736
203 1737
203 1738
204 1739
204 1740
205 1741
205 1742
206 1743
206 1744
207 1745
207 1746
208 1747
208 1748
209 1749
209 1750
210 1751
210 1752
211 1753
211 1754
212 1755
212 1756
213 1757
213 1758
214 1759
214 1760
215 1761
215 1762
216 1763
216 1764
217 1765
217 1766
218 1767
218 1768
219 1769
219 1770
220 1771
220 1772
221 1773
221 1774
222 1775
222 1776
223 1777
223 1778
224 1779
224 1780
225 1781
225 1782
226 1783
226 1784
227 1785
227 1786
228 1787
228 1788
229 1789
229 1790
230 1791
230 1792
231 1793
231 1794
232 1795
232 1796
233 1797
233 1798
234 1799
234 1800
235 1801
235 1802
236 1803
236 1804
237 1805
237 1806
238 1807
238 1808
239 1809
239 1810
240 1811
240 1812
241 1813
241 1814
242 1815
242 1816
243 1817
243 1818
244 1819
244 1820
245 1821
245 1822
246 1823
246 1824
247 1825
247 1826
248 1827
248 1828
249 1829
249 1830
250 1831
250 1832
251 1833
251 1834
252 1835
252 1836
253 1837
253 1838
254 1839
254 1840
255 1841
255 1842
256 1843
256 1844
257 1845
257 1846
258 1847
258 1848
259 1849
259 1850
260 1851
260 1852
261 1853
261 1854
262 1855
262 1856
263 1857
263 1858
264 1859
264 1860
265 1861
265 1862
266 1863
266 1864
267 1865
267 1866
268 1867
268 1868
269 1869
269 1870
270 1871
270 1872
271 1873
271 1874
272 1875
272 1876
273 1877
273 1878
274 1879
274 1880
275 1881
275 1882
276 1883
276 1884
277 1885
277 1886
278 1887
278 1888
279 1889
279 1890
280 1891
280 1892
281 1893
281 1894
282 1895
282 1896
283 1897
283 1898
284 1899
284 1900
285 1901
285 1902
286 1903
286 1904
287 1905
287 1906
288 1907
288 1908
289 1909
289 1910
290 1911
290 1912
291 1913
291 1914
292 1915
292 1916
293 1917
293 1918
294 1919
294 1920
295 1921
295 1922
296 1923
296 1924
297 1925
297 1926
298 1927
298 1928
299 1929
299 1930
300 1931
300 1932
301 1933
301 1934
302 1935
302 1936
303 1937
303 1938
304 1939
304 1940
305 1941
305 1942
306 1943
306 1944
307 1945
307 1946
308 1947
308 1948
309 1949
309 1950
310 1951
310 1952
311 1953
311 1954
312 1955
312 1956
313 1957
313 1958
314 1959
314 1960
315 1961
315 1962
316 1963
316 1964
317 1965
317 1966
318 1967
318 1968
319 1969
319 1970
320 1971
320 1972
321 1973
321 1974
322 1975
322 1976
323 1977
323 1978
324 1979
324 1980
325 1981
325 1982
326 1983
326 1984
327 1985
327 1986
328 1987
328 1988
329 1989
329 1990
330 1991
330 1992
331 1993
331 1994
332 1995
332 1996
333 1997
333 1998
1333 1
1333 334
1334 667
1334 1000
1335 2
1335 335
1336 668
1336 1001
1337 3
1337 336
1338 669
1338 1002
1339 4
1339 337
1340 670
1340 1003
1341 5
1341 338
1342 671
1342 1004
1343 6
1343 339
1344 672
1344 1005
1345 7
1345 340
1346 673
1346 1006
1347 8
1347 341
1348 674
1348 1007
1349 9
1349 342
1350 675
1350 1008
1351 10
1351 343
1352 676
1352 1009
1353 11
1353 344
1354 677
1354 1010
1355 12
1355 345
1356 678
1356 1011
1357 13
1357 346
1358 679
1358 1012
1359 14
1359 347
1360 680
1360 1013
1361 15
1361 348
1362 681
1362 1014
1363 16
1363 349
1364 682
1364 1015
1365 17
1365 350
1366 683
1366 1016
1367 18
1367 351
1368 684
1368 1017
1369 19
1369 352
1370 685
1370 1018
1371 20
1371 353
1372 686
1372 1019
1373 21
1373 354
1374 687
1374 1020
1375 22
1375 355
1376 688
1376 1021
1377 23
1377 356
1378 689
1378 1022
1379 24
1379 357
1380 690
1380 1023
1381 25
1381 358
1382 691
1382 1024
1383 26
1383 359
1384 692
1384 1025
1385 27
1385 360
1386 693
1386 1026
1387 28
1387 361
1388 694
1388 1027
1389 29
1389 362
1390 695
1390 1028
1391 30
1391 363
1392 696
1392 1029
1393 31
1393 364
1394 697
1394 1030
1395 32
1395 365
1396 698
1396 1031
1397 33
1397 366
1398 699
1398 1032
1399 34
1399 367
1400 700
1400 1033
1401 35
1401 368
1402 701
1402 1034
1403 36
1403 369
1404 702
1404 1035
1405 37
1405 370
1406 703
1406 1036
1407 38
1407 371
1408 704
1408 1037
1409 39
1409 372
1410 705
1410 1038
1411 40
1411 373
1412 706
1412 1039
1413 41
1413 374
1414 707
1414 1040
1415 42
1415 375
1416 708
1416 1041
1417 43
1417 376
1418 709
1418 1042
1419 44
1419 377
1420 710
1420 1043
1421 45
1421 378
1422 711
1422 1044
1423 46
1423 379
1424 712
1424 1045
1425 47
1425 380
1426 713
1426 1046
1427 48
1427 381
1428 714
1428 1047
1429 49
1429 382
1430 715
1430 1048
1431 50
1431 383
1432 716
1432 1049
1433 51
1433 384
1434 717
1434 1050
1435 52
1435 385
1436 718
1436 1051
1437 53
1437 386
1438 719
1438 1052
1439 54
1439 387
1440 720
1440 1053
1441 55
1441 388
1442 721
1442 1054
1443 56
1443 389
1444 722
1444 1055
1445 57
1445 390
1446 723
1446 1056
1447 58
1447 391
1448 724
1448 1057
1449 59
1449 392
1450 725
1450 1058
1451 60
1451 393
1452 726
1452 1059
1453 61
1453 394
1454 727
1454 1060
1455 62
1455 395
1456 728
1456 1061
1457 63
1457 396
1458 729
1458 1062
1459 64
1459 397
1460 730
1460 1063
1461 65
1461 398
1462 731
1462 1064
1463 66
1463 399
1464 732
1464 1065
1465 67
1465 400
1466 733
1466 1066
1467 68
1467 401
1468 734
1468 1067
1469 69
1469 402
1470 735
1470 1068
1471 70
1471 403
1472 736
1472 1069
1473 71
1473 404
1474 737
1474 1070
1475 72
1475 405
1476 738
1476 1071
1477 73
1477 406
1478 739
1478 1072
1479 74
1479 407
1480 740
1480 1073
1481 75
1481 408
1482 741
1482 1074
1483 76
1483 409
1484 742
1484 1075
1485 77
1485 410
1486 743
1486 1076
1487 78
1487 411
1488 744
1488 1077
1489 79
1489 412
1490 745
1490 1078
1491 80
1491 413
1492 746
1492 1079
1493 81
1493 414
1494 747
1494 1080
1495 82
1495 415
1496 748
1496 1081
1497 83
1497 416
1498 749
1498 1082
1499 84
1499 417
1500 750
1500 1083
1501 85
1501 418
1502 751
1502 1084
1503 86
1503 419
1504 752
1504 1085
1505 87
1505 420
1506 753
1506 1086
1507 88
1507 421
1508 754
1508 1087
1509 89
1509 422
1510 755
1510 1088
1511 90
1511 423
1512 756
1512 1089
1513 91
1513 424
1514 757
1514 1090
1515 92
1515 425
1516 758
1516 1091
1517 93
1517 426
1518 759
1518 1092
1519 94
1519 427
1520 760
1520 1093
1521 95
1521 428
1522 761
1522 1094
1523 96
1523 429
1524 762
1524 1095
1525 97
1525 430
1526 763
1526 1096
1527 98
1527 431
1528 764
1528 1097
1529 99
1529 432
1530 765
1530 1098
1531 100
1531 433
1532 766
1532 1099
1533 101
1533 434
1534 767
1534 1100
1535 102
1535 435
1536 768
1536 1101
1537 103
1537 436
1538 769
1538 1102
1539 104
1539 437
1540 770
1540 1103
1541 105
1541 438
1542 771
1542 1104
1543 106
1543 439
1544 772
1544 1105
1545 107
1545 440
1546 773
1546 1106
1547 108
1547 441
1548 774
1548 1107
1549 109
1549 442
1550 775
1550 1108
1551 110
1551 443
1552 776
1552 1109
1553 111
1553 444
1554 777
1554 1110
1555 112
1555 445
1556 778
1556 1111
1557 113
1557 446
1558 779
1558 1112
1559 114
1559 447
1560 780
1560 1113
1561 115
1561 448
1562 781
1562 1114
1563 116
1563 449
1564 782
1564 1115
1565 117
1565 450
1566 783
1566 1116
1567 118
1567 451
1568 784
1568 1117
1569 119
1569 452
1570 785
1570 1118
1571 120
1571 453
1572 786
1572 1119
1573 121
1573 454
1574 787
1574 1120
1575 122
1575 455
1576 788
1576 1121
1577 123
1577 456
1578 789
1578 1122
1579 124
1579 457
1580 790
1580 1123
1581 125
1581 458
1582 791
1582 1124
1583 126
1583 459
1584 792
1584 1125
1585 127
1585 460
1586 793
1586 1126
1587 128
1587 461
1588 794
1588 1127
1589 129
1589 462
1590 795
1590 1128
1591 130
1591 463
1592 796
1592 1129
1593 131
1593 464
1594 797
1594 1130
1595 132
1595 465
1596 798
1596 1131
1597 133
1597 466
1598 799
1598 1132
1599 134
1599 467
1600 800
1600 1133
1601 135
1601 468
1602 801
1602 1134
1603 136
1603 469
1604 802
1604 1135
1605 137
1605 470
1606 803
1606 1136
1607 138
1607 471
1608 804
1608 1137
1609 139
1609 472
1610 805
1610 1138
1611 140
1611 473
1612 806
1612 1139
1613 141
1613 474
1614 807
1614 1140
1615 142
1615 475
1616 808
1616 1141
1617 143
1617 476
1618 809
1618 1142
1619 144
1619 477
1620 810
1620 1143
1621 145
1621 478
1622 811
1622 1144
1623 146
1623 479
1624 812
1624 1145
1625 147
1625 480
1626 813
1626 1146
1627 148
1627 481
1628 814
1628 1147
1629 149
1629 482
1630 815
1630 1148
1631 150
1631 483
1632 816
1632 1149
1633 151
1633 484
1634 817
1634 1150
1635 152
1635 485
1636 818
1636 1151
1637 153
1637 486
1638 819
1638 1152
1639 154
1639 487
1640 820
1640 1153
1641 155
1641 488
1642 821
1642 1154
1643 156
1643 489
1644 822
1644 1155
1645 157
1645 490
1646 823
1646 1156
1647 158
1647 491
1648 824
1648 1157
1649 159
1649 492
1650 825
1650 1158
1651 160
1651 493
1652 826
1652 1159
1653 161
1653 494
1654 827
1654 1160
1655 162
1655 495
1656 828
1656 1161
1657 163
1657 496
1658 829
1658 1162
1659 164
1659 497
1660 830
1660 1163
1661 165
1661 498
1662 831
1662 1164
1663 166
1663 499
1664 832
1664 1165
1665 167
1665 500
1666 833
1666 1166
1667 168
1667 501
1668 834
1668 1167
1669 169
1669 502
1670 835
1670 1168
1671 170
1671 503
1672 836
1672 1169
1673 171
1673 504
1674 837
1674 1170
1675 172
1675 505
1676 838
1676 1171
1677 173
1677 506
1678 839
1678 1172
1679 174
1679 507
1680 840
1680 1173
1681 175
1681 508
1682 841
1682 1174
1683 176
1683 509
1684 842
1684 1175
1685 177
1685 510
1686 843
1686 1176
1687 178
1687 511
1688 844
1688 1177
1689 179
1689 512
1690 845
1690 1178
1691 180
1691 513
1692 846
1692 1179
1693 181
1693 514
1694 847
1694 1180
1695 182
1695 515
1696 848
1696 1181
1697 183
1697 516
1698 849
1698 1182
1699 184
1699 517
1700 850
1700 1183
1701 185
1701 518
1702 851
1702 1184
1703 186
1703 519
1704 852
1704 1185
1705 187
1705 520
1706 853
1706 1186
1707 188
1707 521
1708 854
1708 1187
1709 189
1709 522
1710 855
1710 1188
1711 190
1711 523
1712 856
1712 1189
1713 191
1713 524
1714 857
1714 1190
1715 192
1715 525
1716 858
1716 1191
1717 193
1717 526
1718 859
1718 1192
1719 194
1719 527
1720 860
1720 1193
1721 195
1721 528
1722 861
1722 1194
1723 196
1723 529
1724 862
1724 1195
1725 197
1725 530
1726 863
1726 1196
1727 198
1727 531
1728 864
1728 1197
1729 199
1729 532
1730 865
1730 1198
1731 200
1731 533
1732 866
1732 1199
1733 201
1733 534
1734 867
1734 1200
1735 202
1735 535
1736 868
1736 1201
1737 203
1737 536
1738 869
1738 1202
1739 204
1739 537
1740 870
1740 1203
1741 205
1741 538
1742 871
1742 1204
1743 206
1743 539
1744 872
1744 1205
1745 207
1745 540
1746 873
1746 1206
1747 208
1747 541
1748 874
1748 1207
1749 209
1749 542
1750 875
1750 1208
1751 210
1751 543
1752 876
1752 1209
1753 211
1753 544
1754 877
1754 1210
1755 212
1755 545
1756 878
1756 1211
1757 213
1757 546
1758 879
1758 1212
1759 214
1759 547
1760 880
1760 1213
1761 215
1761 548
1762 881
1762 1214
1763 216
1763 549
1764 882
1764 1215
1765 217
1765 550
1766 883
1766 1216
1767 218
1767 551
1768 884
1768 1217
1769 219
1769 552
1770 885
1770 1218
1771 220
1771 553
1772 886
1772 1219
1773 221
1773 554
1774 887
1774 1220
1775 222
1775 555
1776 888
1776 1221
1777 223
1777 556
1778 889
1778 1222
1779 224
1779 557
1780 890
1780 1223
1781 225
1781 558
1782 891
1782 1224
1783 226
1783 559
1784 892
1784 1225
1785 227
1785 560
1786 893
1786 1226
1787 228
1787 561
1788 894
1788 1227
1789 229
1789 562
1790 895
1790 1228
1791 230
1791 563
1792 896
1792 1229
1793 231
1793 564
1794 897
1794 1230
1795 232
1795 565
1796 898
1796 1231
1797 233
1797 566
1798 899
1798 1232
1799 234
1799 567
1800 900
1800 1233
1801 235
1801 568
1802 901
1802 1234
1803 236
1803 569
1804 902
1804 1235
1805 237
1805 570
1806 903
1806 1236
1807 238
1807 571
1808 904
1808 1237
1809 239
1809 572
1810 905
1810 1238
1811 240
1811 573
1812 906
1812 1239
1813 241
1813 574
1814 907
1814 1240
1815 242
1815 575
1816 908
1816 1241
1817 243
1817 576
1818 909
1818 1242
1819 244
1819 577
1820 910
1820 1243
1821 245
1821 578
1822 911
1822 1244
1823 246
1823 579
1824 912
1824 1245
1825 247
1825 580
1826 913
1826 1246
1827 248
1827 581
1828 914
1828 1247
1829 249
1829 582
1830 915
1830 1248
1831 250
1831 583
1832 916
1832 1249
1833 251
1833 584
1834 917
1834 1250
1835 252
1835 585
1836 918
1836 1251
1837 253
1837 586
1838 919
1838 1252
1839 254
1839 587
1840 920
1840 1253
1841 255
1841 588
1842 921
1842 1254
1843 256
1843 589
1844 922
1844 1255
1845 257
1845 590
1846 923
1846 1256
1847 258
1847 591
1848 924
1848 1257
1849 259
1849 592
1850 925
1850 1258
1851 260
1851 593
1852 926
1852 1259
1853 261
1853 594
1854 927
1854 1260
1855 262
1855 595
1856 928
1856 1261
1857 263
1857 596
1858 929
1858 1262
1859 264
1859 597
1860 930
1860 1263
1861 265
1861 598
1862 931
1862 1264
1863 266
1863 599
1864 932
1864 1265
1865 267
1865 600
1866 933
1866 1266
1867 268
1867 601
1868 934
1868 1267
1869 269
1869 602
1870 935
1870 1268
1871 270
1871 603
1872 936
1872 1269
1873 271
1873 604
1874 937
1874 1270
1875 272
1875 605
1876 938
1876 1271
1877 273
1877 606
1878 939
1878 1272
1879 274
1879 607
1880 940
1880 1273
1881 275
1881 608
1882 941
1882 1274
1883 276
1883 609
1884 942
1884 1275
1885 277
1885 610
1886 943
1886 1276
1887 278
1887 611
1888 944
1888 1277
1889 279
1889 612
1890 945
1890 1278
1891 280
1891 613
1892 946
1892 1279
1893 281
1893 614
1894 947
1894 1280
1895 282
1895 615
1896 948
1896 1281
1897 283
1897 616
1898 949
1898 1282
1899 284
1899 617
1900 950
1900 1283
1901 285
1901 618
1902 951
1902 1284
1903 286
1903 619
1904 952
1904 1285
1905 287
1905 620
1906 953
1906 1286
1907 288
1907 621
1908 954
1908 1287
1909 289
1909 622
1910 955
1910 1288
1911 290
1911 623
1912 956
1912 1289
1913 291
1913 624
1914 957
1914 1290
1915 292
1915 625
1916 958
1916 1291
1917 293
1917 626
1918 959
1918 1292
1919 294
1919 627
1920 960
1920 1293
1921 295
1921 628
1922 961
1922 1294
1923 296
1923 629
1924 962
1924 1295
1925 297
1925 630
1926 963
1926 1296
1927 298
1927 631
1928 964
1928 1297
1929 299
1929 632
1930 965
1930 1298
1931 300
1931 633
1932 966
1932 1299
1933 301
1933 634
1934 967
1934 1300
1935 302
1935 635
1936 968
1936 1301
1937 303
1937 636
1938 969
1938 1302
1939 304
1939 637
1940 970
1940 1303
1941 305
1941 638
1942 971
1942 1304
1943 306
1943 639
1944 972
1944 1305
1945 307
1945 640
1946 973
1946 1306
1947 308
1947 641
1948 974
1948 1307
1949 309
1949 642
1950 975
1950 1308
1951 310
1951 643
1952 976
1952 1309
1953 311
1953 644
1954 977
1954 1310
1955 312
1955 645
1956 978
1956 1311
1957 313
1957 646
1958 979
1958 1312
1959 314
1959 647
1960 980
1960 1313
1961 315
1961 648
1962 981
1962 1314
1963 316
1963 649
1964 982
1964 1315
1965 317
1965 650
1966 983
1966 1316
1967 318
1967 651
1968 984
1968 1317
1969 319
1969 652
1970 985
1970 1318
1971 320
1971 653
1972 986
1972 1319
1973 321
1973 654
1974 987
1974 1320
1975 322
1975 655
1976 988
1976 1321
1977 323
1977 656
1978 989
1978 1322
1979 324
1979 657
1980 990
1980 1323
1981 325
1981 658
1982 991
1982 1324
1983 326
1983 659
1984 992
1984 1325
1985 327
1985 660
1986 993
1986 1326
1987 328
1987 661
1988 994
1988 1327
1989 329
1989 662
1990 995
1990 1328
1991 330
1991 663
1992 996
1992 1329
1993 331
1993 664
1994 997
1994 1330
1995 332
1995 665
1996 998
1996 1331
1997 333
1997 666
1998 999
1998 1332
