100
0.000840 0.038947
0.018560 0.314617
0.023709 0.477830
0.046247 0.586526
0.014152 0.637614
0.056584 0.652250
0.093452 0.664221
0.114623 0.663834
0.126009 0.684716
0.018946 0.687802
0.137893 0.763371
0.153988 0.971949
0.223084 0.995037
0.297283 0.914153
0.282371 0.884398
0.316779 0.860250
0.394861 0.988532
0.525208 0.911400
0.568919 0.863670
0.627939 0.818488
0.607660 0.771241
0.701017 0.663365
0.717932 0.771524
0.667035 0.820090
0.675488 0.830205
0.705087 0.830184
0.613361 0.876976
0.577759 0.906251
0.654257 0.995760
0.748941 0.912729
0.817818 0.865845
0.839532 0.792723
0.824876 0.866385
0.818447 0.910036
0.840133 0.942570
0.997576 0.892822
0.906324 0.750159
0.842640 0.638430
0.870868 0.601412
0.816955 0.547463
0.936333 0.504691
0.986904 0.199435
0.855569 0.032406
0.772743 0.053601
0.721491 0.036078
0.549243 0.028036
0.534207 0.091739
0.612885 0.145391
0.597556 0.227044
0.703331 0.266578
0.727457 0.257769
0.748648 0.247957
0.794696 0.296236
0.815018 0.400789
0.758381 0.377489
0.602593 0.319059
0.600619 0.336420
0.665696 0.376163
0.690201 0.385104
0.519546 0.355984
0.458492 0.370676
0.441146 0.436561
0.467869 0.516340
0.579251 0.486546
0.623709 0.589644
0.506710 0.587092
0.469336 0.639950
0.570157 0.660344
0.494640 0.709024
0.457150 0.725129
0.485352 0.804713
0.422920 0.755228
0.405815 0.763260
0.354492 0.687342
0.285627 0.719447
0.264764 0.734102
0.217493 0.520240
0.294256 0.620093
0.442306 0.652973
0.407104 0.543259
0.353662 0.534455
0.360017 0.484426
0.314497 0.425206
0.288623 0.409017
0.213753 0.471347
0.266862 0.391436
0.228697 0.293685
0.157859 0.264009
0.276501 0.272481
0.297266 0.320044
0.317364 0.387767
0.394705 0.327726
0.370907 0.331708
0.500525 0.112024
0.446752 0.172048
0.427240 0.229589
0.376423 0.176841
0.503739 0.054134
0.344999 0.046492
0.188029 0.036053
