2000
0.000371 0.878272
0.001727 0.898464
0.017273 0.897114
0.008228 0.912912
0.016132 0.909490
0.010750 0.942259
0.009905 0.945840
0.020977 0.960341
0.020336 0.965208
0.020248 0.971863
0.011233 0.973804
0.004271 0.986876
0.053545 0.997743
0.105692 0.994338
0.145384 0.988577
0.174049 0.974877
0.182212 0.967634
0.182778 0.965267
0.182490 0.955129
0.164373 0.951064
0.141422 0.959370
0.120030 0.941034
0.106184 0.938891
0.096970 0.948348
0.095516 0.959929
0.077757 0.949417
0.058955 0.945190
0.065594 0.932698
0.065350 0.921547
0.069929 0.921701
0.081610 0.905816
0.063639 0.890865
0.058181 0.890891
0.051198 0.891476
0.050525 0.871389
0.062990 0.862277
0.066923 0.882398
0.099992 0.908484
0.091259 0.917542
0.100239 0.915570
0.087780 0.937561
0.124786 0.933707
0.174673 0.940828
0.163819 0.920786
0.181848 0.947974
0.208263 0.975606
0.222941 0.975421
0.221086 0.989904
0.260218 0.976119
0.266651 0.974278
0.259474 0.955959
0.275548 0.957421
0.281024 0.996857
0.328525 0.989551
0.337909 0.970593
0.332413 0.954585
0.325374 0.948117
0.304499 0.930991
0.327497 0.928013
0.328604 0.901903
0.330519 0.898092
0.318442 0.885693
0.295441 0.880301
0.290289 0.889681
0.290788 0.906194
0.285528 0.918802
0.262235 0.910471
0.284741 0.890613
0.266921 0.876902
0.251680 0.873417
0.245132 0.890499
0.242730 0.894375
0.240706 0.921534
0.227096 0.931840
0.235839 0.923557
0.222657 0.903487
0.227953 0.882829
0.205040 0.875391
0.197268 0.877654
0.183646 0.884852
0.177256 0.891513
0.165201 0.897558
0.142219 0.907616
0.124687 0.889239
0.103237 0.869070
0.099267 0.865053
0.112137 0.836155
0.113052 0.830437
0.104236 0.817455
0.137116 0.841748
0.158872 0.869985
0.212593 0.863368
0.206552 0.856529
0.202071 0.846679
0.195455 0.833676
0.184747 0.834485
0.167195 0.843506
0.178080 0.816413
0.170902 0.813330
0.188668 0.796437
0.190858 0.815982
0.228742 0.819466
0.210151 0.824619
0.206834 0.839436
0.229321 0.876317
0.246683 0.859436
0.242966 0.843203
0.265928 0.856187
0.272559 0.856407
0.280265 0.872262
0.312817 0.867716
0.309575 0.860782
0.310976 0.843527
0.298083 0.838305
0.282723 0.846269
0.309722 0.830904
0.311406 0.815298
0.312004 0.810659
0.306203 0.806430
0.285044 0.807226
0.277797 0.815308
0.270144 0.812427
0.264553 0.810710
0.255161 0.814559
0.252669 0.795754
0.239554 0.775954
0.221580 0.782661
0.212720 0.770552
0.245403 0.763566
0.241019 0.759829
0.263888 0.744255
0.254981 0.752093
0.276830 0.804056
0.324565 0.783063
0.328655 0.776227
0.325879 0.770220
0.343442 0.749506
0.350497 0.771894
0.353701 0.761558
0.350171 0.774915
0.337998 0.801053
0.337386 0.816806
0.343513 0.820296
0.356583 0.811277
0.369136 0.804368
0.372829 0.824542
0.388452 0.821389
0.398371 0.799824
0.400605 0.781751
0.397240 0.754056
0.379471 0.759047
0.390711 0.746943
0.407568 0.753230
0.433833 0.768968
0.437383 0.760937
0.436441 0.737706
0.421359 0.728284
0.409668 0.713687
0.415214 0.705079
0.415318 0.686611
0.417864 0.683672
0.408591 0.674612
0.388201 0.675913
0.375431 0.682976
0.386077 0.705461
0.372307 0.729228
0.361884 0.717985
0.354105 0.686461
0.350951 0.687760
0.375927 0.673110
0.409117 0.662626
0.401637 0.658369
0.402664 0.645181
0.380625 0.642526
0.375256 0.630335
0.353879 0.636937
0.333270 0.649405
0.337676 0.661690
0.329302 0.651229
0.334150 0.663089
0.317317 0.680052
0.309939 0.694325
0.316991 0.706961
0.297568 0.702723
0.291959 0.725977
0.287244 0.725189
0.265700 0.714276
0.284003 0.687923
0.269429 0.671263
0.274096 0.664333
0.270162 0.665252
0.277709 0.659567
0.281143 0.658436
0.292501 0.649866
0.301632 0.636546
0.326352 0.644927
0.344075 0.629697
0.373292 0.616128
0.367638 0.604410
0.350874 0.591920
0.344578 0.599910
0.326029 0.613511
0.298822 0.618340
0.296503 0.620542
0.256564 0.613937
0.309562 0.600650
0.298850 0.595103
0.273753 0.593085
0.305023 0.590057
0.312771 0.587724
0.354944 0.572628
0.365658 0.552743
0.362645 0.574791
0.364243 0.576313
0.390800 0.566966
0.404014 0.578922
0.432318 0.603198
0.369796 0.583357
0.375267 0.594766
0.377929 0.590366
0.382853 0.600572
0.391724 0.604907
0.384697 0.619829
0.410289 0.634572
0.423077 0.630411
0.427100 0.628394
0.414887 0.661131
0.419234 0.654538
0.422430 0.647666
0.431791 0.644625
0.451664 0.649924
0.479556 0.640084
0.488679 0.654656
0.509734 0.650945
0.523764 0.647886
0.535094 0.642386
0.526357 0.623698
0.518885 0.609477
0.533041 0.600004
0.534783 0.619226
0.543515 0.610319
0.548540 0.618431
0.562384 0.599993
0.567583 0.574016
0.543541 0.575486
0.540067 0.563394
0.508807 0.556075
0.502955 0.555569
0.497057 0.559751
0.472424 0.564545
0.470237 0.571007
0.449982 0.562602
0.449091 0.604928
0.425269 0.575013
0.419309 0.545140
0.397238 0.530653
0.396104 0.531389
0.371393 0.524628
0.383419 0.523196
0.388898 0.529145
0.395365 0.501309
0.395798 0.496495
0.425697 0.516276
0.427333 0.508175
0.435755 0.488162
0.449890 0.481788
0.479332 0.491097
0.471503 0.502223
0.435818 0.509917
0.451825 0.539934
0.459617 0.534774
0.464496 0.533918
0.459981 0.552293
0.469678 0.554323
0.525167 0.539551
0.530461 0.532983
0.528119 0.505233
0.486526 0.479342
0.560640 0.525249
0.553869 0.559759
0.574832 0.558067
0.571900 0.552408
0.583218 0.573616
0.588646 0.573960
0.600058 0.563052
0.610614 0.540661
0.610810 0.539963
0.602468 0.527022
0.590603 0.532486
0.612807 0.512284
0.615498 0.508583
0.605773 0.496495
0.595904 0.500827
0.597822 0.486784
0.570358 0.478255
0.548023 0.470594
0.551057 0.456983
0.526933 0.437019
0.545558 0.427953
0.563986 0.437093
0.569978 0.422795
0.593137 0.470882
0.601127 0.451483
0.600151 0.429860
0.606407 0.417695
0.613351 0.416236
0.619994 0.411868
0.617241 0.398977
0.634094 0.406529
0.635129 0.405298
0.640589 0.392303
0.632533 0.366815
0.644537 0.352712
0.644874 0.343240
0.639112 0.342920
0.648808 0.328622
0.657023 0.329939
0.665757 0.315304
0.662402 0.309607
0.681354 0.317782
0.681397 0.324700
0.682024 0.325547
0.660578 0.356357
0.674595 0.361077
0.689970 0.353392
0.705973 0.339880
0.714492 0.320017
0.713615 0.308402
0.728709 0.326458
0.749935 0.309948
0.733997 0.342960
0.735594 0.342943
0.746008 0.342192
0.657397 0.383111
0.664369 0.388868
0.671038 0.424364
0.685769 0.440344
0.690867 0.444508
0.699129 0.448223
0.704633 0.463680
0.693365 0.459765
0.693280 0.485886
0.679854 0.469743
0.681153 0.443681
0.662203 0.429384
0.652557 0.452184
0.655697 0.466021
0.641698 0.476365
0.641842 0.493300
0.628549 0.449145
0.605831 0.479496
0.622607 0.512325
0.627193 0.565102
0.644751 0.552058
0.641850 0.532854
0.635629 0.512523
0.663420 0.537677
0.658658 0.527941
0.675571 0.529286
0.666013 0.555668
0.681733 0.556667
0.622500 0.585964
0.563669 0.619473
0.571239 0.620707
0.576823 0.615890
0.592759 0.627101
0.613234 0.619765
0.627619 0.607158
0.659831 0.627974
0.627375 0.625754
0.597320 0.638145
0.600516 0.651834
0.590529 0.668754
0.571748 0.671989
0.570012 0.691329
0.553467 0.710654
0.561516 0.673964
0.558419 0.675213
0.558103 0.646419
0.533456 0.663150
0.528298 0.666556
0.518931 0.669854
0.513490 0.684915
0.528209 0.711208
0.546191 0.721223
0.526714 0.713754
0.524348 0.718749
0.505931 0.704099
0.508353 0.681291
0.497587 0.692902
0.500443 0.697593
0.502218 0.704699
0.493445 0.729197
0.498282 0.734094
0.476170 0.741201
0.472035 0.668179
0.439108 0.670627
0.429562 0.690910
0.433073 0.693465
0.418360 0.706560
0.450468 0.721712
0.449060 0.716140
0.442068 0.709853
0.445376 0.696823
0.465208 0.715723
0.448140 0.763647
0.452705 0.755658
0.467051 0.795496
0.465974 0.804771
0.474882 0.806181
0.478271 0.807015
0.493934 0.803335
0.498056 0.807863
0.504277 0.810852
0.510408 0.813922
0.531318 0.840105
0.545328 0.843621
0.551642 0.852764
0.548752 0.857483
0.536920 0.866901
0.542870 0.875603
0.510247 0.852110
0.508684 0.858523
0.507979 0.873586
0.493705 0.844687
0.481337 0.826059
0.461987 0.837637
0.458252 0.842510
0.444741 0.853934
0.438270 0.860441
0.448210 0.870946
0.472077 0.882449
0.465668 0.901229
0.473986 0.905152
0.492353 0.916957
0.508327 0.919190
0.528574 0.916314
0.468175 0.935939
0.489348 0.940978
0.492748 0.936992
0.491020 0.948825
0.471221 0.948849
0.484534 0.950518
0.462319 0.950220
0.457645 0.945631
0.466816 0.915990
0.443981 0.877959
0.412077 0.878059
0.391521 0.874355
0.391239 0.893898
0.398931 0.902712
0.406813 0.905426
0.417234 0.907975
0.430086 0.909524
0.439950 0.920100
0.442007 0.923746
0.413285 0.922689
0.400993 0.911379
0.386802 0.906489
0.382479 0.879914
0.390183 0.872553
0.432209 0.874062
0.432933 0.853811
0.424808 0.848280
0.417886 0.844381
0.468755 0.813189
0.451696 0.786799
0.429073 0.789441
0.410173 0.812468
0.378949 0.840804
0.370732 0.840115
0.352582 0.844727
0.344331 0.827918
0.335374 0.822101
0.321430 0.826762
0.333573 0.882377
0.342146 0.878430
0.345563 0.889954
0.348522 0.915167
0.361666 0.911149
0.381527 0.919112
0.339808 0.934443
0.378447 0.975260
0.390757 0.966256
0.389884 0.950824
0.406001 0.951667
0.409369 0.949887
0.384933 0.982093
0.399299 0.983942
0.401812 0.981838
0.406402 0.982312
0.414737 0.991124
0.429616 0.990199
0.452566 0.995175
0.487978 0.997216
0.498050 0.995896
0.499665 0.994900
0.509837 0.988310
0.524305 0.981834
0.521910 0.996165
0.527696 0.995518
0.577243 0.986093
0.571992 0.960099
0.539441 0.944168
0.583230 0.930654
0.592485 0.950863
0.590384 0.973994
0.591838 0.994336
0.592015 0.999645
0.622780 0.963023
0.634054 0.947191
0.632380 0.974257
0.650715 0.974287
0.651653 0.969164
0.658403 0.987743
0.659068 0.977628
0.670209 0.995502
0.696258 0.981238
0.716063 0.981477
0.719361 0.977468
0.729173 0.960914
0.719899 0.954642
0.695311 0.956724
0.682308 0.963131
0.675517 0.944023
0.670638 0.935827
0.660157 0.920342
0.646523 0.914037
0.631295 0.915964
0.656864 0.898379
0.661100 0.912717
0.708380 0.940135
0.701290 0.935827
0.701681 0.932529
0.691874 0.910159
0.690873 0.906122
0.688234 0.895603
0.673996 0.883766
0.655187 0.875754
0.682727 0.872268
0.725874 0.858493
0.739752 0.849865
0.754156 0.844821
0.768629 0.879404
0.726996 0.868528
0.726651 0.871593
0.733884 0.891921
0.744472 0.901754
0.704556 0.883053
0.711854 0.920547
0.735974 0.930028
0.738281 0.945038
0.733744 0.971481
0.737452 0.971890
0.747028 0.964029
0.765328 0.957836
0.773647 0.957181
0.783192 0.950987
0.736091 0.989290
0.748741 0.998878
0.751345 0.990724
0.784205 0.985081
0.799529 0.985969
0.807886 0.997462
0.815492 0.993456
0.823874 0.982816
0.815349 0.956821
0.817351 0.942477
0.794824 0.940842
0.782373 0.931531
0.812889 0.931811
0.827578 0.915259
0.820333 0.893796
0.836894 0.937933
0.837616 0.937013
0.836937 0.975154
0.841614 0.998679
0.865472 0.988454
0.996176 0.988917
0.991430 0.975424
0.989235 0.972743
0.986848 0.962900
0.986799 0.962541
0.955721 0.950757
0.944765 0.949041
0.935986 0.964543
0.936171 0.946326
0.921765 0.943618
0.896579 0.954386
0.893172 0.957882
0.870826 0.964832
0.857667 0.956842
0.908430 0.934346
0.957665 0.932235
0.949406 0.891517
0.945576 0.889198
0.916146 0.899128
0.906046 0.896454
0.899805 0.893323
0.926021 0.874635
0.914590 0.870575
0.939432 0.872214
0.964760 0.901627
0.982733 0.886533
0.977054 0.872598
0.981918 0.869651
0.999927 0.841613
0.990113 0.815122
0.980017 0.806361
0.974825 0.807535
0.970521 0.811901
0.972076 0.824008
0.965691 0.811643
0.960096 0.789322
0.936999 0.791502
0.916745 0.802322
0.911600 0.813612
0.913618 0.826212
0.930215 0.819822
0.929332 0.829937
0.913572 0.836440
0.894887 0.854947
0.888841 0.825223
0.872904 0.817495
0.859912 0.824358
0.857597 0.829734
0.862785 0.851548
0.875388 0.875902
0.868732 0.888166
0.867061 0.890376
0.869754 0.893726
0.888610 0.903123
0.897004 0.897948
0.873039 0.917800
0.862783 0.905474
0.817028 0.889492
0.799413 0.882039
0.795243 0.883609
0.841277 0.850512
0.841871 0.811934
0.826747 0.813693
0.821651 0.820329
0.808306 0.824886
0.800433 0.833389
0.791287 0.829732
0.773672 0.818383
0.793066 0.794621
0.790311 0.789262
0.792497 0.782048
0.792090 0.778569
0.796655 0.780793
0.803708 0.786216
0.813606 0.813415
0.829754 0.787490
0.839579 0.804064
0.843990 0.808618
0.857030 0.809023
0.869714 0.812153
0.859710 0.808223
0.865490 0.788027
0.861410 0.767789
0.862902 0.753020
0.848356 0.744383
0.835336 0.749903
0.817492 0.746838
0.798096 0.753733
0.792969 0.752290
0.774171 0.749505
0.764242 0.761130
0.768665 0.782593
0.755335 0.750833
0.771611 0.741099
0.763643 0.737338
0.791183 0.710280
0.823912 0.721961
0.829695 0.716916
0.848941 0.717059
0.835201 0.740531
0.860737 0.738682
0.863929 0.743673
0.872509 0.767440
0.880244 0.760648
0.896967 0.760000
0.898670 0.761592
0.906585 0.759554
0.913229 0.766407
0.889303 0.781694
0.904555 0.809234
0.921775 0.732516
0.921624 0.758953
0.926584 0.734758
0.935238 0.742525
0.948379 0.743198
0.950091 0.767993
0.979030 0.793246
0.997834 0.801838
0.999795 0.784639
0.998554 0.760764
0.998326 0.759445
0.990048 0.722725
0.974614 0.732800
0.970838 0.720138
0.978019 0.705237
0.970701 0.680337
0.985642 0.675986
0.990248 0.670310
0.994685 0.666878
0.972668 0.647235
0.995161 0.633853
0.980953 0.615150
0.952874 0.612067
0.992020 0.599161
0.966193 0.581578
0.943639 0.582988
0.937996 0.580948
0.940489 0.563406
0.942703 0.549992
0.935215 0.540342
0.963073 0.562989
0.970336 0.545566
0.950265 0.510363
0.969490 0.519734
0.984321 0.512386
0.990172 0.497108
0.987210 0.478035
0.977929 0.473719
0.960764 0.475032
0.945012 0.473787
0.941405 0.478880
0.938211 0.509522
0.910238 0.524575
0.923183 0.493043
0.909444 0.482426
0.895898 0.477997
0.875948 0.482495
0.856600 0.490700
0.859796 0.502316
0.872012 0.517981
0.845737 0.529702
0.838781 0.562569
0.848290 0.581618
0.854768 0.588352
0.875879 0.592990
0.890492 0.580654
0.900582 0.571921
0.917352 0.603043
0.894549 0.608055
0.903427 0.612460
0.884177 0.618575
0.876631 0.596557
0.831684 0.636933
0.844231 0.664027
0.865678 0.660552
0.882401 0.665840
0.901294 0.655767
0.908874 0.688766
0.926364 0.672077
0.930141 0.651925
0.943416 0.641244
0.943005 0.701487
0.947081 0.703957
0.941378 0.707312
0.928590 0.686932
0.910406 0.694073
0.920475 0.695894
0.900193 0.694304
0.886946 0.675289
0.881640 0.678622
0.887645 0.695610
0.842520 0.673847
0.846111 0.686108
0.861160 0.693713
0.850672 0.700653
0.833008 0.689915
0.825840 0.678799
0.794763 0.665383
0.781943 0.659059
0.768441 0.662325
0.761133 0.693343
0.747969 0.659516
0.743710 0.661162
0.738709 0.664394
0.735264 0.674423
0.729851 0.676554
0.717861 0.696158
0.705571 0.706443
0.697357 0.710670
0.693454 0.733586
0.695964 0.753881
0.709906 0.756295
0.715238 0.756790
0.692408 0.757467
0.695596 0.758083
0.705571 0.761867
0.730083 0.765086
0.694376 0.760773
0.687381 0.756513
0.672250 0.753937
0.660709 0.748018
0.656089 0.752445
0.661551 0.767422
0.673441 0.783172
0.683754 0.780078
0.678158 0.797732
0.685690 0.808954
0.701471 0.799927
0.718495 0.804015
0.719066 0.807811
0.743508 0.802635
0.744266 0.809871
0.736632 0.817631
0.717122 0.818398
0.713860 0.826989
0.676280 0.834654
0.679110 0.813382
0.643425 0.811844
0.634059 0.812419
0.661889 0.800536
0.656537 0.802284
0.655211 0.801544
0.668763 0.790404
0.657618 0.780157
0.651701 0.755131
0.641713 0.753254
0.631078 0.763873
0.651515 0.738342
0.653739 0.723530
0.647470 0.717319
0.619623 0.718682
0.604780 0.733411
0.602156 0.752551
0.593930 0.771170
0.610563 0.786776
0.623377 0.780062
0.626755 0.781738
0.622537 0.788413
0.590145 0.799598
0.603660 0.817257
0.632495 0.845125
0.599321 0.851361
0.585702 0.864951
0.586495 0.820507
0.572984 0.815328
0.557782 0.786550
0.543219 0.794523
0.536748 0.792594
0.536545 0.782497
0.536766 0.771734
0.520393 0.764590
0.514105 0.765809
0.532550 0.759769
0.556249 0.777938
0.564605 0.752729
0.548008 0.754864
0.569713 0.751731
0.590022 0.749790
0.618537 0.716648
0.614048 0.710072
0.646888 0.710260
0.641629 0.694132
0.650217 0.708646
0.644291 0.694282
0.632427 0.681507
0.613708 0.692579
0.628074 0.673535
0.642358 0.675270
0.645600 0.676383
0.646263 0.675046
0.644647 0.671992
0.690989 0.711262
0.693068 0.689079
0.697148 0.678365
0.685146 0.669211
0.718457 0.658617
0.701836 0.644209
0.704537 0.632042
0.701172 0.620022
0.715289 0.616071
0.714295 0.607478
0.698360 0.602127
0.682517 0.599842
0.702150 0.588098
0.697947 0.585406
0.705995 0.585229
0.709780 0.588239
0.735725 0.568548
0.734826 0.567269
0.715463 0.550664
0.724744 0.511528
0.712803 0.507516
0.714866 0.495020
0.715340 0.493243
0.733638 0.506644
0.739410 0.501067
0.741669 0.534956
0.770644 0.553448
0.774331 0.550589
0.784630 0.530238
0.776924 0.565614
0.787310 0.567348
0.758672 0.574876
0.738415 0.583806
0.767004 0.613801
0.731398 0.609344
0.728795 0.614860
0.718768 0.624158
0.741972 0.656477
0.783910 0.655443
0.819553 0.658559
0.821831 0.620558
0.792932 0.609219
0.785264 0.601542
0.814859 0.614600
0.832122 0.600609
0.818629 0.545903
0.812572 0.536242
0.819056 0.518773
0.807295 0.512735
0.800604 0.494703
0.798145 0.493827
0.786067 0.468494
0.769651 0.473640
0.752249 0.471978
0.761981 0.454855
0.769972 0.464549
0.794411 0.465852
0.808054 0.452676
0.827203 0.497163
0.842130 0.483823
0.839078 0.463844
0.834767 0.432829
0.831915 0.414153
0.860756 0.467602
0.858182 0.459935
0.912840 0.451217
0.911283 0.438036
0.930932 0.441874
0.932574 0.432031
0.937585 0.423768
0.930452 0.452841
0.953627 0.464053
0.998207 0.431322
0.990869 0.416787
0.994044 0.391602
0.980412 0.391117
0.969569 0.393461
0.956563 0.389453
0.947037 0.405935
0.959722 0.382260
0.957687 0.380802
0.981076 0.361984
0.962880 0.354552
0.976564 0.348191
0.978668 0.346538
0.988731 0.327572
0.966473 0.325132
0.981228 0.303608
0.979206 0.294390
0.976146 0.280123
0.954823 0.284274
0.962402 0.271079
0.980391 0.257475
0.961973 0.245891
0.947910 0.237613
0.929570 0.233519
0.912159 0.224618
0.901584 0.246085
0.901740 0.262630
0.917304 0.266609
0.928559 0.275698
0.884897 0.261869
0.878853 0.284216
0.878032 0.307693
0.881539 0.311735
0.914211 0.307129
0.924660 0.315948
0.887516 0.337668
0.878189 0.363823
0.885241 0.369225
0.895594 0.366069
0.917610 0.358745
0.934198 0.350717
0.913260 0.378069
0.894305 0.403842
0.875624 0.412896
0.877118 0.380655
0.865337 0.398078
0.867456 0.375919
0.849028 0.354006
0.840025 0.359265
0.833197 0.347434
0.816438 0.358685
0.827217 0.382940
0.806898 0.357343
0.789714 0.364568
0.790155 0.378910
0.782584 0.370923
0.763645 0.397227
0.769276 0.412368
0.777779 0.421061
0.733007 0.438859
0.730909 0.441250
0.711932 0.421239
0.725090 0.399998
0.727514 0.390183
0.737119 0.385097
0.771603 0.368468
0.770643 0.365405
0.790478 0.338030
0.781853 0.330818
0.815448 0.347629
0.819622 0.323510
0.831086 0.317371
0.840087 0.303243
0.840715 0.336834
0.877201 0.326259
0.865869 0.271073
0.869587 0.242878
0.891916 0.230253
0.887371 0.195880
0.864512 0.180314
0.841919 0.181347
0.825751 0.195537
0.821271 0.174095
0.815716 0.169625
0.790318 0.166395
0.773689 0.167265
0.773732 0.173975
0.761553 0.178673
0.769707 0.203189
0.788190 0.210574
0.789035 0.209387
0.806444 0.218047
0.830190 0.207148
0.820922 0.227732
0.818232 0.250618
0.816557 0.256475
0.834802 0.263819
0.795147 0.293139
0.792555 0.289218
0.806893 0.276671
0.801942 0.275615
0.803644 0.227719
0.803544 0.230036
0.799250 0.258652
0.793648 0.220018
0.766314 0.205012
0.748982 0.170154
0.771765 0.149228
0.790825 0.160199
0.873827 0.173997
0.891248 0.166748
0.894015 0.151509
0.875884 0.144782
0.901645 0.139218
0.907621 0.214571
0.923136 0.216287
0.934274 0.202244
0.946690 0.217775
0.976406 0.230384
0.962254 0.204874
0.973602 0.203347
0.978214 0.178832
0.972766 0.158174
0.958109 0.161458
0.956545 0.164116
0.939044 0.173627
0.922721 0.159079
0.920671 0.160428
0.936581 0.147325
0.965623 0.140794
0.985516 0.144445
0.980802 0.120110
0.955118 0.119101
0.945876 0.118172
0.945483 0.111502
0.919880 0.116247
0.933298 0.094476
0.938022 0.080842
0.937542 0.073827
0.945102 0.072998
0.945570 0.072141
0.945087 0.056049
0.971327 0.102555
0.993233 0.122506
0.997655 0.110042
0.993075 0.103204
0.989798 0.070584
0.977655 0.068452
0.996757 0.056088
0.996919 0.034077
0.990602 0.027992
0.992369 0.010717
0.972308 0.012198
0.940744 0.030933
0.936089 0.041975
0.919969 0.054289
0.917302 0.038718
0.903946 0.042010
0.889186 0.046433
0.927668 0.004460
0.851853 0.021469
0.846278 0.025789
0.843196 0.018370
0.832722 0.003666
0.819621 0.001689
0.792306 0.006563
0.784064 0.000204
0.765164 0.009722
0.764821 0.029149
0.763348 0.039698
0.767222 0.056207
0.775903 0.059181
0.795101 0.055134
0.809956 0.076271
0.830065 0.071613
0.829740 0.047656
0.832272 0.072017
0.839076 0.077460
0.854094 0.066390
0.857161 0.058563
0.880076 0.077395
0.904669 0.078480
0.875417 0.085727
0.874146 0.093794
0.861933 0.100851
0.862862 0.104471
0.858818 0.115119
0.857081 0.131604
0.857937 0.109989
0.861385 0.078142
0.830399 0.092847
0.836833 0.102615
0.804094 0.083670
0.799695 0.102662
0.817423 0.112216
0.821205 0.129299
0.803198 0.132183
0.783322 0.099350
0.776279 0.116104
0.770423 0.111802
0.768915 0.103629
0.776949 0.093791
0.799806 0.081857
0.790161 0.069997
0.747732 0.086693
0.736695 0.103099
0.746340 0.127090
0.728732 0.102470
0.749767 0.065832
0.750727 0.021500
0.744531 0.037210
0.746965 0.045926
0.743056 0.063336
0.734978 0.055203
0.728014 0.057344
0.713843 0.066313
0.690256 0.060673
0.677335 0.081702
0.685653 0.053960
0.682287 0.054965
0.668407 0.069746
0.679553 0.096891
0.665367 0.108325
0.688450 0.126259
0.661576 0.118921
0.662861 0.122745
0.647408 0.084258
0.675528 0.051330
0.673241 0.046965
0.728908 0.024239
0.717832 0.020061
0.712398 0.028472
0.718437 0.001918
0.681185 0.020517
0.676883 0.018745
0.671569 0.022405
0.666987 0.035965
0.668068 0.019317
0.632900 0.038787
0.630505 0.039630
0.625607 0.008646
0.591857 0.026363
0.584678 0.016569
0.564237 0.010672
0.561547 0.012933
0.544831 0.002880
0.508600 0.016970
0.508633 0.018120
0.511023 0.023563
0.512623 0.029188
0.537430 0.036684
0.539718 0.032832
0.567813 0.039590
0.579097 0.051937
0.586508 0.071221
0.585542 0.093824
0.588631 0.097854
0.614768 0.079183
0.615804 0.105492
0.637904 0.098987
0.625306 0.114017
0.625803 0.124469
0.599092 0.121460
0.577550 0.139902
0.563733 0.149276
0.546916 0.170571
0.570640 0.128820
0.580332 0.100966
0.559635 0.088266
0.558203 0.083284
0.543680 0.034990
0.518319 0.048936
0.516889 0.058729
0.513258 0.070828
0.518918 0.096440
0.528397 0.106518
0.529170 0.134987
0.504556 0.094566
0.491217 0.098112
0.492796 0.114638
0.486318 0.113481
0.483337 0.117032
0.486259 0.130325
0.471232 0.132407
0.467818 0.108012
0.463224 0.110183
0.451531 0.116469
0.458469 0.074056
0.462487 0.059930
0.462430 0.097816
0.478837 0.104736
0.497321 0.067804
0.505939 0.052397
0.500463 0.022510
0.459922 0.022636
0.457644 0.029867
0.440921 0.041380
0.438489 0.048610
0.443278 0.014659
0.407376 0.031938
0.416088 0.057257
0.399964 0.054177
0.381426 0.060759
0.379748 0.060317
0.365325 0.076034
0.348705 0.072958
0.331929 0.077077
0.388271 0.034910
0.383747 0.037604
0.355601 0.034771
0.382124 0.021022
0.405713 0.023760
0.402601 0.007120
0.390503 0.000338
0.338530 0.000268
0.324173 0.007021
0.315410 0.021153
0.352928 0.041916
0.340780 0.056346
0.306365 0.063743
0.318480 0.075597
0.285202 0.079880
0.280111 0.087653
0.276753 0.099685
0.278231 0.116617
0.303508 0.114582
0.312643 0.124568
0.330713 0.114082
0.342202 0.099081
0.356833 0.128678
0.374881 0.133864
0.366628 0.154811
0.361936 0.170279
0.367786 0.179075
0.334874 0.132975
0.333705 0.153552
0.331651 0.158382
0.313922 0.154606
0.292685 0.160280
0.288119 0.164212
0.280335 0.170153
0.287123 0.189860
0.298294 0.188921
0.313671 0.178716
0.331654 0.182874
0.325353 0.194148
0.336842 0.203866
0.352056 0.213396
0.370722 0.205132
0.393087 0.216318
0.403845 0.232590
0.407564 0.241424
0.421418 0.245413
0.429309 0.242807
0.436473 0.234149
0.453247 0.226944
0.468866 0.220033
0.472092 0.209969
0.464292 0.195599
0.450218 0.192105
0.427257 0.206697
0.411056 0.198414
0.429171 0.183507
0.411929 0.162273
0.406416 0.153899
0.401243 0.138974
0.411059 0.135746
0.407022 0.122965
0.413769 0.099526
0.423739 0.090210
0.424910 0.108949
0.418545 0.158859
0.436803 0.163542
0.452766 0.156489
0.468832 0.174285
0.496123 0.173737
0.491334 0.212662
0.472067 0.245908
0.476568 0.249452
0.484521 0.251391
0.501552 0.269888
0.453110 0.260425
0.428684 0.255418
0.414855 0.258493
0.402326 0.267406
0.410955 0.281194
0.433497 0.294263
0.448826 0.290760
0.465991 0.286680
0.475072 0.287685
0.435780 0.325760
0.431261 0.340174
0.416189 0.299866
0.410471 0.311695
0.371902 0.219475
0.369389 0.232032
0.371540 0.253913
0.368781 0.257487
0.355680 0.244150
0.318905 0.213130
0.293974 0.207691
0.290694 0.214399
0.275255 0.222720
0.283024 0.236805
0.287619 0.248977
0.272289 0.259577
0.267571 0.234592
0.266213 0.241957
0.239300 0.222182
0.232357 0.246172
0.213057 0.261174
0.219962 0.232292
0.212900 0.178082
0.228632 0.209318
0.262433 0.205658
0.277029 0.192264
0.254177 0.178170
0.249482 0.135310
0.265876 0.146647
0.277828 0.150043
0.283604 0.158636
0.325235 0.135496
0.309413 0.129613
0.304510 0.131739
0.291116 0.129890
0.220758 0.104404
0.218134 0.110752
0.223798 0.135718
0.211065 0.134677
0.189856 0.134354
0.182320 0.133972
0.206466 0.110115
0.188447 0.096838
0.179392 0.071372
0.203714 0.098976
0.220220 0.079196
0.219504 0.075728
0.217562 0.059752
0.214920 0.056581
0.212529 0.042825
0.214723 0.055018
0.245560 0.100592
0.263434 0.090293
0.267304 0.079865
0.258038 0.063954
0.252461 0.060634
0.279712 0.060281
0.296964 0.062622
0.300446 0.048757
0.285334 0.036925
0.253533 0.031390
0.235253 0.001633
0.221790 0.008341
0.219981 0.013449
0.216574 0.005478
0.210059 0.015245
0.180817 0.010283
0.174350 0.008946
0.156902 0.027939
0.139412 0.012833
0.102665 0.016561
0.092451 0.019156
0.089278 0.015569
0.067946 0.017744
0.045499 0.018181
0.041133 0.024654
0.051063 0.036887
0.051334 0.051808
0.065232 0.055776
0.046878 0.052695
0.047870 0.058078
0.037838 0.056717
0.032074 0.034246
0.011199 0.037387
0.010914 0.042015
0.033610 0.078535
0.047011 0.077570
0.036082 0.091980
0.018687 0.083485
0.001341 0.081643
0.021738 0.121478
0.042768 0.112243
0.043631 0.120586
0.060641 0.126252
0.070535 0.138332
0.087124 0.139661
0.093963 0.133657
0.101009 0.126400
0.100774 0.124253
0.102159 0.106541
0.074574 0.096595
0.104547 0.098983
0.091846 0.091026
0.120649 0.063710
0.126009 0.072093
0.155692 0.069662
0.136353 0.112010
0.140825 0.121590
0.136711 0.123541
0.119040 0.120596
0.111492 0.136370
0.097933 0.139650
0.098801 0.144299
0.107996 0.144253
0.119421 0.158699
0.126386 0.166045
0.137157 0.172241
0.149388 0.152260
0.142768 0.189703
0.169375 0.181736
0.178708 0.157782
0.161312 0.206080
0.173476 0.202477
0.173503 0.192307
0.187102 0.235164
0.178750 0.222868
0.161875 0.214132
0.159241 0.220155
0.159659 0.226938
0.162806 0.230301
0.144854 0.231423
0.117360 0.236577
0.109552 0.248839
0.110402 0.270797
0.132608 0.279643
0.153338 0.292553
0.081736 0.272889
0.075374 0.277896
0.078789 0.284141
0.097016 0.296352
0.110094 0.293769
0.128760 0.308625
0.112607 0.340667
0.106996 0.312818
0.090609 0.313988
0.095790 0.301400
0.075216 0.286521
0.067150 0.290325
0.061598 0.296860
0.057033 0.315950
0.062776 0.276660
0.062117 0.271560
0.083465 0.256972
0.089174 0.234511
0.101594 0.236130
0.155175 0.228216
0.152227 0.214701
0.138991 0.207562
0.128974 0.201175
0.126451 0.207775
0.110980 0.187305
0.105765 0.160261
0.092357 0.174489
0.068685 0.151257
0.073123 0.163307
0.061398 0.163750
0.044117 0.135519
0.031186 0.154067
0.034905 0.156781
0.037893 0.159338
0.033457 0.198481
0.043667 0.200367
0.066087 0.195611
0.062760 0.216974
0.002280 0.201964
0.003939 0.217785
0.003700 0.222025
0.017176 0.228507
0.035911 0.242449
0.013968 0.246479
0.002785 0.248150
0.005839 0.258793
0.000990 0.276937
0.003842 0.295250
0.031676 0.291539
0.028929 0.306527
0.022716 0.327909
0.020763 0.330471
0.031801 0.359720
0.039703 0.357734
0.041837 0.370589
0.028815 0.367049
0.035001 0.385060
0.053953 0.397363
0.067649 0.411233
0.083089 0.389849
0.068460 0.373163
0.079472 0.348533
0.079323 0.346743
0.091071 0.380548
0.112331 0.380415
0.130508 0.370584
0.134678 0.367027
0.154792 0.363974
0.157410 0.349646
0.172388 0.335455
0.165032 0.320158
0.189116 0.303168
0.218729 0.270333
0.200119 0.313938
0.207770 0.323693
0.209578 0.328444
0.222560 0.331082
0.225427 0.325858
0.235743 0.316411
0.235194 0.306422
0.238525 0.292964
0.231792 0.271389
0.249485 0.304245
0.242429 0.304529
0.230874 0.329553
0.227715 0.355376
0.240883 0.371310
0.243252 0.393292
0.254314 0.402624
0.209390 0.395936
0.200577 0.417102
0.192532 0.429536
0.209888 0.443872
0.208612 0.459179
0.197514 0.450491
0.194506 0.455076
0.187813 0.453220
0.203028 0.376412
0.211333 0.376895
0.202747 0.338597
0.204060 0.346518
0.181511 0.322563
0.173531 0.336359
0.170831 0.360015
0.170911 0.370956
0.158016 0.382900
0.142617 0.406813
0.135361 0.378179
0.090284 0.408322
0.109748 0.410546
0.094031 0.418275
0.092001 0.421174
0.060248 0.423073
0.073290 0.440644
0.090598 0.448942
0.103405 0.438398
0.090084 0.455197
0.078390 0.454679
0.035878 0.408783
0.001670 0.413498
0.008212 0.419345
0.016760 0.418919
0.017271 0.438864
0.022039 0.438732
0.036419 0.464974
0.049311 0.470113
0.059484 0.476432
0.060117 0.486363
0.033205 0.486903
0.013818 0.479353
0.009037 0.482940
0.001785 0.513114
0.028456 0.532673
0.048485 0.541756
0.053890 0.539790
0.058800 0.523401
0.062340 0.519200
0.080051 0.515027
0.081624 0.510035
0.077628 0.501194
0.086324 0.487603
0.094438 0.483784
0.113031 0.490844
0.117499 0.487047
0.128238 0.477485
0.149090 0.468682
0.146353 0.452723
0.148949 0.438467
0.160124 0.434343
0.164103 0.478303
0.172527 0.479056
0.170627 0.488021
0.175097 0.491799
0.201391 0.484557
0.189538 0.504575
0.206548 0.512060
0.214425 0.507323
0.240545 0.514733
0.261949 0.512690
0.261146 0.496781
0.242562 0.482539
0.239750 0.472958
0.238908 0.472748
0.225055 0.460608
0.234413 0.453035
0.246898 0.441678
0.285683 0.495436
0.277497 0.476513
0.274706 0.472656
0.279211 0.447780
0.282126 0.442532
0.275518 0.429462
0.284544 0.441314
0.292679 0.475609
0.312018 0.468160
0.316852 0.459698
0.313147 0.442596
0.312230 0.433544
0.322549 0.444368
0.334185 0.449055
0.344043 0.429067
0.347339 0.429086
0.355383 0.427716
0.353670 0.412549
0.365135 0.396677
0.368117 0.370814
0.345974 0.363981
0.350803 0.356788
0.350029 0.349986
0.337487 0.342302
0.334971 0.353126
0.329185 0.346135
0.332080 0.336882
0.323005 0.333433
0.313523 0.328362
0.303034 0.335099
0.309849 0.351231
0.317860 0.376557
0.309786 0.401512
0.280417 0.363054
0.278428 0.332231
0.259439 0.346460
0.257493 0.344915
0.271819 0.320364
0.290181 0.318789
0.318347 0.311111
0.317632 0.302699
0.318763 0.301893
0.319483 0.284421
0.306862 0.269822
0.338385 0.278833
0.342536 0.282230
0.351720 0.295074
0.341970 0.312234
0.345771 0.316792
0.333125 0.333613
0.376739 0.358582
0.383204 0.370396
0.396241 0.350570
0.401019 0.370013
0.407123 0.379305
0.423622 0.382296
0.444560 0.384419
0.437523 0.393907
0.458827 0.404393
0.470954 0.401667
0.476496 0.389790
0.481918 0.375794
0.477859 0.372473
0.470568 0.368031
0.449244 0.369701
0.483885 0.353925
0.491389 0.340729
0.492171 0.337825
0.496503 0.331365
0.468188 0.331041
0.482434 0.312666
0.499083 0.298332
0.510313 0.304009
0.500242 0.327334
0.515997 0.318728
0.502734 0.332447
0.501711 0.339495
0.500035 0.352598
0.517702 0.350157
0.526941 0.356242
0.539186 0.356525
0.546251 0.344029
0.547907 0.329596
0.547343 0.328269
0.540256 0.316956
0.559037 0.295490
0.565769 0.310053
0.592131 0.298104
0.579177 0.274057
0.552285 0.264456
0.540944 0.258193
0.525003 0.255506
0.537030 0.238861
0.525832 0.221626
0.546033 0.219791
0.550477 0.215357
0.552328 0.213464
0.549695 0.192781
0.555884 0.224708
0.576078 0.230052
0.588708 0.228732
0.582214 0.207073
0.571058 0.186919
0.590412 0.195485
0.604534 0.218646
0.590238 0.231210
0.597422 0.241058
0.601739 0.240233
0.566870 0.248273
0.594887 0.296274
0.599478 0.293268
0.607106 0.282427
0.620364 0.278397
0.640806 0.262588
0.644653 0.238780
0.651540 0.230388
0.667896 0.223938
0.679972 0.221018
0.682179 0.208310
0.676299 0.187974
0.680333 0.163731
0.673172 0.162121
0.654164 0.164250
0.639294 0.164637
0.637905 0.185338
0.627749 0.164081
0.622761 0.167383
0.614724 0.166447
0.614411 0.161340
0.625244 0.161022
0.624282 0.157708
0.674989 0.154132
0.690296 0.162301
0.699828 0.176668
0.730166 0.217635
0.734914 0.223837
0.760532 0.218518
0.740299 0.239330
0.750124 0.251622
0.758136 0.263454
0.749736 0.265272
0.738125 0.276606
0.727070 0.285446
0.709024 0.300491
0.745012 0.263582
0.717868 0.259676
0.709607 0.272833
0.707629 0.271620
0.688056 0.284339
0.685940 0.277153
0.712838 0.249530
0.703569 0.216163
0.690982 0.228832
0.685464 0.234480
0.651119 0.239388
0.656147 0.251270
0.655396 0.239765
0.659021 0.273937
0.654836 0.279919
0.590415 0.333177
0.595467 0.361459
0.593076 0.384542
0.587147 0.392669
0.578947 0.394117
0.569735 0.399446
0.579583 0.366039
0.560241 0.355502
0.544440 0.359880
0.549817 0.362575
0.526647 0.360716
0.532986 0.361919
0.547152 0.376123
0.553845 0.369483
0.547586 0.386028
0.526270 0.399695
0.521992 0.407599
0.511611 0.360468
0.501605 0.354802
0.493840 0.361052
0.486021 0.422948
0.485560 0.432137
0.480775 0.439822
0.479338 0.445024
0.476791 0.448219
0.477431 0.425999
0.468481 0.427110
0.460880 0.427470
0.455386 0.433684
0.435398 0.415723
0.449008 0.429141
0.435933 0.448553
0.414722 0.459015
0.401242 0.392625
0.394856 0.379246
0.373120 0.405874
0.375219 0.411034
0.362887 0.432012
0.369834 0.432086
0.387127 0.438514
0.393461 0.435800
0.404219 0.431289
0.379424 0.445132
0.372382 0.446619
0.346003 0.454252
0.345151 0.461998
0.349146 0.473881
0.372633 0.473463
0.350252 0.483038
0.334046 0.456716
0.320002 0.483012
0.331546 0.491446
0.340293 0.507748
0.344950 0.509405
0.341087 0.523330
0.328747 0.549743
0.338441 0.522216
0.317678 0.495130
0.298874 0.493105
0.265205 0.527961
0.276074 0.534767
0.297437 0.527384
0.302564 0.541103
0.311361 0.557211
0.279284 0.550978
0.288804 0.570138
0.256065 0.540383
0.248141 0.556753
0.248025 0.557936
0.239316 0.572288
0.219194 0.545140
0.216587 0.561938
0.218125 0.568769
0.237139 0.574514
0.240422 0.604268
0.251294 0.614819
0.209125 0.582395
0.214094 0.587403
0.210365 0.596003
0.210672 0.610242
0.217532 0.631779
0.246458 0.637522
0.201250 0.641999
0.193340 0.657167
0.196295 0.661227
0.213159 0.660281
0.237925 0.664071
0.215396 0.684000
0.233786 0.694239
0.243734 0.686897
0.244316 0.700710
0.222057 0.720163
0.229284 0.730390
0.185856 0.745669
0.199087 0.724737
0.214920 0.702691
0.189499 0.664855
0.188785 0.667416
0.186244 0.612018
0.180890 0.607160
0.155065 0.624816
0.158102 0.596530
0.187515 0.582050
0.198614 0.577309
0.182641 0.557676
0.200355 0.553154
0.200910 0.540060
0.194212 0.518373
0.172975 0.513775
0.144458 0.522687
0.143778 0.513815
0.149524 0.480218
0.120196 0.499361
0.101194 0.506241
0.061443 0.552806
0.075142 0.549162
0.072987 0.573581
0.099185 0.564584
0.103822 0.559708
0.111487 0.560393
0.113674 0.549425
0.143790 0.571250
0.138754 0.577054
0.141296 0.580392
0.143888 0.594735
0.133929 0.585390
0.114743 0.586314
0.087695 0.584541
0.061590 0.574255
0.056145 0.558024
0.019776 0.577221
0.029724 0.575059
0.004823 0.593622
0.011839 0.627022
0.026894 0.634913
0.028886 0.622631
0.025985 0.607846
0.024844 0.599734
0.034828 0.628228
0.039582 0.624085
0.071673 0.627234
0.085538 0.616824
0.059961 0.647781
0.060305 0.663360
0.066421 0.666626
0.076881 0.668688
0.097650 0.653423
0.112121 0.645475
0.129416 0.650794
0.145042 0.655571
0.145726 0.662506
0.101836 0.673683
0.117389 0.672534
0.114475 0.681460
0.136616 0.687103
0.144129 0.686171
0.147140 0.687232
0.172938 0.691519
0.173693 0.692745
0.146436 0.713221
0.122484 0.699790
0.106958 0.692692
0.101329 0.707406
0.097510 0.711244
0.077141 0.699327
0.091915 0.674998
0.074166 0.676073
0.075362 0.698817
0.062256 0.693055
0.059477 0.695137
0.052561 0.683791
0.035441 0.661532
0.009550 0.674275
0.017599 0.708381
0.006659 0.731485
0.003110 0.731625
0.020866 0.737191
0.016941 0.744385
0.045860 0.752802
0.032692 0.774079
0.043307 0.788593
0.057712 0.796648
0.060057 0.794604
0.068644 0.788105
0.061500 0.774860
0.061011 0.762361
0.056982 0.752707
0.084659 0.775138
0.092006 0.773802
0.114804 0.767321
0.111350 0.754040
0.120005 0.750350
0.136080 0.739358
0.150526 0.739285
0.160483 0.760065
0.172706 0.775729
0.155268 0.769080
0.133610 0.796031
0.117845 0.769809
0.073778 0.790772
0.039384 0.808623
0.053073 0.816155
0.077437 0.829865
0.044151 0.821187
0.016671 0.779129
0.026689 0.847710
0.024577 0.854988
0.010399 0.864235
