250
0.000037 0.584182
0.035978 0.595200
0.064775 0.691411
0.077388 0.693253
0.117893 0.672554
0.144898 0.656350
0.188000 0.650403
0.187201 0.610585
0.162137 0.554014
0.209480 0.540243
0.224212 0.492973
0.236433 0.474211
0.296597 0.511407
0.288076 0.547296
0.199626 0.600916
0.276461 0.685629
0.208806 0.705295
0.172352 0.722813
0.184944 0.736200
0.208158 0.802116
0.260417 0.826246
0.285481 0.784977
0.313565 0.838728
0.319413 0.850766
0.234353 0.850899
0.182922 0.837733
0.193076 0.810267
0.151783 0.769423
0.081861 0.744960
0.089069 0.760651
0.042317 0.733733
0.029616 0.772215
0.013742 0.917453
0.021116 0.963512
0.032982 0.958310
0.048750 0.954606
0.088053 0.960451
0.080752 0.993856
0.160213 0.926820
0.173835 0.913206
0.181604 0.979399
0.189564 0.939087
0.186940 0.989869
0.251948 0.999096
0.267908 0.951882
0.284399 0.941656
0.354119 0.918190
0.368315 0.978435
0.424251 0.968293
0.528465 0.930847
0.564105 0.930323
0.612185 0.867419
0.588440 0.841960
0.595983 0.821554
0.583327 0.805647
0.532941 0.824947
0.511558 0.812864
0.500918 0.812377
0.480761 0.844611
0.417400 0.880402
0.392175 0.861631
0.389833 0.806551
0.416249 0.806701
0.450494 0.809614
0.450184 0.766419
0.397889 0.740494
0.356817 0.754652
0.361105 0.728728
0.347868 0.720985
0.349470 0.711271
0.393653 0.668314
0.352926 0.620399
0.334402 0.623940
0.365031 0.591810
0.440324 0.617157
0.448961 0.605788
0.482050 0.608092
0.522688 0.609826
0.550549 0.601571
0.577326 0.616398
0.508614 0.650418
0.549310 0.699821
0.581362 0.690608
0.555867 0.715234
0.535636 0.800073
0.590405 0.792902
0.730584 0.765684
0.737229 0.799273
0.767276 0.822112
0.837541 0.823269
0.765468 0.831469
0.728466 0.845326
0.741701 0.852107
0.664940 0.868407
0.644476 0.933106
0.635982 0.998865
0.720760 0.952031
0.793915 0.982245
0.822029 0.966829
0.845050 0.930012
0.890552 0.923452
0.960399 0.988117
0.959612 0.969819
0.934146 0.862609
0.973592 0.849868
0.968174 0.834751
0.962013 0.757420
0.872221 0.769203
0.891032 0.742386
0.882165 0.732463
0.829822 0.723621
0.783734 0.711930
0.756283 0.663948
0.727102 0.676961
0.710602 0.658171
0.676208 0.665522
0.645940 0.595627
0.651271 0.536834
0.617023 0.527369
0.621524 0.432162
0.681913 0.458949
0.656431 0.425121
0.621990 0.427657
0.636997 0.320070
0.635916 0.292039
0.624649 0.249086
0.586217 0.239246
0.549126 0.300720
0.549780 0.198687
0.716063 0.183565
0.770129 0.192859
0.825557 0.214608
0.838880 0.222432
0.754981 0.274731
0.746311 0.272019
0.734408 0.223302
0.661386 0.228278
0.640814 0.382471
0.654479 0.352100
0.668439 0.385607
0.701297 0.401274
0.730420 0.359332
0.749404 0.381451
0.737796 0.426926
0.703713 0.473338
0.691909 0.530809
0.736976 0.554627
0.713596 0.586511
0.751056 0.655471
0.804800 0.632058
0.886871 0.700593
0.908929 0.718595
0.994064 0.718108
0.980937 0.716862
0.979529 0.710151
0.989090 0.580928
0.939868 0.572451
0.927572 0.541502
0.893680 0.527197
0.878063 0.561470
0.893916 0.516359
0.876859 0.453470
0.828735 0.470282
0.843170 0.425472
0.900049 0.379079
0.995050 0.393649
0.953949 0.379609
0.967516 0.365373
0.984731 0.264881
0.934092 0.262007
0.923068 0.165598
0.947323 0.097690
0.953834 0.019941
0.902461 0.011741
0.882883 0.039233
0.840491 0.058039
0.708615 0.023344
0.630540 0.113492
0.631900 0.158357
0.575128 0.118838
0.508534 0.071828
0.490316 0.125188
0.509902 0.009970
0.386346 0.001051
0.361072 0.001021
0.191016 0.007965
0.184683 0.020237
0.198724 0.041510
0.246981 0.108678
0.206171 0.091518
0.073330 0.019550
0.002700 0.097776
0.045670 0.114919
0.087088 0.122878
0.097663 0.096315
0.122996 0.096263
0.111870 0.110671
0.121271 0.129820
0.094920 0.185548
0.037297 0.170692
0.051723 0.182298
0.051829 0.192690
0.013870 0.183900
0.036066 0.230504
0.073952 0.287940
0.143582 0.282577
0.176296 0.305367
0.207653 0.304315
0.225207 0.361101
0.292558 0.360496
0.307631 0.357199
0.298786 0.314920
0.358943 0.360791
0.364448 0.421981
0.396988 0.447298
0.358887 0.450120
0.370854 0.458976
0.420175 0.498943
0.472737 0.499630
0.480788 0.451091
0.462908 0.394532
0.458155 0.363120
0.427678 0.347046
0.419333 0.289490
0.399949 0.268256
0.378492 0.239548
0.361406 0.173868
0.316841 0.157322
0.268127 0.181423
0.371618 0.096020
0.375577 0.089651
0.376970 0.164342
0.395828 0.249238
0.479249 0.366838
0.541517 0.434594
0.500132 0.535778
0.465726 0.534038
0.226285 0.381343
0.175568 0.338254
0.000504 0.336499
0.015947 0.384201
0.002755 0.413742
0.008620 0.416859
0.065008 0.413351
0.134286 0.437368
0.131642 0.478944
0.083495 0.495095
0.106867 0.586577
0.071891 0.539006
0.031379 0.541464
