800
0.001080 0.728985
0.008644 0.732664
0.008600 0.740218
0.062816 0.712786
0.062954 0.708488
0.066924 0.744955
0.072177 0.768740
0.032494 0.760197
0.004928 0.772000
0.008569 0.800551
0.013193 0.815075
0.042955 0.808531
0.074724 0.821402
0.088474 0.816926
0.105980 0.828956
0.123473 0.854342
0.121863 0.863078
0.107906 0.860588
0.092381 0.856105
0.027104 0.845589
0.027231 0.886213
0.027537 0.890515
0.046842 0.900822
0.028570 0.971218
0.051712 0.972292
0.057932 0.999279
0.094127 0.970244
0.099884 0.955722
0.108450 0.924707
0.132814 0.944138
0.135853 0.904985
0.136999 0.864161
0.191324 0.860356
0.186298 0.839119
0.179385 0.834791
0.143417 0.792762
0.180167 0.792809
0.181972 0.789780
0.188360 0.771268
0.178718 0.760648
0.164916 0.739181
0.156176 0.712654
0.132916 0.719307
0.123080 0.754417
0.107036 0.708292
0.137310 0.682186
0.117836 0.670750
0.120181 0.651822
0.095439 0.645550
0.092080 0.613898
0.168987 0.648182
0.183340 0.636431
0.164699 0.694944
0.183531 0.737659
0.205993 0.750693
0.190639 0.767543
0.253427 0.751747
0.245443 0.706057
0.270685 0.812720
0.289204 0.800002
0.272916 0.768152
0.258569 0.751359
0.318251 0.814045
0.331830 0.839925
0.361653 0.827428
0.381740 0.818789
0.361199 0.787215
0.346858 0.781550
0.319718 0.752840
0.322574 0.719863
0.279865 0.693978
0.271343 0.689188
0.236410 0.674762
0.334251 0.705707
0.351142 0.666571
0.367749 0.687146
0.351808 0.750408
0.359466 0.730882
0.383851 0.736123
0.390546 0.732780
0.430321 0.722242
0.475252 0.722107
0.434931 0.750330
0.381615 0.790707
0.427331 0.806426
0.390732 0.800705
0.376270 0.835733
0.373352 0.855947
0.353104 0.870450
0.372210 0.910477
0.348696 0.932575
0.340835 0.898237
0.321759 0.867236
0.315649 0.881075
0.309124 0.857787
0.284274 0.875025
0.252006 0.839289
0.221170 0.813711
0.197106 0.842099
0.211480 0.855524
0.160373 0.881645
0.155177 0.920022
0.172989 0.932429
0.159458 0.940361
0.122227 0.992008
0.131328 0.979797
0.175807 0.998976
0.202856 0.992742
0.199713 0.969049
0.180924 0.966128
0.205007 0.951791
0.226070 0.979168
0.226176 0.966005
0.232319 0.949476
0.224285 0.930429
0.235865 0.922939
0.238753 0.887328
0.251616 0.960945
0.287499 0.932155
0.306653 0.938189
0.287561 0.972374
0.304949 0.993341
0.349690 0.974324
0.405323 0.981697
0.442454 0.979595
0.444380 0.960089
0.429606 0.946449
0.455870 0.928211
0.456664 0.891860
0.426207 0.853602
0.476471 0.852073
0.483603 0.830576
0.449447 0.797694
0.487852 0.792087
0.519765 0.778553
0.519909 0.743716
0.569859 0.724258
0.580643 0.713433
0.555464 0.674791
0.607761 0.646640
0.597341 0.688819
0.635809 0.707880
0.609592 0.715073
0.568308 0.758221
0.576890 0.769918
0.619932 0.806701
0.598110 0.841092
0.559432 0.810428
0.564571 0.842985
0.527871 0.795747
0.494396 0.851014
0.508677 0.852776
0.522402 0.839655
0.513631 0.832249
0.524824 0.835303
0.483335 0.917276
0.500690 0.895717
0.505017 0.892455
0.473207 0.953870
0.473964 0.952493
0.485543 0.974227
0.489222 0.975836
0.524601 0.950473
0.522630 0.911211
0.507141 0.908643
0.502013 0.906210
0.532455 0.903630
0.553187 0.891934
0.574037 0.941676
0.574363 0.941572
0.586627 0.964406
0.582997 0.978558
0.604579 0.986707
0.677126 0.954226
0.677670 0.946817
0.681982 0.961406
0.698951 0.958770
0.717866 0.954117
0.693983 0.965713
0.722565 0.990545
0.783665 0.999900
0.803447 0.994615
0.840580 0.960142
0.849950 0.938683
0.857179 0.920594
0.868725 0.913223
0.876415 0.917883
0.926242 0.920067
0.904670 0.993425
0.921350 0.991600
0.944888 0.969291
0.943765 0.965293
0.978879 0.989134
0.986834 0.984117
0.974121 0.915537
0.960609 0.857882
0.996740 0.847188
0.983446 0.816762
0.964343 0.815910
0.931937 0.833987
0.929872 0.818766
0.927756 0.774235
0.929144 0.766463
0.933344 0.800668
0.979833 0.792866
0.969313 0.786277
0.963483 0.757067
0.992343 0.756634
0.993595 0.750263
0.968867 0.681267
0.992014 0.672230
0.991230 0.638319
0.953445 0.652425
0.949278 0.649052
0.940045 0.657084
0.930425 0.668869
0.920260 0.671638
0.927057 0.687464
0.931727 0.710078
0.869948 0.716617
0.855871 0.729214
0.843103 0.739974
0.855519 0.764548
0.883735 0.754954
0.879910 0.821677
0.862138 0.787101
0.837915 0.792419
0.813312 0.809699
0.818253 0.834876
0.785254 0.857165
0.800788 0.873362
0.834932 0.875165
0.857892 0.861267
0.875130 0.870973
0.894487 0.836212
0.902648 0.872851
0.801187 0.911083
0.808774 0.935064
0.774212 0.929605
0.766769 0.918917
0.751561 0.928627
0.727215 0.921408
0.714039 0.937794
0.730901 0.906462
0.736424 0.892791
0.738506 0.891190
0.774121 0.873563
0.781505 0.818038
0.817747 0.776173
0.819022 0.744974
0.799722 0.746075
0.797640 0.763318
0.797710 0.736537
0.782911 0.734672
0.778549 0.733469
0.770813 0.753944
0.770011 0.784307
0.745830 0.810654
0.736207 0.815525
0.677260 0.847499
0.758317 0.739237
0.747776 0.746753
0.707096 0.747201
0.691642 0.791634
0.677603 0.829611
0.705245 0.739835
0.766531 0.726003
0.735174 0.704430
0.717237 0.702869
0.671134 0.697301
0.736700 0.669223
0.738626 0.649874
0.741699 0.638385
0.760539 0.625044
0.794225 0.605603
0.808053 0.625678
0.800066 0.647607
0.812408 0.676739
0.752896 0.643380
0.743326 0.674307
0.766807 0.697597
0.837139 0.717924
0.816076 0.705379
0.807086 0.693127
0.860157 0.700751
0.852439 0.699426
0.833459 0.673919
0.885686 0.681330
0.908522 0.681638
0.962897 0.627192
0.984525 0.596903
0.968460 0.597535
0.980468 0.580378
0.968998 0.554055
0.979399 0.535586
0.969752 0.523330
0.992102 0.514345
0.973409 0.490703
0.966377 0.489580
0.940690 0.503122
0.925963 0.523127
0.928749 0.532657
0.919127 0.545055
0.931981 0.551073
0.919208 0.552452
0.900344 0.573607
0.922653 0.600893
0.893846 0.615646
0.898051 0.620005
0.877259 0.610839
0.877514 0.585827
0.880109 0.563702
0.871463 0.566702
0.845414 0.581426
0.820086 0.576449
0.877223 0.558345
0.891784 0.543009
0.916406 0.537720
0.948770 0.481148
0.957386 0.472088
0.953472 0.465620
0.934649 0.463518
0.922449 0.466309
0.901928 0.476726
0.897965 0.491360
0.867893 0.501780
0.842798 0.513872
0.844355 0.491040
0.806193 0.485113
0.787512 0.508041
0.757742 0.511033
0.749092 0.523531
0.738729 0.531893
0.716734 0.562761
0.732412 0.587999
0.697339 0.596059
0.690653 0.612045
0.656857 0.577362
0.707007 0.554989
0.749945 0.503305
0.738713 0.509477
0.719650 0.512309
0.742152 0.489424
0.734272 0.473301
0.757253 0.428350
0.726209 0.399137
0.767870 0.395320
0.780475 0.446604
0.804453 0.468465
0.814431 0.444377
0.830275 0.437828
0.824983 0.408252
0.823019 0.377136
0.858111 0.368947
0.896944 0.369338
0.908125 0.361709
0.844610 0.415343
0.857783 0.429443
0.876219 0.409909
0.885145 0.424047
0.876107 0.458286
0.900738 0.458187
0.927036 0.418568
0.928026 0.392435
0.951873 0.451339
0.978952 0.463346
0.993581 0.434036
0.989519 0.421279
0.986900 0.400971
0.999539 0.389749
0.969388 0.356641
0.999012 0.324950
0.971843 0.294801
0.950700 0.268572
0.922673 0.285243
0.923808 0.288260
0.881144 0.278418
0.982518 0.244217
0.991456 0.208310
0.936857 0.219926
0.949273 0.188804
0.925967 0.172269
0.972318 0.147776
0.953188 0.141907
0.960842 0.125277
0.978803 0.097862
0.964079 0.079202
0.934480 0.084645
0.912878 0.086655
0.958512 0.051854
0.943756 0.043998
0.942340 0.044698
0.932812 0.047864
0.962779 0.012513
0.925962 0.022106
0.914859 0.034049
0.901137 0.019540
0.887347 0.019701
0.879245 0.008635
0.855601 0.014509
0.838090 0.053128
0.854252 0.070209
0.871123 0.071067
0.879246 0.115117
0.873325 0.135153
0.855936 0.137126
0.839348 0.095566
0.813010 0.013305
0.764822 0.052239
0.743859 0.012093
0.682815 0.009429
0.671930 0.046323
0.687733 0.051325
0.709582 0.079232
0.728384 0.101508
0.735646 0.108691
0.780553 0.110319
0.760113 0.136735
0.704723 0.132683
0.670947 0.150283
0.681602 0.179706
0.675356 0.187616
0.713601 0.203863
0.751051 0.213502
0.775249 0.185991
0.818471 0.166737
0.862718 0.184513
0.852169 0.233240
0.825717 0.175657
0.803353 0.218817
0.778847 0.219911
0.786540 0.220411
0.694523 0.217684
0.710601 0.249657
0.720663 0.252815
0.710978 0.265814
0.703394 0.291411
0.716109 0.295200
0.742558 0.290592
0.757182 0.286116
0.772543 0.290983
0.801342 0.295638
0.814050 0.271439
0.811541 0.319713
0.830377 0.325394
0.811380 0.338580
0.747341 0.302276
0.705429 0.326257
0.701865 0.352536
0.704617 0.365391
0.667116 0.360054
0.685930 0.350579
0.677362 0.313612
0.668764 0.324941
0.661193 0.328826
0.651798 0.350691
0.625375 0.361604
0.621272 0.368192
0.636950 0.393648
0.643971 0.413706
0.656136 0.440386
0.685136 0.433915
0.688237 0.453107
0.696085 0.469771
0.659377 0.447337
0.647356 0.458012
0.656447 0.479960
0.666440 0.519555
0.654176 0.579617
0.633838 0.471497
0.626448 0.483649
0.605133 0.475987
0.586297 0.485561
0.581220 0.480171
0.547708 0.491849
0.522232 0.492655
0.510939 0.514326
0.514499 0.534005
0.544860 0.537587
0.583980 0.584495
0.508700 0.545141
0.494172 0.551141
0.488577 0.574773
0.470338 0.618205
0.488843 0.628979
0.506043 0.604938
0.516461 0.595469
0.534522 0.607817
0.571381 0.596933
0.516409 0.627689
0.477162 0.680698
0.481851 0.715507
0.458515 0.648389
0.454878 0.639015
0.411870 0.613781
0.480631 0.531840
0.499741 0.535035
0.529689 0.473681
0.589061 0.454805
0.569864 0.436119
0.563759 0.440514
0.565651 0.456438
0.541416 0.404567
0.507276 0.381747
0.493619 0.376461
0.471625 0.372376
0.463530 0.386014
0.461506 0.406566
0.480237 0.445633
0.488275 0.453317
0.463037 0.480469
0.455267 0.472025
0.433322 0.433835
0.422619 0.397985
0.459214 0.358154
0.433466 0.335200
0.452181 0.306582
0.427729 0.285438
0.394286 0.301480
0.386883 0.294537
0.343866 0.302298
0.340441 0.301811
0.415854 0.270872
0.424527 0.274068
0.473509 0.266134
0.459485 0.311030
0.472766 0.331666
0.462748 0.309561
0.475131 0.330410
0.498169 0.333510
0.514917 0.328782
0.505529 0.358969
0.534132 0.374264
0.559940 0.436323
0.590920 0.427697
0.614409 0.397290
0.572640 0.347731
0.616796 0.357524
0.607049 0.339450
0.623825 0.351069
0.652848 0.326188
0.646165 0.313055
0.662872 0.315951
0.686402 0.296894
0.676723 0.286862
0.689441 0.256830
0.691196 0.219577
0.659841 0.197821
0.654379 0.208878
0.641778 0.209753
0.622391 0.228588
0.601690 0.264351
0.600931 0.279831
0.556881 0.284261
0.557429 0.272671
0.550059 0.246871
0.532106 0.218083
0.559427 0.224775
0.550693 0.209486
0.586161 0.250407
0.626006 0.203356
0.614386 0.199482
0.641899 0.186143
0.656915 0.154172
0.636766 0.172810
0.656380 0.152105
0.639577 0.138082
0.618100 0.130231
0.593193 0.157768
0.588026 0.128611
0.575177 0.114890
0.540652 0.115905
0.523392 0.096024
0.576660 0.099918
0.602297 0.086940
0.663113 0.116746
0.651396 0.107446
0.691613 0.089151
0.657129 0.049368
0.640470 0.072148
0.612903 0.042862
0.607520 0.033545
0.557478 0.016655
0.533693 0.061613
0.522181 0.042256
0.518388 0.040358
0.465719 0.022536
0.435918 0.011412
0.425769 0.021698
0.435309 0.042766
0.438888 0.044097
0.451439 0.056332
0.460781 0.072388
0.477723 0.077407
0.466583 0.117987
0.469055 0.133293
0.505756 0.133202
0.517914 0.166852
0.516111 0.218523
0.465553 0.191858
0.457904 0.201557
0.453539 0.220797
0.429051 0.228419
0.421607 0.229439
0.437853 0.171365
0.420583 0.185563
0.429165 0.159512
0.410689 0.145977
0.423579 0.116666
0.410729 0.137845
0.431338 0.089054
0.408795 0.051300
0.393518 0.073263
0.394813 0.088207
0.378235 0.114435
0.362376 0.137596
0.348445 0.148524
0.374352 0.040437
0.352837 0.034977
0.284861 0.039671
0.265610 0.062102
0.271558 0.028944
0.249958 0.005492
0.203201 0.015686
0.196432 0.003420
0.170546 0.021211
0.161243 0.039597
0.178553 0.051186
0.202408 0.063215
0.220039 0.046934
0.229664 0.050021
0.235926 0.094420
0.247947 0.102840
0.277172 0.092870
0.280500 0.078483
0.323353 0.083693
0.298909 0.102329
0.299467 0.106197
0.313640 0.108067
0.310003 0.166554
0.278476 0.143376
0.279321 0.145811
0.251635 0.117730
0.268533 0.142669
0.200239 0.167752
0.196599 0.200895
0.200028 0.201856
0.211497 0.232295
0.231241 0.234381
0.247837 0.213841
0.296855 0.211928
0.254742 0.249320
0.213846 0.245318
0.195535 0.237519
0.184171 0.217024
0.177306 0.177702
0.170077 0.188147
0.203498 0.121437
0.232860 0.108002
0.206506 0.079466
0.206945 0.080924
0.174007 0.100673
0.163641 0.102600
0.153841 0.121799
0.106963 0.122546
0.144994 0.111039
0.162711 0.056543
0.152824 0.021157
0.130416 0.037606
0.123648 0.023816
0.122404 0.022931
0.104652 0.019781
0.102560 0.053926
0.082330 0.034367
0.066481 0.022521
0.065173 0.039286
0.040378 0.066668
0.042041 0.118172
0.018537 0.135374
0.001622 0.194252
0.036937 0.187615
0.061589 0.161214
0.020019 0.214359
0.022780 0.215455
0.029073 0.239977
0.045475 0.233556
0.069234 0.244514
0.073270 0.258802
0.082990 0.280753
0.056482 0.259716
0.039780 0.255182
0.024725 0.290206
0.006295 0.327573
0.022611 0.354461
0.029753 0.392654
0.006087 0.437803
0.014806 0.482821
0.023391 0.526505
0.043080 0.535804
0.068559 0.523878
0.094029 0.517683
0.132062 0.511135
0.148155 0.523994
0.160661 0.510090
0.168100 0.497748
0.170293 0.462871
0.143890 0.452983
0.115372 0.442837
0.178825 0.415643
0.188756 0.400197
0.151705 0.386808
0.115056 0.354146
0.113620 0.353662
0.091759 0.378379
0.084893 0.398753
0.092187 0.330390
0.104694 0.282544
0.129637 0.249158
0.144334 0.251155
0.123725 0.303054
0.186666 0.396783
0.178614 0.382680
0.180297 0.383377
0.194816 0.321051
0.222911 0.372064
0.240451 0.386723
0.272503 0.358829
0.272787 0.343313
0.273766 0.326883
0.279111 0.300407
0.289038 0.286906
0.282390 0.361685
0.282729 0.358430
0.290642 0.378163
0.274900 0.421058
0.305928 0.439420
0.318467 0.434065
0.345444 0.431736
0.345429 0.381171
0.367563 0.375381
0.353421 0.470468
0.335674 0.468132
0.351024 0.474412
0.339023 0.491689
0.369120 0.514616
0.399739 0.483560
0.400631 0.523549
0.419926 0.545000
0.427569 0.554360
0.364693 0.531617
0.329977 0.557252
0.342511 0.582447
0.329711 0.600576
0.333341 0.610931
0.323424 0.614975
0.297936 0.625049
0.268137 0.620919
0.240179 0.640025
0.317107 0.583068
0.304095 0.580621
0.287814 0.545561
0.288602 0.519558
0.287917 0.465100
0.271696 0.468531
0.265723 0.498972
0.251928 0.479053
0.241883 0.415069
0.204936 0.429518
0.192180 0.476972
0.202858 0.496052
0.198686 0.547611
0.211213 0.552850
0.228973 0.532697
0.237699 0.549969
0.230506 0.581240
0.221117 0.599832
0.221996 0.611934
0.208532 0.572795
0.174791 0.558700
0.180036 0.522062
0.124263 0.534397
0.125246 0.561587
0.145952 0.580095
0.151666 0.611156
0.132623 0.604967
0.110108 0.550413
0.047795 0.560393
0.069679 0.564713
0.068439 0.597595
0.043641 0.580121
0.024815 0.548636
0.016107 0.571469
0.019881 0.583365
0.030722 0.618777
0.039124 0.631789
0.055992 0.641986
0.050322 0.665046
0.037606 0.664255
0.011731 0.662120
0.016888 0.699725
