917 233950
951 871 143
592 437 547
523 843 906
342 894 728
610 543 402
391 100 208
182 178 645
91 424 346
571 24 926
137 282 936
75 72 546
365 672 944
912 243 368
368 899 883
369 881 409
243 515 412
516 865 53
82 49 17
565 425 740
341 727 858
834 419 99
61 126 22
421 441 903
849 255 451
548 133 504
820 727 58
583 868 11
486 722 547
202 152 552
18 879 681
464 906 29
974 830 196
732 319 598
509 75 537
279 541 328
471 423 220
296 224 778
974 467 415
806 260 636
1000 137 168
776 145 199
255 48 558
924 499 988
82 508 703
70 608 423
555 124 516
954 79 388
6 778 792
858 943 482
937 926 1000
997 294 803
653 602 754
415 312 270
388 29 30
343 855 449
405 694 455
490 420 829
113 844 375
804 943 425
693 762 888
162 97 518
190 68 4
655 635 971
699 646 554
326 553 925
378 880 352
708 663 246
593 783 807
688 129 734
866 509 432
117 922 702
583 411 582
13 862 86
907 692 270
897 184 530
435 507 697
513 413 724
453 596 145
286 704 808
229 784 189
472 422 700
110 852 887
388 694 659
284 396 343
622 36 77
179 654 80
850 192 157
683 783 978
119 7 524
723 421 858
110 204 734
603 814 533
985 375 915
606 79 162
357 331 764
329 304 873
873 613 583
695 960 727
541 48 530
122 767 924
488 377 311
634 841 147
150 35 890
947 721 628
469 808 305
187 928 974
166 810 376
889 297 859
207 401 764
591 892 116
78 993 422
597 759 352
577 348 944
686 113 276
222 177 114
627 475 783
547 269 91
411 974 797
735 74 675
593 698 457
812 355 727
494 54 193
308 252 313
526 948 863
408 266 9
460 298 675
972 588 487
814 995 217
467 851 807
280 84 253
792 295 297
520 259 530
955 802 740
829 537 494
823 24 583
605 655 291
791 345 693
417 228 976
308 200 432
677 438 296
156 228 580
210 736 338
735 673 516
350 665 777
385 334 176
74 151 134
441 536 304
976 979 455
54 574 716
224 864 935
44 709 325
259 416 566
475 936 274
986 664 749
964 876 417
307 795 782
643 803 179
233 621 547
4 247 780
319 431 201
797 308 705
929 618 300
208 471 916
230 817 417
347 267 856
377 853 62
471 953 10
577 713 205
394 315 118
887 473 427
879 894 192
18 988 943
115 150 466
422 234 843
708 811 474
764 565 829
884 543 192
777 598 142
937 631 816
168 994 369
611 455 215
234 43 523
95 800 510
186 703 325
9 237 713
291 156 993
940 480 386
793 938 469
62 771 620
665 749 44
728 295 859
709 41 399
703 195 768
475 620 538
381 259 494
714 273 342
562 297 667
665 536 640
189 645 948
471 128 457
957 601 979
45 635 415
585 607 967
974 423 140
490 144 473
762 181 905
467 966 981
47 127 724
731 968 849
40 833 405
326 984 756
879 253 32
206 734 862
693 827 264
432 540 980
372 592 811
514 910 123
421 996 957
711 927 228
656 174 232
672 158 388
461 104 526
332 218 113
649 589 321
73 417 925
952 755 778
112 180 130
654 358 60
572 764 319
504 120 724
94 969 175
263 408 968
719 642 38
530 946 295
898 818 954
468 113 996
85 3 561
706 913 713
268 776 752
772 714 13
316 715 340
371 684 72
791 540 322
614 619 140
163 835 685
624 591 400
161 493 488
360 445 632
124 264 49
601 231 333
291 518 87
621 301 266
807 298 347
18 236 745
202 155 742
650 75 180
748 684 87
405 16 449
683 966 715
987 507 276
638 591 499
885 781 239
430 428 33
130 796 60
99 378 825
123 405 312
851 97 61
26 980 792
233 553 956
372 170 766
827 636 565
239 716 561
366 381 559
821 860 685
144 689 919
321 494 76
274 219 796
524 914 46
88 598 535
474 128 121
60 72 609
756 177 889
966 72 540
544 633 107
818 733 101
930 825 395
736 174 827
783 621 964
152 210 482
895 486 425
306 213 387
241 31 745
13 366 360
995 814 754
842 39 641
94 961 283
898 665 802
277 492 88
558 972 933
787 283 882
195 172 443
184 915 136
444 494 370
417 5 384
185 741 768
693 153 86
986 955 257
513 958 34
573 887 648
177 911 27
933 554 506
591 96 286
900 726 78
741 721 772
625 527 172
346 435 325
893 724 789
575 168 619
384 613 455
114 808 370
501 165 163
978 898 965
513 342 781
28 538 813
459 465 970
231 926 626
13 698 636
364 703 896
481 857 787
75 202 794
118 818 423
540 166 495
626 804 117
705 670 317
996 31 154
386 385 450
744 490 683
329 208 223
882 947 808
396 313 242
740 822 600
903 517 653
406 665 709
852 674 965
382 68 479
213 714 506
226 363 770
205 304 886
836 194 665
782 240 714
546 177 975
647 622 321
249 718 517
917 128 47
344 440 47
177 696 708
606 666 142
54 889 497
578 303 235
626 821 56
343 319 239
797 725 818
479 5 17
810 442 745
208 199 851
899 414 807
794 155 219
471 352 626
660 164 295
834 253 220
609 143 130
834 323 760
529 509 602
201 121 56
668 534 960
913 4 153
310 399 231
816 328 697
810 27 416
63 615 543
271 222 196
837 979 384
406 240 883
68 524 420
247 455 514
777 811 827
542 550 362
499 857 497
205 369 503
278 80 540
247 331 292
346 953 564
926 212 215
503 942 466
992 977 446
370 635 507
349 962 83
692 392 198
715 235 264
106 364 535
83 641 824
496 337 703
863 913 183
881 758 757
583 861 545
75 205 322
323 522 910
210 203 891
514 663 316
78 237 176
102 539 935
91 452 618
237 347 788
114 266 218
206 953 129
808 424 110
439 358 599
726 661 522
2 930 1000
572 742 742
412 201 934
449 605 305
793 456 465
912 688 155
120 208 304
18 947 654
989 727 23
659 814 878
975 116 744
402 301 617
31 604 627
185 896 74
194 400 99
795 393 725
611 319 476
541 371 963
411 158 953
974 450 687
224 897 985
527 407 230
290 963 190
167 353 999
969 264 415
447 210 973
998 887 555
766 796 920
596 613 1000
319 763 715
948 210 253
25 75 943
115 617 22
683 351 725
23 988 781
548 349 97
736 574 682
29 283 808
83 452 176
784 206 502
491 124 841
371 28 301
787 335 189
538 836 547
144 380 441
431 371 626
823 691 238
715 533 699
26 940 367
460 205 693
944 840 675
832 547 528
444 78 587
942 169 349
12 54 215
460 861 119
952 769 963
776 431 407
594 283 798
826 571 557
513 610 569
568 735 297
243 295 575
210 644 782
426 13 58
680 191 879
791 346 945
346 777 444
921 487 889
149 514 349
363 415 421
526 88 513
185 588 168
925 733 88
807 545 449
663 982 363
237 262 501
608 365 884
298 248 610
198 917 281
658 218 404
226 578 872
704 193 105
866 894 254
110 959 259
620 101 337
730 118 361
353 157 753
684 497 757
150 10 210
153 265 462
467 873 708
650 999 1000
154 648 78
934 164 686
232 214 536
929 694 551
933 75 992
853 792 511
804 715 989
902 29 193
587 874 367
322 911 50
811 746 365
446 943 206
466 834 692
925 654 682
242 98 290
405 713 540
630 361 19
269 881 697
543 774 923
933 980 78
489 898 936
904 135 109
583 909 493
643 855 908
992 582 915
285 395 282
731 932 240
952 265 805
396 296 956
226 760 437
654 159 93
341 633 50
596 814 617
435 430 721
234 783 495
686 500 741
740 820 728
816 65 788
53 367 580
795 716 870
385 119 933
22 299 68
921 540 601
557 476 252
16 908 981
335 529 946
25 992 464
38 989 60
78 236 746
136 151 981
228 851 97
237 266 634
277 889 78
138 408 308
814 914 565
184 967 468
380 115 870
703 653 500
936 137 181
681 762 921
114 297 932
767 53 463
932 699 800
164 776 3
917 876 685
582 722 218
434 957 720
678 167 271
142 180 49
108 745 103
407 745 891
394 228 611
866 246 727
836 423 715
18 716 992
405 894 288
40 226 769
919 117 640
263 316 486
447 394 109
499 529 383
441 577 997
229 109 275
204 726 584
841 660 390
148 955 791
48 65 872
368 833 938
219 154 210
352 232 930
570 974 556
205 81 193
732 213 650
611 503 529
525 786 360
377 222 392
659 663 662
254 80 289
594 875 648
412 808 544
9 784 191
863 819 416
635 103 627
24 775 826
53 360 897
464 597 4
59 883 525
91 557 724
238 225 102
577 886 588
385 756 270
68 449 864
832 519 293
466 679 496
960 857 274
514 398 821
427 402 486
910 294 488
816 683 536
699 350 645
53 221 38
425 713 553
934 483 701
643 858 336
808 698 442
978 744 219
403 390 568
74 184 243
569 100 158
390 760 517
24 595 962
929 483 413
350 168 659
843 23 581
608 205 439
613 527 271
806 470 975
981 432 826
946 302 242
766 306 912
226 405 420
112 32 309
455 197 416
322 364 505
242 725 836
234 141 675
411 485 193
744 946 343
578 611 835
674 341 320
627 150 258
792 451 257
350 205 879
394 269 395
671 28 235
378 699 444
248 323 270
962 15 468
414 567 421
109 637 729
861 407 953
399 922 756
705 411 939
837 463 294
190 626 340
615 370 392
62 203 950
191 698 359
890 243 486
657 224 439
861 496 473
78 99 73
670 434 111
134 886 173
914 785 37
377 329 531
754 649 800
830 256 223
448 332 381
902 358 795
759 763 33
993 218 834
600 605 681
40 959 634
474 579 592
614 188 949
145 669 167
957 663 879
811 8 365
407 758 744
771 393 397
505 736 318
510 899 321
624 452 190
110 310 552
43 721 983
893 564 734
991 277 120
209 973 72
894 39 848
280 927 553
604 368 284
977 37 358
750 153 616
719 989 982
659 687 842
80 4 692
231 450 638
501 952 154
386 570 514
195 488 727
69 880 81
169 627 530
253 87 84
703 236 981
722 398 2
978 814 543
603 301 215
553 77 42
961 415 748
726 468 633
434 990 158
661 541 573
656 948 135
443 641 223
947 376 271
308 232 458
41 782 499
226 441 751
396 367 61
406 292 538
216 233 641
431 108 61
1 249 161
682 436 51
73 73 804
313 731 769
313 694 310
540 301 850
167 99 415
609 341 774
31 535 420
789 687 970
301 148 413
722 277 909
648 59 479
367 232 517
235 994 668
897 966 74
666 660 125
170 15 103
501 627 387
880 508 338
174 62 794
1000 274 850
23 280 152
772 751 477
945 694 591
48 141 985
315 984 812
643 978 524
71 627 749
118 768 146
644 43 594
802 488 412
466 563 484
808 150 8
394 223 26
760 138 1
86 712 573
277 914 23
800 964 80
918 56 889
444 801 548
777 42 802
454 224 515
457 855 140
51 975 951
834 964 629
293 435 25
821 101 137
579 206 663
666 412 438
8 681 894
970 302 357
586 916 864
497 820 32
47 257 851
816 992 484
557 820 564
890 508 364
850 416 692
325 809 906
241 262 451
656 291 642
481 9 608
862 5 978
625 919 906
315 853 613
29 785 442
506 253 442
8 333 320
364 705 621
487 627 466
486 726 418
557 61 166
171 943 287
342 330 571
582 277 586
208 226 515
632 309 481
20 660 115
498 771 192
110 73 807
313 609 742
764 41 21
660 199 14
154 308 579
212 694 723
866 777 284
423 805 813
337 535 141
586 765 925
946 945 432
623 953 749
428 243 232
226 56 320
258 645 921
919 739 805
439 503 65
78 934 356
42 697 963
61 382 486
288 169 650
607 701 193
818 795 489
198 466 78
99 669 222
938 290 731
501 104 818
593 471 987
657 398 724
155 111 887
712 93 988
289 249 40
945 330 153
270 497 1000
69 559 613
123 521 625
652 893 547
339 782 333
353 888 249
402 134 133
908 617 78
933 705 160
327 453 584
61 228 669
436 368 456
363 234 347
476 13 407
462 523 600
473 434 206
217 602 427
806 531 992
729 410 771
137 663 659
51 262 343
833 53 767
704 534 620
1 248 861
640 762 565
70 593 950
697 526 61
571 569 333
736 445 849
177 550 339
41 637 346
839 957 373
178 591 616
401 133 492
547 7 478
496 983 283
280 328 813
477 679 217
593 231 972
844 293 451
115 587 810
916 191 803
15 463 520
973 37 134
406 214 822
202 18 22
839 185 184
856 279 658
461 28 707
801 274 668
345 464 708
917 834 970
144 49 733
341 847 528
4 703 107
385 647 706
368 313 28
721 439 317
901 486 815
272 303 943
