963 248544
827 928 272
569 145 865
110 322 206
220 781 627
831 389 727
589 894 409
471 83 141
308 909 947
163 410 428
713 339 588
370 949 496
493 113 21
906 303 66
911 901 506
1 290 394
359 691 197
86 637 744
472 405 578
909 197 259
611 968 657
830 549 381
837 545 223
132 813 657
276 782 192
260 739 212
907 14 349
411 520 724
253 667 724
210 67 834
380 772 435
909 557 687
411 606 114
110 408 379
744 645 946
925 162 331
644 609 314
113 850 725
932 522 138
326 686 665
33 811 537
878 363 638
883 904 362
494 817 965
705 417 393
648 817 853
369 479 500
826 416 613
418 903 816
510 945 216
236 591 56
354 591 421
888 537 207
682 802 512
554 799 491
186 441 711
376 825 887
907 796 825
669 691 361
468 61 46
573 958 415
92 910 20
391 829 353
367 874 984
335 954 956
323 864 604
727 356 192
554 240 49
801 126 543
875 250 570
962 119 495
738 486 997
734 553 625
992 544 915
31 606 406
239 372 306
522 84 896
654 768 641
932 47 361
92 866 216
777 466 254
207 392 84
742 735 132
209 852 34
674 399 505
350 92 111
87 978 492
703 791 939
389 198 129
455 392 964
305 650 764
803 438 545
563 528 196
201 600 309
686 521 758
850 143 671
83 175 193
611 456 237
108 790 861
942 208 717
849 511 553
303 861 416
810 323 277
244 521 734
232 912 951
460 776 585
613 839 71
615 91 661
703 471 407
58 730 94
428 503 469
517 148 965
275 328 361
76 262 875
726 645 855
84 352 289
636 748 571
29 188 224
261 572 777
868 744 17
120 259 731
960 204 589
797 264 496
835 593 120
616 184 367
103 483 434
170 800 116
705 425 736
466 371 36
270 436 985
623 571 279
48 394 236
518 568 39
661 740 593
231 45 953
170 597 291
362 968 480
769 71 637
50 131 839
776 888 310
128 278 76
958 130 562
789 961 193
501 858 559
900 929 632
57 945 542
888 420 436
243 25 149
762 530 50
920 71 775
588 999 338
426 173 445
474 224 697
337 7 550
402 406 929
194 427 67
598 27 767
936 505 767
229 893 275
643 261 916
739 637 775
913 656 88
94 967 839
548 822 28
373 239 825
838 947 413
435 957 216
137 15 766
736 809 314
37 155 201
492 714 186
474 395 878
528 5 852
580 842 918
891 257 926
815 762 104
403 129 733
813 317 714
988 421 535
559 420 691
351 489 829
201 832 207
556 428 105
337 941 974
685 1 965
475 77 752
681 537 536
214 333 920
905 889 511
143 471 168
594 215 246
196 591 750
283 77 916
611 463 307
801 62 187
558 929 203
877 231 148
821 985 830
402 417 580
573 666 660
916 594 641
404 494 595
360 401 955
493 270 108
665 904 957
89 106 725
884 210 972
54 298 154
351 457 44
603 801 300
340 47 436
984 435 178
713 68 420
996 520 846
349 654 235
37 466 185
530 139 238
203 727 369
372 518 9
699 212 144
708 917 345
526 289 642
275 390 581
256 26 894
641 679 779
990 948 117
142 90 696
874 682 780
974 585 553
160 850 66
587 407 486
588 529 872
593 862 171
654 580 123
202 43 185
375 902 229
491 584 197
203 413 526
155 399 714
294 393 592
755 226 953
570 665 965
45 698 652
902 217 244
154 198 865
266 479 655
814 578 248
634 422 401
228 602 990
115 422 503
438 886 587
263 945 272
13 385 606
498 158 280
81 243 20
966 790 746
400 477 906
19 34 863
706 6 955
419 565 833
889 126 874
876 805 574
413 184 851
591 319 481
989 958 64
777 400 220
812 139 519
958 358 271
642 602 11
934 222 951
68 789 40
900 85 700
647 607 361
269 508 708
503 410 800
804 889 325
961 453 824
228 717 271
292 750 615
658 321 354
911 765 51
704 687 967
498 533 618
530 150 991
373 702 559
646 571 934
304 391 766
867 24 362
152 350 137
580 444 676
417 126 570
220 247 358
646 842 24
617 270 729
443 865 265
512 561 925
490 754 139
248 497 129
575 379 92
249 957 782
888 486 658
149 83 458
381 409 15
238 242 773
773 816 520
18 45 288
457 939 870
757 56 518
21 404 264
276 572 704
964 385 579
568 154 780
984 65 124
482 240 992
643 382 294
173 157 189
440 760 302
679 551 809
366 891 918
237 864 564
866 737 67
498 86 294
621 783 46
440 889 188
940 907 624
68 758 299
118 807 975
139 548 826
700 117 60
548 723 162
213 138 867
482 340 732
787 279 794
433 697 91
754 400 464
973 593 299
711 421 104
519 781 6
924 573 916
514 649 971
35 644 668
406 95 916
137 565 14
948 347 971
8 240 329
990 662 541
693 575 819
337 10 196
287 705 380
978 820 329
126 941 147
91 67 791
701 832 933
746 322 914
669 263 281
15 442 845
17 736 161
355 816 32
834 528 269
360 89 531
642 470 963
457 837 472
572 708 154
366 669 615
164 378 446
349 454 806
907 488 684
862 626 105
647 798 708
716 636 942
253 7 397
85 136 670
145 681 81
506 891 995
676 198 758
773 300 659
40 558 522
545 623 587
728 909 927
180 639 328
655 813 395
496 426 998
575 424 267
202 328 527
461 146 270
424 623 540
232 589 98
529 280 156
598 220 995
479 499 708
907 750 945
519 236 17
380 989 149
865 237 690
92 985 445
991 176 18
166 175 746
12 742 940
921 573 142
760 611 839
356 179 205
389 791 120
748 880 699
553 692 683
319 179 277
114 368 793
704 611 132
454 777 552
202 76 112
872 626 423
744 725 360
980 826 858
424 490 680
96 629 831
986 284 371
864 996 115
971 171 264
719 124 966
207 475 977
379 301 892
366 40 900
962 396 364
464 516 526
807 585 484
506 918 349
907 22 859
334 801 674
765 639 117
920 809 199
592 539 601
341 704 743
816 78 251
9 616 739
343 733 946
309 664 874
561 275 465
927 542 338
794 491 858
97 371 115
491 779 645
244 883 749
28 175 218
403 289 556
370 726 723
955 606 859
304 192 59
526 52 287
702 157 838
98 235 387
935 870 917
471 246 214
548 56 80
15 607 448
185 529 808
964 100 778
347 153 60
963 278 653
712 913 120
721 253 451
325 59 999
514 690 396
103 209 310
941 977 281
332 458 862
579 953 749
962 381 128
996 9 255
332 19 461
688 675 997
370 148 670
524 222 107
642 246 914
313 590 864
757 781 979
867 207 501
36 216 988
4 148 475
111 440 900
21 850 235
549 441 957
753 5 71
358 897 994
485 510 548
858 218 619
160 23 900
176 38 170
932 455 435
925 969 567
676 570 103
800 902 901
139 218 679
647 952 546
75 918 370
208 4 322
17 163 504
10 928 866
600 421 474
657 778 451
130 994 219
475 342 923
589 428 814
206 948 652
884 579 958
914 744 461
810 448 935
725 596 180
347 548 284
573 686 554
538 447 268
563 543 854
406 207 602
518 765 99
557 616 917
988 376 765
896 496 521
586 441 418
365 836 82
765 547 974
265 685 124
892 234 820
401 483 331
292 227 244
786 348 240
850 691 728
263 495 288
804 399 861
911 803 210
535 752 172
823 623 827
969 499 198
204 646 20
709 632 954
861 543 332
517 959 343
42 970 489
236 489 763
740 755 428
806 169 745
433 623 538
827 153 326
279 903 772
142 837 346
143 309 555
445 9 704
89 76 409
509 934 159
303 583 465
131 694 69
494 635 522
871 224 71
466 255 618
707 673 639
7 679 890
198 725 683
305 853 319
563 573 910
629 290 203
383 37 746
555 263 827
947 115 248
482 117 151
881 460 188
978 638 108
912 552 118
169 904 544
338 571 673
462 840 375
518 346 746
800 507 602
490 634 642
99 619 640
395 632 567
222 95 889
564 167 718
965 10 836
889 956 689
450 910 8
120 728 731
748 939 106
397 640 490
764 465 324
715 286 401
204 537 960
317 973 191
27 702 143
710 521 719
511 863 537
865 535 430
354 928 907
705 301 639
122 387 378
670 681 935
732 130 518
265 351 771
656 734 307
925 301 325
702 451 520
386 590 562
882 124 80
87 20 206
597 911 363
492 277 158
281 579 480
384 242 701
231 891 613
924 916 950
924 971 519
596 735 325
313 907 302
839 784 835
645 39 53
821 943 715
478 56 59
665 461 822
962 634 503
729 252 852
47 742 220
216 555 351
559 659 561
631 754 727
999 738 237
118 327 567
386 60 435
472 194 176
594 987 861
255 307 584
906 337 770
319 88 330
803 409 39
624 266 117
199 715 439
464 446 842
852 19 883
708 691 378
603 552 747
572 969 282
758 582 901
857 277 529
168 910 679
432 502 234
272 810 963
183 414 156
938 930 764
465 202 371
92 176 422
35 329 132
875 111 924
440 74 537
336 762 5
875 593 736
99 441 391
905 39 589
868 827 239
370 874 880
855 446 339
399 16 228
846 333 453
563 673 650
219 893 818
352 812 871
145 595 706
308 357 171
713 167 212
855 236 475
560 142 787
34 433 851
337 661 20
927 194 445
90 867 906
393 375 384
830 194 568
689 524 77
510 859 364
871 547 550
488 420 396
192 952 928
125 162 368
374 83 814
289 950 325
755 446 627
624 428 931
275 602 361
121 214 491
324 124 265
437 1000 608
467 556 64
727 474 419
326 530 295
884 875 895
410 224 714
229 177 275
961 738 416
960 187 92
89 591 455
868 969 69
896 82 231
494 717 439
267 1 851
361 610 261
755 315 642
703 848 810
324 285 642
926 842 801
474 859 342
827 943 295
297 443 736
435 626 374
340 66 587
190 135 94
454 426 109
663 410 496
961 674 775
972 761 693
643 327 262
72 611 833
291 356 920
648 794 188
341 284 207
38 140 74
470 100 499
649 849 554
62 663 797
200 879 948
890 878 948
902 425 179
581 799 684
276 50 750
42 627 399
16 934 687
319 102 583
472 11 387
187 173 97
604 156 253
208 376 270
150 265 183
575 105 985
99 241 657
342 844 740
454 160 408
371 581 396
452 743 5
818 271 154
994 917 699
713 855 492
33 1000 318
553 340 778
707 691 320
608 474 39
880 642 446
675 715 486
960 1000 361
181 154 321
457 496 532
599 676 311
572 117 455
342 829 280
35 407 289
995 32 333
786 912 587
230 580 195
1000 418 665
984 620 836
60 675 233
861 204 303
571 954 924
237 905 475
168 124 143
165 315 217
195 995 739
56 561 332
86 401 839
666 999 405
582 636 76
797 233 104
457 756 240
227 728 634
442 180 671
177 16 335
849 857 671
598 224 750
170 819 745
910 961 479
934 98 269
92 873 534
249 527 665
72 547 467
481 111 278
524 182 966
765 518 110
322 604 630
657 379 49
578 667 825
690 414 40
77 131 546
109 964 9
908 95 253
345 767 349
673 768 998
517 477 865
608 10 927
703 726 312
518 688 662
29 530 65
188 186 546
795 599 41
413 157 120
432 483 173
239 225 484
583 466 44
998 32 864
810 555 401
914 159 20
363 775 910
580 282 621
722 965 969
370 201 260
82 386 611
889 876 633
114 91 443
369 521 180
247 291 498
120 21 244
743 42 389
968 620 434
949 40 266
840 895 380
705 306 950
398 682 235
210 490 24
872 687 986
957 643 909
645 314 595
755 920 887
18 462 146
221 857 931
534 356 909
274 562 429
384 713 767
263 337 793
155 762 683
168 842 977
437 179 800
577 829 288
992 795 325
150 148 423
552 155 539
6 523 960
784 530 364
89 217 92
536 902 540
926 26 490
905 906 827
223 357 624
779 564 249
742 357 273
33 869 846
289 913 762
322 460 761
303 367 484
75 452 858
488 322 540
855 297 898
190 971 113
588 57 378
90 507 36
122 37 535
208 95 574
352 760 264
994 956 495
658 708 624
966 378 117
57 449 833
596 749 833
540 613 277
349 579 87
391 719 256
86 769 487
342 399 323
923 875 256
711 23 607
25 423 321
724 811 163
839 55 722
207 797 489
859 262 998
408 867 953
720 940 842
98 351 545
560 353 491
80 218 831
515 720 753
46 484 231
519 225 486
501 714 323
997 817 200
441 582 329
653 296 702
117 678 951
821 904 271
501 815 719
832 571 302
556 400 695
67 304 808
64 965 664
991 852 232
923 761 390
303 348 536
750 552 174
952 611 532
915 920 270
41 566 940
467 422 831
640 676 949
910 888 318
736 84 860
758 409 546
86 811 748
306 833 495
224 214 94
626 857 530
784 833 894
597 930 320
18 585 254
585 411 808
687 743 646
52 506 182
322 795 55
384 221 167
565 367 26
669 367 564
680 807 951
941 880 324
571 314 30
698 445 654
913 388 237
314 81 494
997 691 253
587 425 893
300 717 831
173 143 665
230 1000 155
691 643 493
637 579 91
525 909 179
160 120 229
257 21 135
682 472 299
74 179 974
197 450 708
618 282 538
880 517 705
977 39 822
471 823 67
325 892 346
222 757 47
933 522 896
389 561 826
157 255 870
460 129 678
725 887 479
315 999 344
140 630 492
756 126 832
598 440 203
