924 368717
776 817 692
707 7 845
440 654 196
118 699 20
638 724 336
664 844 100
213 308 606
268 759 860
759 148 208
882 604 188
987 221 370
859 209 910
181 511 792
779 254 946
609 561 680
848 97 707
103 25 140
534 758 421
743 243 14
861 204 662
726 209 153
946 398 717
223 753 630
293 203 63
417 547 936
682 639 824
310 418 56
734 353 495
71 599 492
70 859 860
234 18 853
981 657 176
956 417 149
603 839 565
839 949 828
589 97 317
242 950 818
798 110 328
569 248 298
156 376 981
845 691 592
599 544 574
302 864 785
654 277 659
861 607 231
296 408 459
519 727 964
274 904 786
317 935 508
747 193 136
958 265 364
350 421 89
641 105 246
695 913 275
399 468 113
954 946 509
28 99 834
764 992 958
548 96 864
670 85 897
196 952 293
444 411 339
361 266 107
145 752 75
503 699 103
935 261 178
917 540 854
137 696 378
495 288 121
226 925 521
669 998 36
905 184 896
503 911 838
864 63 595
732 14 618
509 173 506
354 549 709
448 500 105
613 56 706
157 581 697
461 820 925
9 600 450
559 574 502
597 366 48
681 927 374
901 211 743
399 338 222
89 295 893
57 790 555
53 432 729
346 154 630
179 127 100
816 327 440
974 927 120
277 512 132
841 932 650
637 204 553
622 856 492
946 847 726
271 883 351
293 538 473
764 203 851
610 60 783
333 368 71
706 891 796
750 929 405
124 278 794
278 832 546
392 615 849
650 359 128
17 392 865
440 785 985
157 542 363
923 726 760
374 185 708
920 532 617
733 763 682
690 362 927
857 27 25
963 541 837
474 901 679
91 838 449
956 428 469
149 539 803
884 682 955
919 655 203
606 403 708
864 195 407
291 952 722
12 82 213
856 66 938
795 580 173
237 668 133
43 848 633
648 856 966
357 615 84
23 391 982
129 477 982
525 294 824
759 501 443
557 454 17
620 217 387
478 758 910
863 50 428
459 560 348
861 170 473
379 527 186
292 940 670
957 495 414
418 136 665
340 21 889
869 501 580
73 389 487
628 540 746
978 716 144
256 226 619
811 151 479
130 895 503
13 525 530
219 193 770
537 761 409
152 16 799
695 628 556
953 201 927
764 682 789
523 637 239
946 925 380
140 652 1000
177 668 507
806 375 852
764 235 481
248 490 761
210 744 168
243 479 332
836 407 196
765 479 893
18 261 389
270 433 164
813 515 645
147 781 954
536 735 90
380 772 901
82 511 574
48 218 836
838 627 718
990 791 470
239 878 894
484 295 909
630 728 508
844 142 908
102 916 183
157 772 120
889 520 378
216 699 426
717 283 343
175 249 428
604 804 637
88 575 796
613 585 102
637 740 875
568 455 381
581 395 101
332 439 962
523 614 985
492 17 311
34 539 475
466 487 910
77 857 559
551 557 205
626 961 450
380 616 433
935 254 946
550 564 348
42 897 13
195 625 648
516 496 964
53 967 783
480 212 417
117 149 449
694 669 303
913 891 92
603 824 573
61 302 171
865 941 554
184 937 376
31 589 962
564 316 102
775 286 158
747 996 828
426 82 880
590 175 236
550 19 580
593 696 282
607 133 145
603 437 37
559 922 892
725 751 725
108 945 56
406 165 127
357 325 309
122 556 134
781 382 669
293 781 377
171 194 670
629 293 974
871 18 750
588 119 769
562 571 937
444 921 981
135 379 919
890 816 847
358 620 382
396 306 227
893 844 705
974 743 464
787 700 681
938 745 582
707 979 394
346 892 807
794 273 99
405 586 913
204 626 401
366 606 109
424 648 507
496 91 98
673 471 237
789 918 90
689 367 85
552 857 567
975 690 875
481 328 652
156 166 467
895 933 614
733 544 695
477 940 651
353 576 202
63 636 838
666 79 5
950 453 945
750 416 389
646 193 629
791 864 946
812 805 367
440 446 723
361 546 876
820 765 546
853 109 322
76 294 306
70 288 438
425 69 97
465 21 773
949 537 9
718 636 441
233 932 174
658 907 2
635 605 349
964 477 757
711 454 477
473 867 481
220 80 802
512 18 679
75 760 502
853 670 436
566 388 699
983 604 335
824 635 183
904 142 516
969 729 773
22 290 227
542 158 997
651 419 629
546 930 175
45 165 552
489 882 164
659 719 51
944 533 359
295 289 478
443 486 921
333 444 427
196 502 732
483 576 820
156 521 461
538 686 170
987 248 438
661 340 859
322 173 196
742 302 807
571 997 93
801 34 150
711 853 986
432 886 796
853 636 464
97 450 657
874 315 81
774 560 589
875 890 921
36 312 260
458 460 905
235 324 138
591 159 813
925 580 550
974 111 426
835 64 508
555 690 336
960 33 401
947 785 800
133 288 129
137 700 211
375 949 738
467 472 303
107 851 846
401 89 360
753 293 975
75 201 739
313 251 887
512 625 526
406 437 236
36 177 340
859 517 386
45 821 985
935 381 679
822 543 513
267 25 394
633 227 531
791 628 694
424 175 347
976 739 491
331 488 10
936 276 572
641 760 725
98 220 64
380 173 866
695 978 197
204 874 784
870 577 580
28 833 401
434 897 794
505 703 3
150 790 335
306 604 270
163 147 283
991 422 218
310 925 522
787 212 202
808 297 101
791 814 492
485 104 204
707 287 674
630 117 166
114 488 403
808 963 537
297 231 507
570 379 808
695 844 305
302 320 143
580 467 950
776 109 221
720 501 734
715 293 961
943 849 333
14 572 328
786 661 86
497 424 433
455 626 437
56 550 359
577 798 27
250 906 250
993 577 493
954 77 824
811 595 322
416 538 599
949 791 143
323 469 387
402 929 815
705 628 96
286 469 100
632 44 131
776 259 667
388 303 431
954 127 632
69 188 830
488 437 797
630 594 589
806 540 365
286 770 720
555 311 322
83 484 406
831 483 711
48 594 308
58 240 502
183 66 314
845 349 422
791 256 5
241 440 765
713 143 56
987 79 69
301 766 937
376 265 175
54 158 982
857 251 656
524 749 832
797 995 170
754 514 257
546 83 723
660 696 132
960 288 668
256 111 940
202 55 57
774 979 147
55 964 692
861 693 39
436 663 419
84 152 83
232 165 801
646 609 608
609 287 15
78 271 617
627 409 859
261 599 416
186 60 229
595 316 640
694 174 170
721 65 655
534 645 222
754 819 815
55 426 333
615 549 169
956 456 829
52 31 858
77 883 436
511 447 565
288 240 555
373 992 396
160 238 199
11 102 517
334 248 496
931 303 796
659 24 780
7 412 126
685 637 156
99 465 378
304 429 545
725 274 35
939 194 525
953 279 27
697 252 544
908 23 677
589 448 707
245 131 646
822 632 566
504 739 793
754 179 651
543 646 983
729 297 489
114 175 831
164 759 388
792 398 172
34 431 213
658 1 801
833 214 5
506 418 683
851 526 201
194 109 842
230 52 548
974 588 760
547 155 827
385 399 883
708 90 199
180 267 335
443 129 122
344 61 396
946 370 613
608 444 294
354 268 792
537 761 777
567 976 829
94 137 229
899 960 473
475 49 569
377 549 677
185 230 396
261 314 309
803 899 334
225 988 718
461 435 290
378 340 967
802 245 816
606 282 605
949 558 247
61 603 268
565 129 243
944 542 953
242 632 515
484 143 758
289 769 498
681 650 667
826 633 677
770 982 688
934 592 239
549 128 953
583 730 398
41 214 123
702 735 121
185 310 171
941 909 158
176 646 26
666 667 757
850 804 904
867 774 547
998 427 827
374 321 812
972 195 505
686 545 376
321 2 548
468 666 868
547 478 378
813 980 884
280 110 144
453 966 585
921 253 88
251 807 337
270 126 491
624 199 466
530 600 651
478 800 486
733 279 818
193 943 81
716 624 452
187 113 951
116 199 639
636 741 322
276 374 409
653 732 504
279 753 800
32 114 460
462 259 573
715 693 272
162 870 129
17 763 716
791 581 735
954 283 618
388 228 724
615 564 167
62 330 510
473 20 5
614 618 729
913 754 326
367 119 91
617 175 95
167 22 182
112 409 150
162 279 985
343 99 657
116 241 71
264 632 391
954 408 802
203 321 336
21 469 31
750 473 263
562 376 775
209 460 298
592 259 141
198 336 326
668 95 38
766 910 221
898 858 359
879 491 312
684 659 642
405 967 404
768 891 728
159 413 504
457 790 114
613 13 197
396 746 23
513 351 210
459 363 669
194 996 298
115 463 816
421 852 66
353 567 324
559 782 254
969 716 896
557 875 194
615 497 107
52 723 212
108 922 843
727 765 830
816 255 372
762 158 831
438 611 993
281 14 42
618 890 649
67 598 349
771 574 528
20 403 654
274 396 98
398 695 556
776 332 1000
355 367 788
507 218 342
984 3 810
708 128 392
512 505 165
921 286 358
775 291 831
611 408 972
34 456 554
865 837 613
717 812 468
340 163 665
559 258 793
991 616 600
573 49 344
818 640 236
413 137 566
19 592 20
563 223 708
239 702 403
136 351 333
989 39 237
555 126 898
326 502 947
57 37 227
813 733 836
473 231 785
455 772 921
886 634 582
820 45 868
389 919 977
483 582 42
393 456 624
733 823 593
57 557 748
444 578 139
230 988 671
46 454 478
929 791 63
946 353 206
171 821 691
99 238 575
241 863 357
684 637 751
731 588 800
375 576 602
400 86 554
338 101 21
833 45 595
899 325 552
745 887 366
226 820 740
889 375 848
444 667 411
330 97 996
110 740 605
808 261 950
420 232 906
939 970 993
239 863 416
158 965 212
70 490 724
778 765 535
51 772 584
142 763 527
294 824 720
852 387 491
465 951 759
666 470 934
143 130 222
829 772 125
6 39 724
668 117 79
797 572 382
315 632 147
411 402 353
521 485 197
226 33 247
624 444 356
983 922 598
824 479 688
339 707 579
788 956 681
520 499 142
855 723 728
840 594 695
876 840 80
72 764 876
729 203 635
941 176 280
543 79 193
349 76 185
405 213 766
117 375 114
251 597 276
887 82 502
933 950 794
781 102 64
92 265 470
378 482 219
437 221 979
387 33 582
996 920 543
592 497 300
157 815 631
16 285 778
242 924 89
970 947 124
461 794 551
951 637 804
95 195 172
757 800 171
472 723 86
635 660 679
123 69 495
843 278 983
605 379 862
926 434 364
311 127 566
115 590 786
733 554 275
658 748 456
225 638 115
196 904 7
731 433 126
990 527 627
135 837 381
792 828 914
334 929 69
839 51 213
756 43 505
659 543 473
630 575 189
58 215 3
403 440 121
358 562 380
123 105 988
10 44 735
492 847 82
409 756 613
752 582 591
453 420 79
400 448 660
448 209 131
579 454 155
392 144 955
916 235 239
155 869 923
391 969 853
920 62 520
131 719 652
685 241 500
132 915 345
52 27 138
267 922 412
939 419 591
527 329 914
913 991 381
449 87 533
646 821 395
727 22 768
513 252 652
427 620 835
289 396 356
300 441 261
127 417 443
253 948 764
198 85 873
829 390 908
69 602 277
49 622 920
753 957 621
859 274 936
494 548 820
421 422 790
717 756 103
385 405 708
409 964 82
331 398 45
69 442 360
827 556 394
458 760 329
265 903 42
940 547 549
304 766 48
793 6 299
208 763 600
707 493 935
690 569 75
371 54 776
828 874 250
119 489 795
764 84 974
769 648 132
705 413 831
917 226 821
403 137 128
90 693 969
969 120 852
588 896 433
465 422 439
157 355 389
889 39 220
471 346 883
581 628 986
215 513 796
169 346 994
461 226 910
208 387 77
611 521 513
538 691 333
665 950 380
432 134 629
504 605 381
714 295 294
656 223 141
793 83 949
133 653 992
421 604 266
685 475 331
10 320 6
166 752 853
56 727 66
218 264 421
169 637 669
170 456 568
402 276 708
913 280 412
263 757 979
789 566 644
463 800 565
182 353 743
432 867 959
691 83 345
839 985 344
501 488 96
490 905 219
610 956 17
108 491 772
597 580 385
903 12 528
177 811 765
569 619 282
464 985 698
113 977 336
340 233 994
853 735 193
907 653 593
976 963 58
253 122 122
661 697 194
100 989 834
42 569 530
947 65 779
741 961 914
576 775 766
57 525 83
276 105 912
1 381 655
500 479 34
697 358 233
893 63 184
921 381 350
547 168 806
355 161 649
725 119 694
438 952 26
139 367 285
833 384 338
64 19 259
754 542 610
768 639 725
696 211 269
326 21 944
646 380 441
159 610 311
633 896 261
145 259 910
795 970 683
834 277 539
796 68 20
852 207 807
156 746 947
334 938 273
180 476 982
431 751 408
