960 237787
80 262 781
163 628 266
571 698 1
801 424 551
541 758 558
857 95 321
499 684 977
418 300 665
431 165 549
563 482 994
597 787 653
935 995 479
647 791 821
751 453 170
159 109 18
133 720 871
102 919 687
977 420 598
268 468 57
184 736 894
692 977 650
188 720 472
620 540 383
288 851 861
109 665 200
606 166 350
944 623 385
849 37 12
983 453 483
750 489 363
69 703 915
408 960 670
419 192 600
439 223 596
348 919 787
9 337 369
260 649 150
800 733 95
281 727 686
515 560 296
320 677 529
315 694 968
184 451 821
553 292 271
869 413 138
719 996 907
202 169 881
658 209 892
373 479 889
609 277 498
208 257 57
527 562 199
805 731 430
782 267 638
942 901 370
811 658 288
543 99 198
428 274 237
322 689 177
628 430 203
715 965 84
584 558 502
590 529 272
582 393 647
633 846 267
833 757 300
890 77 19
376 348 166
192 847 662
443 629 950
900 399 549
726 633 48
225 962 770
436 754 554
186 102 616
883 879 406
8 158 475
457 209 705
545 208 732
454 68 106
497 889 467
184 36 404
638 749 679
16 923 664
540 716 898
386 18 552
268 274 405
700 706 684
913 719 780
888 967 242
717 396 738
185 807 244
63 28 896
332 117 193
955 453 935
837 759 946
482 632 45
592 600 280
482 842 408
886 776 758
697 576 964
736 732 213
178 592 810
265 329 993
910 11 475
711 188 351
818 559 434
237 228 857
929 113 49
24 407 60
208 140 131
294 459 428
217 990 22
525 763 501
591 74 753
813 242 373
266 572 213
568 889 899
597 818 316
250 757 87
542 47 742
97 426 424
595 735 457
573 867 406
697 978 99
253 461 459
516 42 628
524 111 61
941 131 979
702 315 1
38 297 197
959 556 664
817 700 814
550 119 453
819 221 641
372 825 751
484 320 200
963 759 750
513 670 822
822 212 550
209 169 646
489 559 149
647 163 798
431 553 486
909 90 80
89 418 943
121 200 17
387 823 589
108 969 577
557 675 213
267 514 417
719 51 226
843 313 889
384 276 752
975 247 381
808 275 494
355 732 755
230 605 640
325 462 629
874 569 383
609 170 603
586 732 988
28 972 52
399 975 267
409 30 829
818 178 233
120 844 323
655 472 171
251 823 673
685 82 124
994 603 409
618 188 759
965 797 796
564 565 550
354 925 807
736 553 40
738 838 901
243 420 375
581 46 80
32 577 723
503 446 742
545 152 823
916 600 94
393 979 947
880 953 642
702 194 798
379 602 162
131 527 94
35 597 304
59 178 450
436 459 894
937 399 297
155 174 517
451 302 980
711 496 472
795 96 534
267 352 774
237 546 862
517 566 120
443 984 495
794 571 895
969 518 109
882 82 23
229 605 430
623 590 754
359 477 929
321 685 996
181 730 928
960 862 993
659 620 432
223 184 141
879 896 342
848 535 43
14 536 635
135 166 856
458 535 26
475 966 355
523 83 597
875 562 930
896 276 254
208 246 123
424 400 274
589 115 930
725 253 537
457 541 991
624 839 999
120 485 971
812 965 854
441 979 977
243 329 502
373 593 718
708 895 441
342 723 700
132 508 664
460 660 835
407 911 695
453 760 204
37 882 406
635 647 106
65 213 10
774 296 417
405 715 981
503 596 24
624 85 746
368 219 7
334 292 144
316 22 650
778 410 774
264 418 885
830 75 872
940 967 290
525 837 794
577 954 7
497 806 399
463 81 198
863 619 275
244 359 266
799 818 162
203 58 116
371 131 965
328 61 768
316 587 23
258 937 861
57 923 611
462 78 986
52 818 373
650 121 627
772 884 76
928 842 112
739 722 897
952 625 807
768 495 572
63 905 760
208 646 408
903 827 22
402 931 959
378 186 22
113 805 244
842 372 845
919 364 903
801 848 723
67 354 623
946 770 495
823 432 115
543 981 232
90 255 366
47 91 648
945 207 490
435 618 546
614 481 205
606 394 852
805 279 383
438 607 424
436 367 409
36 794 272
250 923 43
456 399 439
807 151 878
130 346 173
509 429 69
650 535 49
382 293 358
8 589 402
936 199 652
931 18 326
118 682 104
738 713 329
140 669 287
771 993 426
786 511 9
479 289 246
317 684 918
298 244 951
213 173 503
594 858 643
938 402 942
146 249 471
192 404 737
682 657 463
222 882 68
714 311 400
713 442 602
435 666 535
490 358 352
50 913 880
506 272 733
916 394 324
567 393 648
863 453 292
33 799 562
781 884 926
889 901 421
742 884 680
875 457 583
583 144 494
69 903 238
197 205 403
60 819 16
112 584 252
876 717 208
207 624 691
959 758 74
349 159 68
535 47 416
911 436 368
828 419 750
106 608 422
14 260 552
786 175 599
648 251 968
646 940 235
837 841 106
843 550 332
382 96 467
461 129 579
133 65 911
134 581 189
572 880 727
983 790 247
306 891 866
379 471 851
873 564 11
112 251 950
406 218 37
652 695 884
705 659 105
677 576 994
165 174 25
534 4 116
319 786 435
26 100 35
990 537 26
647 372 511
73 590 789
568 511 134
365 535 905
964 147 704
197 343 994
139 532 454
917 129 361
321 161 723
625 705 417
544 808 256
509 838 640
232 149 446
365 474 853
289 614 366
780 11 12
792 359 152
789 389 112
948 108 664
271 643 197
642 602 945
91 512 30
670 973 40
425 958 229
673 427 666
633 184 667
333 280 904
705 176 746
340 704 275
504 294 305
739 363 651
789 453 428
284 634 215
113 923 61
655 379 703
508 61 319
832 815 23
237 370 120
139 718 835
274 740 450
811 998 498
521 777 867
383 553 380
323 655 10
372 807 542
716 565 566
793 756 390
840 651 732
12 105 294
176 163 688
479 424 765
319 121 12
975 491 373
545 977 948
58 6 791
569 989 462
205 342 667
89 725 580
687 633 332
138 970 433
966 176 764
952 493 1
135 106 214
51 222 573
670 496 165
345 893 825
606 291 424
319 13 944
306 987 205
742 538 89
477 493 456
766 179 102
656 844 306
682 608 422
766 349 789
346 468 562
999 284 593
288 441 493
14 409 621
15 57 502
438 790 975
41 334 714
156 990 300
618 476 64
73 961 246
197 143 791
243 57 923
540 621 704
832 545 82
555 324 169
67 636 809
228 778 373
150 812 957
450 312 928
808 384 449
620 185 566
242 624 457
336 853 700
544 274 81
401 853 221
646 243 901
346 911 195
556 688 487
682 949 314
670 184 15
960 405 224
754 424 757
568 142 763
669 390 63
61 198 694
17 580 705
734 502 208
875 273 675
598 240 766
76 558 362
801 717 601
675 523 146
279 292 553
543 521 156
380 32 729
558 475 589
883 593 96
299 628 199
433 596 790
967 567 21
857 935 551
598 127 736
203 508 185
96 500 567
563 114 210
366 606 708
470 331 305
800 514 569
868 34 352
344 473 863
696 438 525
837 998 201
387 75 168
416 863 866
216 878 977
899 869 860
78 89 475
521 192 238
833 210 434
875 570 188
826 343 732
164 546 243
494 859 892
582 857 731
973 53 255
141 833 166
645 69 720
188 712 687
336 18 735
658 590 339
321 656 679
941 115 819
274 563 901
404 538 268
267 552 337
335 267 842
974 290 364
590 955 27
755 354 425
392 116 938
617 838 536
621 862 405
726 163 713
747 964 706
887 451 299
88 75 988
485 848 931
579 972 634
762 42 787
541 533 64
30 292 847
578 775 84
725 929 540
5 788 895
839 38 150
250 301 963
816 477 792
998 463 978
711 589 240
346 73 129
570 859 656
682 696 166
982 375 284
823 367 495
825 528 525
182 398 444
382 194 555
304 970 180
735 998 25
623 392 404
273 746 564
222 215 107
238 817 759
727 146 528
611 592 959
911 179 725
285 280 744
129 298 354
241 701 283
363 100 611
807 840 843
728 134 569
418 960 809
417 866 894
615 159 667
848 714 238
224 687 285
12 807 387
517 731 432
678 602 624
273 510 349
254 802 838
783 190 623
373 78 797
998 47 496
576 948 832
542 205 918
67 851 667
80 26 405
508 551 810
310 580 145
761 754 533
360 888 344
463 179 279
791 25 918
739 693 646
191 835 734
349 69 653
626 771 826
67 543 626
220 19 989
498 684 233
890 835 796
28 602 703
801 917 552
905 365 302
410 286 259
184 841 538
346 716 991
139 807 886
880 107 172
525 937 887
497 296 266
727 705 420
984 917 28
156 129 979
70 303 902
143 24 392
632 40 501
966 869 327
989 226 159
948 47 426
605 899 820
838 32 918
699 801 68
44 419 944
119 682 491
691 960 142
94 686 793
31 896 72
758 706 6
608 335 66
706 11 611
647 113 506
490 221 967
551 495 716
363 251 199
599 807 705
477 641 134
564 420 741
767 140 323
934 851 76
594 713 207
240 641 364
947 293 462
229 551 491
45 267 272
197 470 605
120 226 428
808 827 224
80 115 308
151 895 345
239 5 925
583 851 836
187 973 278
673 175 758
616 868 397
137 178 493
199 120 915
532 215 857
668 215 338
247 403 877
843 732 820
580 289 901
813 242 585
562 998 412
925 694 409
618 24 480
830 337 865
65 196 372
68 333 807
156 313 794
541 492 263
562 850 732
979 96 670
207 902 551
893 367 223
429 57 712
440 17 484
89 877 163
337 765 432
358 851 980
589 135 824
287 841 261
485 341 106
900 139 814
38 980 473
766 580 505
48 660 746
917 201 213
33 935 929
194 106 922
797 508 88
155 771 477
444 141 707
943 385 677
487 288 196
260 255 238
368 410 252
111 50 823
421 998 903
447 741 999
950 639 892
329 503 842
976 781 871
78 404 973
796 300 681
430 392 517
682 156 65
791 640 417
935 148 545
23 689 588
405 302 880
718 973 418
314 311 906
924 302 777
362 176 299
50 891 90
206 404 432
53 617 129
470 713 376
134 864 619
290 342 505
781 344 148
290 175 820
304 226 500
304 457 777
909 636 903
429 968 389
403 122 331
394 520 198
662 909 637
279 731 162
281 664 578
29 519 970
274 775 506
477 536 663
430 834 913
465 182 718
396 515 88
988 495 561
262 57 302
462 142 111
284 536 186
270 95 726
547 288 799
515 122 405
920 324 475
434 70 839
826 189 552
757 603 102
727 578 638
518 642 845
118 708 623
68 751 893
402 121 119
894 277 155
929 132 29
266 746 138
840 349 282
454 571 529
749 102 455
408 616 421
353 223 256
650 233 895
951 702 11
245 889 153
197 42 635
158 707 464
429 707 702
941 282 438
267 906 483
576 618 998
107 930 124
884 4 287
933 525 925
763 685 925
541 742 941
552 791 645
451 113 237
459 196 62
336 211 202
45 157 103
349 493 895
91 145 885
519 658 489
184 457 2
25 600 825
43 470 377
602 165 454
519 205 8
788 445 234
959 233 690
559 429 802
560 553 922
87 997 341
387 131 498
413 376 836
70 656 107
76 301 935
318 946 31
527 97 729
271 356 221
886 798 707
293 712 745
945 115 730
772 858 95
957 408 885
380 227 954
133 307 287
799 652 636
181 807 173
83 883 98
239 894 279
181 337 597
197 76 908
449 313 874
510 891 842
343 351 84
60 298 921
451 848 184
770 628 917
158 2 801
592 962 757
830 626 560
206 565 902
264 609 576
253 730 740
703 858 852
132 43 374
286 691 457
142 551 618
927 44 45
372 776 334
338 305 644
607 177 319
456 47 548
219 724 864
58 179 799
598 633 991
93 637 534
503 732 765
553 392 429
522 133 648
708 429 153
697 807 982
226 998 223
761 400 242
804 174 802
243 121 754
660 616 574
365 648 164
181 431 206
487 50 992
897 336 921
781 756 623
707 887 346
634 1000 843
927 109 286
158 410 763
904 988 975
526 466 480
567 444 491
37 55 205
12 859 975
169 619 372
647 751 699
115 498 81
510 833 159
565 799 589
310 884 489
103 857 548
570 444 496
531 621 130
418 452 403
387 258 149
839 395 130
741 528 165
498 960 653
365 778 252
33 139 42
978 961 343
406 112 934
440 431 816
568 287 926
938 89 998
814 936 640
916 462 614
462 797 70
246 550 658
512 485 952
980 802 496
850 132 354
952 566 607
611 608 297
554 259 186
38 463 328
730 187 994
520 326 593
213 987 181
75 514 428
715 609 372
56 80 789
85 324 87
566 761 654
667 557 754
281 824 81
766 81 37
273 636 53
627 949 964
363 161 22
9 233 282
106 94 163
891 601 465
295 270 162
931 267 809
931 439 73
96 436 457
615 743 697
166 747 220
54 198 910
408 421 981
388 594 436
315 860 97
266 988 41
543 346 2
505 356 306
573 610 337
9 87 470
760 693 64
31 813 522
895 304 726
944 649 225
617 255 602
95 361 621
820 461 323
25 717 897
862 277 627
160 571 141
764 948 884
505 507 469
102 574 433
326 941 146
479 126 630
322 471 343
143 860 590
411 959 529
876 446 795
456 418 522
659 614 889
172 101 267
518 241 244
897 345 712
