935 275862
457 752 234
518 105 118
439 843 97
834 268 345
400 112 244
126 137 652
993 592 809
925 774 425
344 58 223
11 125 206
568 845 500
142 71 939
211 452 742
77 172 458
500 554 942
556 179 439
78 759 182
916 708 23
458 399 44
289 55 645
84 180 868
88 661 626
823 657 586
513 931 77
172 437 696
838 742 995
691 752 72
199 721 998
578 371 661
830 749 825
311 938 988
408 1000 921
986 214 877
286 780 505
683 835 136
373 332 391
605 542 874
865 625 763
603 113 402
227 77 498
93 391 401
771 153 99
101 595 372
50 471 797
503 23 121
3 887 425
984 977 604
394 242 874
537 29 891
125 542 820
452 82 939
574 814 746
837 536 433
164 54 495
702 816 904
382 962 77
455 966 992
31 538 169
30 306 927
59 142 989
832 728 741
599 446 559
721 288 763
677 933 523
427 933 846
90 881 197
919 85 794
522 814 19
175 219 721
442 755 537
590 115 118
933 733 10
568 816 501
397 892 386
276 573 288
807 808 714
825 347 995
698 320 160
15 902 862
128 287 620
460 845 479
28 325 175
59 544 275
544 201 397
582 403 259
344 719 116
179 192 404
207 387 834
39 221 249
223 786 461
663 632 349
650 39 880
487 487 306
322 948 146
948 336 500
576 64 241
63 509 6
514 772 149
472 940 833
118 931 209
820 596 239
9 773 392
145 682 315
501 930 693
969 4 60
350 666 781
372 686 563
383 526 317
64 280 934
867 169 732
473 53 45
685 282 683
422 126 990
428 752 900
442 2 2
387 702 676
796 128 954
151 114 400
603 64 655
610 211 891
518 697 779
56 576 36
942 941 258
773 497 863
441 761 840
838 949 375
61 513 159
907 539 149
536 967 376
501 21 471
66 563 717
460 118 980
182 151 243
218 1 852
568 83 349
431 221 835
53 188 749
620 275 685
578 313 197
367 955 662
903 4 788
755 303 795
801 132 313
434 973 517
440 295 878
480 454 803
272 696 202
37 804 932
410 483 142
918 176 892
378 818 333
295 241 685
720 284 791
272 315 753
592 961 159
634 824 911
528 811 391
843 397 786
137 683 499
468 850 870
832 167 52
619 715 699
499 445 337
789 857 1
91 817 213
119 960 622
611 410 960
394 538 377
418 582 426
758 770 417
489 608 977
395 805 881
325 117 72
551 833 586
363 380 625
394 51 564
865 594 608
165 172 36
381 202 846
329 639 312
410 756 803
209 999 399
578 780 722
135 551 822
301 77 862
345 1 52
332 891 994
449 334 54
315 395 104
341 196 519
935 292 913
278 734 620
885 90 94
146 563 48
341 204 5
427 932 759
714 24 942
275 820 7
471 531 262
532 234 474
63 572 522
235 400 795
451 524 205
536 454 143
335 814 650
164 776 537
730 82 535
261 887 395
718 965 631
174 613 940
192 711 685
545 484 974
252 70 410
843 53 997
107 848 104
929 378 399
457 337 435
216 448 778
213 703 444
69 810 910
544 366 587
552 371 666
91 357 750
500 931 876
2 73 140
637 832 40
387 480 866
148 650 98
565 54 244
193 228 381
737 706 161
546 887 573
510 23 627
975 20 863
104 998 501
990 372 630
786 440 112
898 713 55
657 981 571
471 960 135
96 774 543
74 620 142
136 778 391
200 726 103
108 744 654
246 954 988
369 563 6
169 410 936
709 939 535
10 627 204
926 626 572
936 24 422
318 211 300
10 873 390
18 474 888
131 134 950
200 183 139
906 693 114
431 338 327
104 918 433
76 786 233
426 834 34
785 880 661
989 49 641
127 399 45
250 578 796
833 961 432
764 92 105
197 494 361
713 402 344
43 46 679
685 254 670
246 262 457
319 800 144
560 302 222
765 983 567
651 122 413
819 612 603
73 234 602
388 198 977
347 939 106
290 796 325
896 483 237
280 838 606
424 683 514
161 695 481
435 956 867
53 760 279
66 964 489
731 148 693
159 499 241
248 717 989
332 405 465
128 464 697
846 992 217
266 907 873
996 851 742
455 72 397
988 609 364
94 518 492
176 91 140
400 836 585
483 712 392
110 946 689
66 991 272
675 40 880
364 511 877
726 318 132
598 958 640
684 950 111
13 109 887
464 868 404
581 279 527
218 719 361
159 822 783
175 891 948
738 202 314
920 476 632
793 143 136
303 707 566
131 684 179
885 948 621
552 698 781
395 899 792
330 158 488
236 98 65
158 200 719
753 990 596
143 234 77
676 535 717
876 853 343
901 277 300
396 557 559
833 449 547
307 855 797
907 215 751
229 866 156
601 24 180
318 890 1
681 312 369
218 557 926
883 56 223
703 896 851
443 971 710
649 491 901
84 100 909
307 242 872
242 624 919
544 376 433
786 375 421
287 232 349
440 151 588
593 824 952
782 588 413
109 919 127
250 722 547
673 113 66
801 605 509
840 695 129
861 539 171
379 719 72
462 559 138
664 897 918
121 488 120
637 882 67
506 918 638
830 774 576
86 33 429
364 462 371
60 177 883
954 670 764
371 760 556
243 353 135
46 101 688
110 319 964
429 8 817
405 982 676
562 482 447
691 768 880
808 849 362
732 563 20
145 960 94
967 200 439
448 226 688
995 15 773
981 643 753
697 277 469
671 688 780
337 56 637
104 825 909
999 50 269
910 433 154
23 520 444
746 412 763
612 579 78
563 388 63
743 52 986
997 709 447
366 960 20
604 193 248
372 99 544
347 239 943
714 854 591
335 628 432
636 32 169
226 870 379
489 430 58
425 198 116
405 83 729
537 65 344
519 470 421
994 154 196
972 549 226
582 814 716
115 261 328
72 763 615
925 988 261
806 236 918
782 862 14
895 553 235
659 872 738
809 622 18
948 495 383
727 79 459
911 261 221
897 756 404
583 327 47
394 974 598
40 110 831
897 519 301
426 980 542
419 758 487
981 237 549
278 715 118
54 849 994
250 884 989
571 816 101
870 795 797
449 986 117
529 939 671
127 495 529
69 796 508
512 797 151
892 803 721
797 243 215
263 295 602
639 594 957
247 731 870
913 426 441
331 899 249
718 495 121
112 414 23
10 855 106
802 635 926
779 306 149
36 160 585
15 986 774
467 215 591
353 411 902
284 197 484
481 293 393
558 525 793
277 675 548
182 24 730
975 51 812
989 322 700
154 12 122
465 554 689
229 976 471
832 43 420
97 645 584
690 93 648
847 873 852
368 597 575
188 652 267
763 772 292
446 634 639
181 47 318
122 692 373
902 543 472
317 796 551
441 605 931
313 249 356
165 760 542
129 866 973
240 433 471
627 803 163
872 375 85
709 263 995
989 647 730
28 52 799
8 202 335
169 570 45
842 488 910
981 217 602
814 163 724
708 572 556
520 679 995
77 362 765
480 757 231
1000 462 109
522 529 854
47 910 215
223 726 166
619 565 418
881 701 604
601 495 273
814 651 697
953 813 506
684 511 392
407 320 790
806 895 886
513 451 807
328 963 552
691 299 865
873 898 421
78 794 468
189 200 416
57 566 141
944 733 462
218 903 591
197 439 446
37 822 188
957 355 62
721 173 14
520 62 47
48 622 768
636 129 891
108 851 258
605 389 857
575 356 866
811 664 459
155 701 129
11 513 356
181 127 19
843 640 496
213 388 882
420 600 900
732 299 489
432 171 371
954 907 738
888 245 244
282 405 469
658 128 547
506 645 924
1 96 548
435 611 75
434 173 672
935 678 452
520 238 790
642 731 508
951 667 212
892 690 367
955 933 196
51 965 47
788 342 865
291 887 235
605 572 95
42 360 422
889 398 416
196 246 383
939 163 181
288 607 129
816 107 336
871 737 295
524 915 680
817 812 21
303 186 301
203 433 770
161 650 47
361 293 663
584 824 986
457 337 514
427 293 72
577 218 874
377 242 331
831 931 685
414 285 191
690 634 989
492 890 999
800 859 990
642 372 673
494 700 340
319 739 118
706 903 493
441 814 706
508 769 777
300 88 646
44 239 198
957 598 599
299 716 930
762 985 53
103 932 79
567 174 475
880 736 947
187 564 763
435 616 788
328 41 309
31 464 912
673 239 720
679 742 800
546 664 751
758 401 707
834 939 77
207 599 379
609 236 481
709 111 543
456 334 987
43 289 251
758 984 47
820 251 238
284 851 323
774 908 636
248 106 878
640 374 707
194 476 25
883 391 132
142 262 256
101 418 230
339 982 868
794 438 960
647 233 129
416 170 808
953 747 591
539 496 441
748 979 493
175 850 969
778 348 316
975 529 488
986 366 158
776 816 508
79 259 735
403 697 754
889 350 523
94 274 125
477 584 169
330 895 242
815 519 619
836 380 622
960 409 599
124 679 446
144 691 900
786 602 791
220 56 41
569 800 202
469 778 511
83 63 55
385 10 678
769 216 456
825 565 653
838 837 805
244 839 707
211 695 536
160 701 100
605 878 81
440 29 905
338 379 162
615 3 628
124 115 153
470 784 556
742 416 789
833 857 711
179 870 576
767 343 880
742 34 907
128 249 827
313 541 321
285 791 112
146 10 507
355 471 969
397 586 862
229 59 510
701 822 920
169 763 838
577 96 774
367 163 822
830 429 683
879 860 592
838 490 360
205 95 689
746 1000 466
476 320 857
511 255 864
480 763 357
963 12 708
625 292 779
941 635 601
253 25 604
318 358 822
367 856 913
72 208 686
656 531 22
826 666 844
713 437 755
813 49 894
959 860 565
370 347 63
841 30 155
222 853 513
74 911 376
946 878 116
479 178 896
256 459 106
880 304 716
902 985 667
246 678 85
317 300 684
286 135 840
82 254 362
918 890 400
167 650 287
660 207 19
241 237 388
647 563 444
84 57 435
714 9 538
884 55 906
832 939 397
530 374 426
889 423 889
692 878 428
385 172 579
279 317 99
280 462 371
581 712 964
749 132 382
889 889 401
800 875 356
247 263 548
778 541 249
782 650 758
555 718 37
367 753 979
795 70 208
486 417 853
950 903 154
888 950 354
414 404 893
37 118 792
23 168 868
211 826 765
918 888 75
382 91 611
532 15 327
516 46 234
224 303 596
406 85 575
382 300 328
22 924 492
39 799 376
797 783 131
331 851 874
144 607 655
438 557 557
803 683 215
624 321 913
186 142 678
549 99 869
265 444 836
561 724 903
871 841 583
816 562 663
504 516 955
292 304 163
301 730 443
637 295 327
634 7 878
51 282 95
149 398 413
688 615 129
753 950 832
922 8 430
145 601 618
944 629 439
733 448 653
646 423 842
562 802 179
720 963 427
640 733 11
631 121 909
537 450 198
365 129 193
616 907 176
115 792 767
555 232 399
116 442 359
774 729 404
257 78 961
526 399 749
461 154 193
126 751 659
176 230 150
56 314 29
198 882 166
600 522 627
250 510 391
362 141 990
969 897 820
620 636 772
906 344 504
383 273 560
805 82 746
905 379 353
908 242 423
367 404 121
597 865 123
880 227 525
546 525 467
562 940 20
51 456 969
956 277 400
585 344 163
6 213 561
521 869 295
109 850 414
955 401 393
485 785 955
707 951 405
486 992 180
237 557 957
667 405 955
906 918 147
703 571 468
37 984 978
923 251 956
82 685 291
209 562 279
401 1000 316
85 993 934
856 860 19
995 719 574
162 176 55
722 123 571
167 372 895
357 780 517
982 301 915
747 149 638
425 217 238
195 813 985
393 301 213
148 138 863
895 406 479
866 807 415
739 305 396
558 690 230
812 163 850
649 220 813
375 909 166
189 561 150
691 498 31
365 242 385
38 344 102
654 838 555
270 95 23
837 518 618
238 207 799
979 315 924
514 551 256
239 4 904
49 281 585
964 84 95
111 87 26
18 807 673
365 293 191
392 770 187
133 188 486
317 835 483
52 378 517
442 88 979
86 845 30
631 795 794
632 485 540
799 76 671
709 332 662
543 349 851
536 36 250
404 720 947
68 295 130
352 384 276
687 5 570
572 108 689
44 118 436
728 952 72
903 269 218
415 123 497
752 28 448
801 360 859
982 895 701
955 172 832
312 161 955
462 97 774
895 587 205
532 279 211
797 247 109
596 953 800
810 330 728
552 241 293
396 28 115
980 610 853
159 66 622
425 789 357
411 152 274
937 327 470
733 722 437
557 92 613
624 640 769
488 26 109
712 160 563
453 553 662
194 749 122
339 549 754
876 65 170
779 152 517
201 67 459
642 344 911
278 548 201
832 280 84
838 906 48
477 148 246
246 47 293
685 670 138
472 52 301
203 940 689
847 119 456
811 645 760
773 668 706
581 258 732
378 173 218
367 317 201
128 52 213
230 651 668
719 627 815
460 525 534
581 192 638
122 698 4
