982 264936
448 515 901
128 909 259
615 872 272
69 428 844
608 773 882
712 807 824
803 938 116
991 18 870
418 673 22
916 605 935
973 377 924
981 990 289
73 376 303
705 494 391
532 329 966
475 782 771
720 170 151
499 575 194
65 266 387
239 470 931
219 438 350
231 989 567
611 653 79
977 179 949
115 886 624
812 309 734
243 943 955
78 937 706
675 438 48
185 374 345
602 83 368
306 80 395
380 767 813
355 588 114
756 229 643
515 596 657
446 315 805
389 242 228
390 517 674
235 496 810
616 310 721
384 909 297
73 124 306
111 653 270
336 202 602
135 353 35
978 832 532
182 364 745
269 777 986
519 168 599
322 879 988
230 486 145
102 468 156
368 265 37
985 55 934
673 159 11
107 722 739
962 787 358
59 805 9
123 57 829
645 564 95
3 668 40
912 663 587
253 785 842
450 684 541
666 18 962
187 785 569
194 25 125
825 903 463
597 959 627
494 32 608
879 857 408
501 768 317
761 609 947
879 882 827
213 784 926
789 118 395
868 589 62
177 573 965
526 738 121
769 887 546
401 75 846
879 68 189
374 140 150
138 847 349
52 444 575
728 387 889
21 899 737
899 590 879
717 328 549
182 231 595
588 194 717
390 918 384
684 265 970
328 525 741
390 895 310
833 472 767
395 748 775
902 143 828
920 454 24
503 947 289
382 406 978
58 170 964
781 221 811
394 267 22
859 331 594
806 523 286
623 789 161
46 943 214
197 617 132
32 122 956
416 436 489
933 219 400
782 414 31
10 559 644
11 236 746
598 409 341
226 248 102
725 772 974
397 251 424
88 724 292
29 567 577
60 267 242
336 838 94
425 228 441
940 124 800
215 802 244
398 392 423
490 784 491
209 776 383
132 455 281
311 646 824
975 191 819
470 779 48
736 597 943
507 319 318
568 343 318
356 832 445
278 822 419
890 663 752
743 749 222
724 350 974
861 140 100
487 715 755
929 750 957
241 125 175
322 497 576
654 214 576
158 423 625
938 85 980
605 447 228
606 993 408
436 103 864
694 508 695
161 198 157
40 721 875
843 69 719
631 88 474
188 755 281
560 88 96
539 630 993
45 270 186
284 186 144
971 838 990
727 663 807
811 524 322
999 85 769
610 643 70
382 92 143
150 98 149
900 379 354
115 452 826
611 412 360
177 626 818
373 160 881
960 772 400
597 720 989
530 917 540
160 865 226
234 756 567
429 184 913
718 527 232
72 855 821
793 109 701
88 299 392
107 760 98
852 368 137
975 100 48
385 346 395
984 263 642
511 620 936
892 191 480
250 619 188
645 652 877
682 122 587
948 978 574
874 590 955
499 270 869
535 264 481
729 943 324
217 812 493
182 460 901
455 15 107
952 18 373
255 543 300
855 749 839
72 776 587
372 289 110
998 474 901
246 906 590
105 82 581
623 964 79
709 203 64
550 290 753
60 864 916
906 799 570
906 200 976
625 259 731
635 563 315
462 275 419
890 980 514
780 470 594
483 717 249
284 772 795
4 48 397
839 893 318
193 551 131
551 480 808
102 562 237
941 616 407
344 183 106
836 896 63
325 6 85
892 257 642
663 157 167
803 93 214
970 153 144
582 785 385
800 543 164
340 414 358
125 127 221
584 897 93
571 587 895
428 2 296
939 890 365
760 417 238
731 729 910
76 247 127
420 519 767
797 348 4
270 819 862
779 331 531
476 832 952
762 654 168
570 715 295
864 489 577
735 653 629
341 564 508
286 149 715
3 422 761
226 966 621
286 149 720
668 483 786
387 558 482
559 445 186
949 106 163
629 629 37
873 705 692
29 325 57
353 328 819
749 391 990
143 289 801
419 1000 87
995 513 915
16 984 14
870 166 491
441 312 380
363 480 88
21 504 972
689 873 875
624 432 350
90 100 699
929 955 327
532 688 696
687 307 185
886 6 364
115 684 177
350 516 593
428 839 469
142 514 99
475 606 5
125 909 348
796 882 239
942 878 868
244 771 639
960 384 92
552 396 637
573 378 400
611 123 583
24 704 773
254 924 689
617 662 366
746 762 201
96 613 558
285 550 385
571 272 644
904 192 751
161 919 334
777 7 223
475 217 579
297 601 168
60 595 366
278 733 898
353 976 825
605 438 694
964 733 349
378 634 950
9 132 363
344 521 691
302 726 629
830 543 10
737 839 304
538 239 630
859 910 51
496 855 655
17 372 111
513 313 272
463 195 64
605 501 749
827 748 572
954 901 584
189 351 719
661 221 476
714 483 139
104 40 557
582 355 413
54 218 387
571 965 15
211 824 450
158 520 70
411 153 608
41 969 69
573 432 286
884 44 396
860 495 336
485 991 613
756 757 676
658 303 560
292 326 21
68 967 139
550 68 321
347 17 803
467 535 274
946 44 851
813 349 120
120 95 404
148 174 671
816 369 353
719 978 54
513 212 76
990 751 313
59 505 108
447 389 664
367 795 997
910 112 429
42 728 66
569 186 539
214 488 555
182 322 339
166 867 60
437 422 219
761 571 367
473 216 628
279 382 436
194 798 142
246 933 51
125 886 18
43 851 663
649 578 855
548 256 697
744 502 505
859 63 125
840 819 558
551 404 370
611 133 290
57 737 496
938 436 948
363 156 558
933 424 82
377 846 391
143 657 616
548 914 734
428 933 515
217 502 405
936 529 565
345 317 682
982 592 307
119 817 211
513 685 658
492 523 826
539 395 182
877 978 607
393 517 672
925 417 452
220 621 263
305 516 312
472 524 139
898 50 405
905 649 609
919 449 889
110 935 301
118 133 771
626 433 855
186 314 673
354 593 344
158 971 190
655 710 803
741 827 756
414 910 819
390 230 29
264 206 797
540 702 508
583 308 459
363 947 115
107 960 445
783 634 828
210 895 452
114 657 402
810 472 365
590 601 300
669 574 191
486 587 785
916 609 552
177 989 625
154 376 394
178 245 42
571 973 424
380 449 87
990 12 34
108 74 265
36 952 880
668 743 256
962 159 903
287 341 29
150 50 324
928 692 828
759 616 677
681 537 272
782 764 750
199 289 259
847 381 890
769 610 503
34 106 124
683 679 113
106 244 375
604 572 488
328 895 280
423 701 173
707 603 799
506 189 410
515 591 77
523 104 482
954 528 203
560 810 642
424 644 895
421 222 610
493 174 700
619 573 668
336 806 471
39 364 644
702 513 498
361 184 644
856 488 309
672 229 824
746 479 595
455 103 322
566 924 783
963 778 957
142 223 122
639 94 981
875 578 827
392 86 451
464 710 79
923 443 959
369 949 537
869 11 755
355 189 120
716 476 345
753 216 660
765 414 279
864 402 3
832 970 777
411 890 825
521 497 690
576 162 725
544 672 369
76 260 675
903 235 86
763 609 858
588 974 780
564 679 341
374 424 242
902 676 43
240 671 578
163 51 121
259 759 882
958 790 65
648 566 698
201 911 534
2 303 730
104 73 176
631 930 658
636 141 83
679 240 761
345 299 433
544 813 998
710 353 32
111 803 894
427 961 937
21 142 165
823 570 626
228 956 905
382 409 839
589 865 28
921 230 783
960 573 784
70 66 576
785 962 44
143 691 770
432 782 340
411 910 946
899 720 213
427 695 995
678 635 613
162 30 572
141 759 150
333 644 624
896 838 56
261 343 551
327 629 394
596 982 790
656 687 120
182 193 661
609 423 576
31 611 719
783 738 949
311 67 513
319 479 176
838 747 250
566 879 398
313 841 512
948 440 38
371 190 37
472 826 538
950 992 529
14 173 783
388 687 927
957 810 567
681 112 9
991 435 763
569 228 402
588 324 400
369 631 277
716 57 156
224 222 125
820 281 64
82 480 139
762 715 946
326 30 150
114 621 258
350 956 243
28 928 457
706 606 661
758 286 763
133 830 932
25 217 361
648 928 453
484 912 475
216 323 877
893 958 879
4 903 39
144 965 676
509 356 681
920 172 840
590 888 927
180 979 52
582 126 70
428 451 898
130 886 107
368 350 841
733 783 300
395 594 699
173 245 999
75 582 706
786 244 292
43 771 670
819 6 333
624 925 54
651 86 789
890 732 528
177 739 678
749 397 623
382 620 933
462 737 196
415 777 481
981 218 746
301 420 904
641 984 171
620 421 557
379 626 267
648 974 636
533 998 307
400 106 943
441 270 14
363 356 70
396 752 543
547 41 336
122 381 58
198 147 487
379 739 36
859 408 267
20 841 667
296 460 480
833 858 925
39 52 601
987 157 603
571 157 115
768 72 671
976 341 716
94 487 541
952 144 928
743 112 231
844 56 166
566 479 893
886 666 911
96 872 527
351 39 849
265 651 394
649 604 914
517 388 222
241 27 920
292 248 547
55 557 7
402 436 507
561 655 888
909 950 808
805 639 470
79 160 595
546 623 707
68 48 592
795 53 207
428 544 545
841 493 654
611 364 541
682 51 297
131 51 611
540 443 644
485 549 187
249 302 138
276 350 538
274 130 477
882 836 199
295 922 302
749 921 798
405 224 835
379 733 909
813 293 375
140 212 359
790 711 707
463 963 291
972 327 293
470 984 675
313 574 596
434 933 766
214 853 513
365 985 763
935 451 680
172 295 85
997 462 781
474 223 33
251 913 696
902 868 214
213 584 75
376 714 802
974 1000 852
70 485 19
15 665 105
769 299 630
129 157 822
365 114 945
297 890 764
150 744 50
265 924 652
886 397 683
466 877 570
667 311 473
399 583 321
73 796 724
712 658 268
144 844 364
439 627 778
580 660 448
266 890 712
928 375 480
588 349 446
679 33 746
494 416 14
25 440 584
938 245 102
477 952 546
991 891 634
940 264 224
751 816 95
121 827 782
416 963 674
354 255 128
197 436 677
374 375 26
166 743 593
149 968 883
24 164 583
830 621 305
755 352 846
986 1000 904
708 652 521
510 727 664
561 916 597
606 377 950
986 634 179
38 44 295
283 739 204
2 757 739
287 746 707
52 809 517
320 711 506
438 595 897
221 708 89
738 305 924
735 491 883
581 226 491
80 785 19
636 637 306
791 457 956
25 357 296
163 862 7
566 234 868
863 445 133
445 250 144
637 959 761
633 188 593
706 545 782
834 853 462
366 39 948
270 857 498
752 811 538
515 71 663
124 906 674
663 67 207
213 8 858
222 136 411
777 908 222
100 563 413
634 378 19
385 861 861
901 874 972
670 443 227
504 75 357
662 692 914
677 199 995
490 777 964
875 959 685
604 831 111
734 697 501
421 859 593
930 298 842
30 407 716
70 646 50
648 145 730
738 889 363
940 807 611
645 221 595
81 410 2
336 455 970
662 699 966
938 42 876
408 716 758
761 639 522
173 775 118
239 325 962
753 744 28
1000 509 494
334 885 687
580 576 760
386 215 317
739 470 939
30 161 403
103 56 763
170 666 44
989 831 566
864 88 883
396 864 844
40 748 420
403 849 458
922 747 258
401 907 941
934 465 727
121 308 415
538 456 836
814 990 966
928 176 934
257 958 529
832 128 446
571 486 354
284 627 525
506 254 596
437 992 649
557 330 611
566 948 686
676 882 290
898 618 326
560 887 802
247 343 537
173 395 67
182 405 990
458 211 782
211 564 449
327 161 570
422 190 682
254 921 943
570 928 902
483 262 134
216 29 332
949 756 181
494 628 29
13 810 518
571 119 583
619 488 949
249 189 664
999 767 239
603 63 17
191 382 716
375 393 806
352 752 640
72 50 592
715 332 407
572 907 618
980 587 725
924 786 905
628 847 420
370 78 235
851 441 164
213 114 214
188 796 419
711 145 587
795 11 427
528 193 653
703 475 259
97 568 864
834 634 451
727 556 85
746 668 851
875 908 799
932 744 201
121 478 954
232 324 582
854 271 938
420 450 889
816 669 87
637 825 488
48 141 463
916 76 478
686 387 94
853 393 938
427 681 36
229 690 654
585 277 678
588 568 179
522 417 295
582 888 391
865 728 482
716 324 86
835 732 243
162 380 669
286 702 278
841 220 1000
353 909 900
866 672 519
540 717 398
836 109 420
405 582 636
668 349 548
521 16 794
2 870 995
18 811 503
186 21 357
553 8 996
287 449 274
348 499 79
753 60 481
770 673 108
502 253 825
664 477 157
664 986 402
306 76 455
656 388 494
9 986 880
789 195 363
833 835 529
742 325 631
374 339 377
176 662 982
381 113 831
572 146 929
352 261 856
445 311 102
627 492 21
6 406 87
848 964 545
569 305 824
608 162 904
563 724 412
547 528 723
7 219 842
384 123 666
709 440 898
408 236 403
705 169 762
619 723 474
332 554 658
936 19 113
792 156 69
781 324 888
586 796 736
402 52 762
160 278 17
650 970 694
531 299 440
935 664 601
342 342 867
983 224 159
842 547 926
853 187 229
367 440 286
716 19 409
272 576 529
508 964 584
126 508 467
714 226 160
541 308 749
35 962 635
755 151 887
280 575 921
639 349 947
818 1 323
694 363 92
17 332 544
967 163 55
527 830 821
756 273 888
177 840 538
917 647 751
305 331 214
956 176 671
276 50 823
461 985 337
201 186 454
436 998 518
591 51 960
456 894 964
632 174 86
168 610 537
999 174 875
377 124 145
510 234 598
980 734 471
429 373 571
410 280 2
738 302 614
357 633 800
238 90 947
9 138 616
897 843 288
