996 267002
77 505 838
583 459 939
436 611 448
486 12 119
595 41 238
332 969 101
531 293 787
990 869 103
409 985 273
233 88 311
443 154 243
406 312 774
889 31 154
580 41 584
400 607 74
942 367 33
307 110 679
374 345 790
735 51 370
546 13 574
338 181 961
431 198 427
592 10 969
53 443 937
638 136 2
781 40 826
728 455 319
851 698 279
966 375 34
661 652 883
522 1 981
296 469 803
699 962 231
417 61 522
445 243 751
107 596 694
761 852 589
666 665 244
662 721 994
606 22 343
844 791 147
458 5 932
185 403 497
245 100 547
995 13 18
465 4 757
398 305 371
9 607 463
833 36 512
600 370 49
457 153 267
779 599 170
557 168 92
213 415 925
991 108 321
684 691 634
823 937 707
861 877 936
147 983 713
549 349 623
244 244 50
928 948 456
172 671 906
266 81 159
118 483 100
55 917 396
381 829 138
973 456 284
217 34 371
867 407 672
955 843 353
599 525 934
874 154 519
94 751 528
36 934 623
290 940 889
843 661 160
844 758 528
124 634 655
523 6 696
466 736 914
916 87 448
977 337 823
262 95 152
117 60 468
98 925 145
319 958 856
578 396 34
384 608 254
267 497 262
18 69 195
628 173 241
764 765 558
643 367 554
146 234 244
191 955 546
934 538 495
326 592 914
588 725 174
663 871 32
812 681 816
436 417 565
526 586 588
22 533 415
669 959 756
399 982 974
229 177 838
480 527 593
33 674 261
455 754 494
935 71 387
224 725 861
143 276 104
150 113 248
669 596 943
582 776 494
239 966 487
572 428 941
423 710 650
809 864 408
663 169 559
782 71 821
562 890 617
85 549 8
170 316 264
869 885 335
997 210 117
214 277 111
471 710 808
319 26 337
218 717 587
566 147 650
203 101 991
302 856 721
684 825 317
652 901 573
956 453 156
1 196 610
549 893 387
585 314 867
53 488 640
126 748 583
705 852 340
455 942 933
445 751 811
788 354 739
509 262 239
143 89 638
812 97 778
694 328 244
240 863 586
403 743 680
255 521 655
174 29 405
63 29 847
626 235 698
406 778 184
199 782 954
69 249 333
139 68 74
108 889 356
513 589 79
424 545 666
984 992 141
952 817 171
131 90 388
367 796 411
286 246 740
248 154 313
867 713 490
823 272 72
765 278 567
149 560 954
464 656 861
316 570 60
127 463 925
806 306 480
327 490 384
181 228 889
474 354 37
727 674 666
330 741 373
22 904 448
632 944 831
623 377 79
322 41 784
996 971 319
242 574 834
611 758 821
875 433 721
789 579 70
408 223 630
526 324 227
987 699 441
805 517 500
974 693 431
828 765 943
662 515 344
125 971 161
899 704 376
517 579 65
108 412 825
968 399 257
184 182 416
385 201 295
45 254 10
819 742 380
640 815 327
139 246 769
341 945 409
555 616 463
415 687 40
125 369 551
442 845 169
984 918 342
426 624 374
227 730 930
644 193 275
579 767 456
870 424 359
515 170 563
91 103 429
323 186 875
713 600 714
537 596 466
984 619 254
971 138 506
397 628 7
324 975 741
417 62 445
164 446 201
418 349 298
822 759 208
565 307 679
128 271 980
709 403 329
969 703 991
170 547 521
165 470 183
180 771 799
933 696 120
187 710 899
619 730 734
833 552 525
648 720 216
224 351 705
772 661 952
7 185 103
633 697 26
866 663 264
340 698 960
659 943 741
874 897 688
848 18 123
839 204 895
767 531 984
608 296 927
209 686 126
39 50 93
556 912 954
29 113 863
342 52 542
695 147 854
446 583 18
255 1000 761
719 722 848
376 82 963
481 990 188
294 208 758
666 217 107
725 613 597
247 386 628
837 970 576
733 458 136
938 344 288
530 772 284
712 355 660
194 634 963
252 617 555
747 41 597
665 569 152
587 220 823
693 595 38
847 740 94
721 221 338
272 712 84
18 814 196
948 651 121
382 626 883
445 617 429
297 812 242
629 35 517
856 909 51
315 426 130
314 471 484
799 777 304
880 557 476
448 755 671
862 996 108
971 297 337
262 289 981
661 607 533
709 463 952
129 442 960
406 842 984
375 37 88
152 484 342
541 371 453
583 415 230
704 76 723
277 388 691
898 858 865
175 454 835
171 642 378
593 291 413
20 881 575
740 201 139
553 318 539
522 481 143
934 819 226
833 300 124
264 811 332
255 410 233
41 586 870
860 40 58
621 498 499
100 637 37
667 968 556
599 788 205
902 740 440
354 469 545
412 510 749
706 653 833
661 840 83
328 488 799
446 390 469
963 46 926
886 373 459
984 329 529
470 792 970
186 579 946
499 305 225
762 673 68
829 938 469
562 276 490
697 797 310
951 379 155
694 85 552
872 433 425
665 532 816
730 831 624
397 125 106
665 457 392
222 782 107
494 734 349
275 895 354
706 55 552
142 474 627
848 231 757
206 131 368
408 55 744
248 732 304
16 311 519
211 173 470
553 738 799
399 375 317
73 228 283
123 964 427
445 438 429
708 948 48
392 232 993
814 801 972
477 519 925
179 35 442
192 33 224
24 43 333
317 376 887
161 872 540
289 671 960
419 433 731
774 277 537
258 768 743
636 716 60
354 137 353
767 945 82
726 810 505
116 124 122
587 616 966
494 782 432
535 315 834
393 626 892
418 571 51
891 181 558
421 172 910
334 195 511
573 105 402
657 802 104
963 666 804
415 975 632
911 1 838
207 542 843
168 938 110
630 787 828
141 175 532
663 680 936
887 453 436
260 545 18
206 163 165
43 555 785
734 488 29
222 394 741
790 382 195
804 345 329
359 907 533
756 431 131
459 214 197
518 902 400
588 101 670
631 5 773
226 84 319
972 102 897
587 699 271
22 670 925
317 331 981
333 109 199
592 161 860
983 381 309
597 540 541
44 649 703
215 798 470
727 532 649
26 207 641
2 977 21
960 433 700
362 534 47
486 476 299
177 196 519
147 820 414
844 391 811
310 575 281
750 941 636
680 88 673
409 220 812
878 218 492
607 504 132
195 904 478
875 455 913
677 404 971
858 940 623
105 294 640
954 969 682
711 470 147
44 205 747
269 586 471
596 211 998
515 957 839
271 898 732
82 843 557
612 171 971
911 203 757
594 422 378
602 649 401
548 273 730
438 620 469
126 671 206
495 396 819
865 667 525
993 989 761
465 411 73
730 818 531
386 342 817
876 201 384
996 931 16
305 733 953
269 29 586
798 764 284
396 619 460
892 529 369
700 922 557
618 915 337
977 807 16
464 742 214
639 145 440
822 632 240
915 26 309
824 818 659
137 991 423
61 548 295
631 599 25
178 460 947
646 12 133
526 936 739
274 658 991
481 707 846
422 455 880
849 549 116
139 377 544
787 578 439
823 803 337
721 442 901
662 331 26
596 904 794
326 873 350
717 260 884
561 784 694
170 423 493
569 713 950
802 579 887
85 415 592
845 894 618
673 889 848
13 596 4
765 329 508
300 202 598
736 959 846
519 371 3
793 464 114
360 980 252
524 161 656
819 110 167
423 967 546
82 657 23
390 233 735
380 556 50
804 848 793
837 124 716
278 122 441
64 573 162
106 853 302
111 228 936
858 249 995
643 791 258
553 793 64
333 940 495
701 700 795
25 996 664
182 242 95
773 276 905
172 840 564
366 578 423
32 24 702
852 128 753
772 111 965
764 808 151
923 205 641
409 40 551
812 653 864
293 964 70
139 833 39
640 94 459
325 289 623
506 341 184
627 869 636
476 140 579
76 841 723
416 218 702
838 354 888
908 930 900
183 596 690
448 638 665
620 46 845
17 152 292
626 575 286
40 818 797
5 973 240
43 892 3
232 634 639
287 139 417
254 131 548
760 993 670
463 162 10
134 687 285
177 531 403
376 433 33
184 612 217
777 320 162
755 694 976
260 919 674
13 374 980
430 657 328
560 726 743
707 51 93
20 989 7
836 289 766
141 120 298
746 638 876
881 131 833
56 402 31
859 544 789
717 151 694
646 906 261
8 968 822
219 724 477
700 363 515
282 253 215
559 907 978
551 845 605
390 239 834
128 306 798
339 911 292
616 239 906
467 855 732
156 969 802
354 696 218
922 605 538
965 51 39
257 992 154
36 229 662
268 543 764
709 387 295
380 47 555
781 191 838
475 130 896
647 643 809
406 500 611
96 668 478
221 748 87
467 131 1000
544 49 80
859 24 878
196 522 626
468 278 112
469 710 1000
1000 397 560
450 751 786
644 424 806
53 521 589
416 852 12
909 294 40
894 361 823
79 779 342
930 194 296
136 694 73
444 787 714
83 611 282
186 448 197
526 524 387
166 508 13
988 682 386
984 606 126
519 692 938
331 479 958
732 769 807
766 262 625
531 702 721
880 95 680
883 52 513
216 432 265
97 306 193
943 303 204
639 158 173
345 662 659
115 175 924
542 386 406
73 153 641
586 122 670
531 396 798
176 428 600
955 264 537
83 157 44
122 114 11
268 469 837
124 197 103
639 253 813
358 840 702
343 112 859
39 204 164
249 729 561
336 949 72
507 135 365
312 454 558
934 592 776
47 759 83
302 1000 704
676 201 120
685 762 184
791 977 100
965 928 832
25 572 289
977 613 230
545 7 984
152 306 678
436 649 994
804 912 506
120 326 325
280 326 239
928 439 839
5 587 752
46 784 385
646 232 62
245 146 864
786 697 231
574 310 454
77 119 832
618 959 479
326 634 143
150 844 249
482 64 651
752 934 249
633 580 151
808 694 365
534 342 527
282 68 339
281 883 198
994 362 638
156 930 643
33 536 897
666 553 709
715 121 724
85 481 370
729 203 417
874 169 923
251 478 217
643 14 183
758 259 135
703 869 168
832 966 733
161 809 707
191 282 727
778 125 194
692 580 327
981 962 575
653 820 379
647 389 110
15 865 860
270 766 985
332 422 564
990 56 840
121 197 477
243 252 255
442 701 842
622 658 65
913 652 624
777 168 189
705 927 896
25 326 14
591 156 617
651 556 540
347 435 68
881 617 685
754 372 181
455 176 105
25 62 71
792 722 734
117 991 652
709 414 130
23 55 138
355 931 579
395 489 100
474 204 131
42 554 189
206 257 979
426 746 99
505 978 2
219 671 583
211 590 38
549 189 628
721 661 338
78 951 264
780 298 424
798 186 692
97 364 753
938 656 207
125 515 973
707 598 430
599 752 582
19 608 230
369 677 977
576 326 436
190 551 785
66 655 381
317 677 906
616 279 786
576 108 354
440 204 987
330 140 531
625 644 281
37 228 277
157 707 378
249 711 307
281 509 23
123 136 593
205 440 200
185 385 994
445 751 533
333 410 610
658 154 743
650 461 132
703 985 373
992 87 558
193 452 284
694 957 539
986 125 940
850 776 648
606 965 257
308 858 115
772 598 4
60 75 774
696 415 250
14 357 674
393 881 443
935 921 420
209 976 881
490 26 945
803 142 312
495 954 576
349 630 664
226 637 227
240 469 931
4 112 727
157 497 810
112 72 138
414 757 418
81 208 180
472 941 15
928 882 323
940 8 398
503 678 446
640 339 613
744 672 30
716 626 621
839 921 796
490 251 354
703 435 305
763 371 280
104 641 813
724 358 627
517 177 996
879 783 265
430 997 380
182 436 678
433 650 807
216 228 47
661 452 150
921 440 484
158 298 20
71 283 110
368 850 835
247 605 578
975 584 26
90 647 265
294 964 479
657 233 920
647 173 891
803 925 89
487 852 810
314 950 802
686 857 605
73 216 273
946 210 212
816 797 88
263 513 791
712 69 574
844 973 251
698 947 142
269 109 859
405 288 125
438 817 407
53 483 508
398 996 820
943 604 92
340 249 387
649 520 873
682 359 314
46 200 121
270 836 673
918 173 492
613 191 746
697 341 116
763 284 493
814 701 443
266 857 147
720 618 275
981 662 221
938 372 477
890 960 632
114 819 432
916 621 768
290 68 969
685 14 635
962 95 733
344 347 132
181 143 385
258 797 884
269 519 962
94 174 577
766 476 173
559 812 864
939 457 21
909 348 99
491 358 857
429 546 148
12 183 869
703 647 784
111 963 615
118 974 718
925 77 445
680 682 664
489 22 839
432 712 114
529 572 779
711 157 405
631 952 106
562 541 595
81 733 737
181 78 696
45 639 747
187 980 186
842 704 876
630 61 36
217 768 658
992 391 740
307 373 602
99 375 527
589 860 189
52 563 740
215 183 367
909 576 75
941 712 604
235 216 393
493 295 390
429 207 69
519 135 236
916 750 402
543 478 402
190 218 62
543 632 196
186 612 280
893 303 831
475 395 187
677 659 478
542 775 480
908 21 768
674 699 697
717 18 369
480 602 450
232 903 186
904 538 152
639 184 679
654 775 12
155 307 825
869 59 423
954 767 693
998 512 938
94 992 269
935 851 64
844 798 222
538 135 705
127 594 753
525 10 550
168 259 750
593 108 812
307 917 890
974 638 756
680 384 332
668 455 528
780 287 29
881 132 6
964 296 870
164 904 262
782 592 953
422 852 549
261 272 706
521 938 469
995 883 776
688 530 530
246 136 323
29 559 260
591 687 474
168 188 414
136 219 479
591 758 423
290 394 773
948 168 590
646 3 343
329 319 252
456 806 634
384 538 220
334 898 151
673 138 59
589 348 220
159 939 940
818 206 282
204 778 462
436 316 98
428 816 733
429 352 821
199 739 729
670 854 757
349 780 598
334 703 670
332 747 516
245 457 968
325 12 320
112 491 541
168 593 453
