945 242485
769 393 988
484 651 49
736 946 680
502 980 720
986 947 751
894 120 992
561 344 800
106 400 268
925 613 690
403 423 333
792 697 579
324 184 358
834 611 695
73 617 486
495 320 507
263 490 426
1000 306 319
49 998 551
439 727 664
50 432 166
498 910 655
564 441 886
8 739 537
257 185 668
875 66 581
717 882 434
894 510 825
138 8 354
92 216 811
864 16 321
109 233 488
669 760 394
741 161 257
291 301 774
471 841 160
677 835 581
973 110 358
855 66 117
614 993 357
27 32 804
742 140 637
344 50 497
312 306 289
362 845 405
715 210 908
41 917 556
339 95 684
681 879 358
543 536 138
937 863 874
353 252 143
139 469 709
703 997 13
155 878 500
614 906 888
811 246 174
783 265 98
681 338 104
450 631 242
728 482 473
773 101 688
340 478 969
42 899 177
302 60 729
850 530 212
23 491 348
192 307 706
899 395 886
833 555 551
939 118 478
805 819 982
100 178 433
360 770 620
574 978 629
628 34 506
236 964 328
4 903 237
247 861 626
910 718 620
684 49 3
339 464 847
89 516 254
288 98 668
612 492 17
587 118 474
585 721 695
261 606 40
957 979 635
999 606 993
150 358 867
286 978 922
517 795 760
162 648 88
84 951 311
421 587 342
540 464 788
397 666 478
295 424 481
549 280 858
295 585 52
701 511 571
7 227 570
414 80 559
837 801 398
219 868 894
933 131 551
855 454 350
486 721 554
995 706 470
331 639 206
943 888 837
475 881 913
314 950 654
40 491 203
277 910 762
707 972 526
498 558 319
597 67 632
901 658 812
683 704 457
272 75 589
422 968 343
607 144 702
180 362 170
108 309 366
726 188 632
917 350 357
896 61 342
143 991 391
961 567 887
512 563 962
829 583 710
155 71 872
681 869 23
426 75 773
880 816 731
62 244 74
700 84 974
122 530 524
611 800 442
953 166 595
27 510 288
213 165 786
954 729 530
427 626 581
116 899 411
987 438 221
139 667 514
242 680 272
87 422 40
295 874 155
58 630 852
339 89 534
555 659 680
345 81 45
250 470 278
808 317 889
71 250 460
258 546 3
571 321 850
172 428 686
623 283 496
425 217 908
214 820 442
222 55 122
213 531 670
526 897 374
545 834 477
946 660 404
215 458 405
419 423 417
541 737 706
352 572 974
211 352 248
499 982 572
50 83 866
841 585 752
464 971 279
721 911 31
233 590 112
822 231 686
530 734 856
299 590 397
994 424 318
539 777 57
337 678 616
41 659 763
58 467 730
471 822 7
541 73 391
914 132 3
396 309 445
116 169 485
511 219 218
351 127 923
725 510 954
577 499 150
297 889 204
189 928 255
451 995 250
529 773 315
473 995 994
332 557 884
312 258 655
952 572 385
576 79 924
403 820 996
576 504 533
520 339 772
367 674 376
890 805 682
220 474 990
322 262 526
284 444 304
913 658 441
899 594 700
216 119 858
13 513 169
63 78 466
833 515 252
292 558 346
502 12 636
272 487 742
255 54 204
530 445 197
32 627 731
490 250 221
261 466 671
878 498 17
785 855 609
624 398 640
240 358 822
468 984 173
698 138 685
146 17 238
556 579 872
568 796 366
409 704 564
639 795 253
654 64 872
725 414 372
468 833 212
992 368 185
962 707 732
648 901 17
907 148 684
492 548 154
413 134 368
30 390 571
149 609 656
303 253 305
898 861 881
459 883 643
794 5 234
104 5 846
881 976 455
435 745 424
717 497 481
34 748 833
621 667 523
161 441 636
186 583 899
421 631 110
106 617 793
116 303 332
517 69 430
387 222 299
971 185 207
658 62 2
214 808 919
119 414 431
384 214 888
761 508 345
827 454 244
902 384 254
700 600 712
835 81 536
721 670 222
230 540 17
192 686 842
262 881 372
106 164 994
834 249 366
633 456 168
53 919 441
959 590 294
782 216 361
733 226 570
437 785 557
772 985 443
60 818 374
974 583 181
729 348 510
788 741 715
915 96 464
449 890 696
792 384 111
580 853 130
101 450 260
403 817 115
592 523 182
77 16 934
873 438 452
386 950 767
741 256 275
92 389 345
396 801 247
41 991 609
225 119 178
721 468 256
256 922 415
529 147 8
949 171 717
792 722 342
28 929 235
42 173 972
980 614 817
837 845 212
865 642 718
392 434 745
39 626 156
853 338 67
265 911 885
120 254 593
852 646 29
311 901 381
277 776 851
548 248 355
74 186 236
496 487 309
974 999 925
64 7 818
875 842 629
950 88 649
155 350 887
349 379 48
589 954 816
814 793 519
454 299 275
902 176 120
711 851 53
718 800 132
899 611 907
181 506 369
704 861 294
364 575 510
215 214 297
7 362 176
460 992 253
74 602 841
285 714 752
169 191 142
795 457 892
800 682 654
242 882 588
391 969 916
496 626 143
837 500 593
109 746 803
59 357 25
706 837 468
800 875 931
698 614 289
457 454 766
209 383 357
763 799 108
551 819 417
254 574 451
18 93 691
843 916 601
52 730 39
117 987 918
235 480 450
616 427 462
27 741 225
404 569 68
141 235 553
612 210 907
349 870 224
364 251 441
649 332 719
437 818 546
926 522 231
198 395 273
277 980 954
459 75 263
908 878 628
674 589 471
317 323 403
570 140 405
928 169 846
868 400 859
815 637 503
948 503 519
424 820 286
905 970 312
355 425 435
28 475 49
477 783 136
150 318 384
853 216 983
667 726 980
487 899 642
585 69 841
911 55 122
255 44 22
643 672 361
83 705 836
548 870 976
465 498 380
539 394 871
177 402 596
225 294 52
836 895 564
801 948 841
148 421 824
829 392 899
464 521 449
904 63 717
402 736 848
202 211 577
569 28 984
272 590 277
289 145 459
551 769 868
687 62 35
987 971 813
269 822 901
728 661 492
83 216 84
661 362 778
471 954 766
504 585 769
227 557 242
279 726 964
232 27 329
693 799 695
616 125 470
656 848 190
903 434 277
406 949 69
462 242 453
163 505 979
854 790 115
10 650 593
302 577 708
673 926 584
884 500 428
651 297 228
831 776 362
210 623 595
771 534 183
423 369 413
24 614 253
970 889 718
433 820 572
474 361 201
1 674 39
804 553 316
776 282 207
42 241 887
13 901 347
806 471 423
225 897 673
374 208 6
683 923 327
784 16 18
509 831 145
461 170 108
562 299 696
695 753 82
143 259 931
290 874 834
165 565 63
251 237 844
166 136 290
309 576 79
314 924 697
297 547 265
267 433 674
756 599 625
756 514 865
819 797 899
184 60 329
87 597 297
10 132 689
456 340 917
983 281 591
61 777 250
265 547 125
981 823 751
675 364 765
159 835 903
658 68 595
857 481 532
4 556 541
391 722 193
509 383 350
481 137 899
34 588 399
783 977 474
933 89 204
218 285 179
826 325 653
136 793 521
182 490 599
698 647 451
217 113 362
924 761 171
934 851 59
761 520 848
883 144 848
509 976 653
466 232 980
813 93 522
766 436 167
709 781 48
698 965 100
744 943 401
728 60 634
714 170 420
154 205 973
472 762 775
913 770 846
49 526 1
464 895 62
176 536 995
544 815 384
72 566 791
902 91 890
503 55 640
773 805 399
943 837 819
56 902 835
651 296 301
164 196 518
512 738 520
283 558 109
703 445 915
593 343 675
947 345 48
563 23 494
358 197 632
152 124 569
542 650 750
315 618 680
627 752 482
280 692 237
796 468 292
9 269 118
670 306 750
142 735 454
114 938 868
903 312 398
123 339 858
446 190 859
291 81 666
900 827 939
320 295 810
834 516 433
985 28 704
777 788 540
802 144 438
378 736 829
374 709 785
19 23 995
574 282 867
804 764 221
880 143 817
985 960 585
206 353 372
559 628 30
510 107 345
205 898 59
176 295 675
279 122 957
279 769 578
312 673 266
745 698 2
544 176 260
230 710 706
601 469 468
771 850 954
888 990 900
747 608 551
336 866 196
608 268 510
774 608 2
23 31 540
441 936 954
252 895 141
688 497 966
946 561 260
537 606 571
366 510 82
492 308 161
395 150 190
779 754 624
183 839 987
515 498 415
917 589 458
823 191 968
579 874 579
275 481 257
622 714 820
14 769 799
557 677 45
565 850 196
162 410 296
729 565 38
208 6 883
613 897 724
908 888 386
699 540 926
86 583 145
383 973 396
389 707 498
113 179 688
907 504 849
753 372 530
417 740 85
675 994 135
768 825 644
14 977 960
915 237 642
884 46 527
534 405 805
780 721 418
82 239 702
763 630 168
179 106 875
21 404 366
682 744 221
354 355 822
815 791 910
28 520 501
644 976 530
661 822 910
90 871 757
849 767 405
392 743 986
347 193 111
189 616 63
761 205 957
180 869 757
814 544 982
667 531 322
275 504 95
669 541 423
490 522 132
562 573 275
688 396 767
301 146 18
994 937 234
95 503 662
506 921 853
871 464 13
826 844 915
499 990 479
74 529 821
686 183 320
887 975 709
485 113 535
566 144 499
962 869 214
395 396 412
430 575 659
371 488 260
30 274 802
381 523 486
409 530 627
18 524 518
413 227 21
820 957 163
57 719 678
34 388 192
191 872 572
347 194 564
513 953 670
588 689 23
779 477 874
330 36 140
157 439 581
309 135 708
610 51 172
536 917 323
309 72 864
963 547 792
280 593 99
890 745 621
430 550 106
448 98 40
668 693 461
917 302 888
403 756 429
836 699 494
690 424 541
630 103 89
248 827 570
289 341 984
150 327 783
446 250 959
329 537 991
30 646 549
314 59 347
331 853 925
362 995 129
813 511 315
412 839 760
23 692 162
53 883 488
515 177 225
861 975 498
337 464 144
685 423 75
780 590 679
581 208 342
890 968 737
728 240 496
736 585 264
526 3 449
137 990 327
156 811 402
658 977 287
882 267 698
106 155 662
309 153 466
767 160 105
641 757 690
698 712 610
483 225 452
448 227 959
948 2 513
995 154 779
146 853 441
761 447 184
594 551 517
905 497 793
766 418 945
996 102 366
283 505 349
211 897 711
571 513 786
847 894 379
803 405 418
215 289 661
19 213 900
416 644 335
500 134 197
18 106 827
712 453 178
661 269 694
478 257 921
774 238 805
537 383 918
437 933 467
268 812 696
467 578 872
715 348 955
494 502 992
86 357 284
360 445 523
752 672 412
714 977 364
442 319 535
118 939 156
282 608 379
531 372 172
655 610 378
258 6 453
108 355 249
115 336 312
160 437 162
921 212 72
36 660 73
896 108 654
591 707 718
275 960 976
138 518 75
901 328 298
852 569 307
597 936 534
975 344 781
792 407 640
495 116 803
207 860 61
872 953 195
30 516 962
429 460 594
538 212 69
665 443 462
530 200 85
409 244 29
126 240 534
409 728 841
923 300 426
695 991 333
750 119 918
304 912 623
682 305 592
837 527 848
455 127 980
520 912 834
20 447 5
617 776 69
866 293 434
127 835 544
301 187 873
553 570 251
744 232 932
875 130 692
243 688 125
346 357 537
1000 852 960
626 552 99
49 794 680
101 38 437
117 817 646
887 499 675
218 433 226
459 653 385
48 845 858
752 126 504
636 209 301
448 601 995
314 288 429
627 952 479
242 47 43
744 514 228
297 643 5
153 256 848
950 404 493
490 745 757
112 88 154
12 267 677
700 71 520
224 240 593
999 85 177
23 153 785
595 654 933
553 927 967
554 524 877
506 262 497
29 975 577
153 233 342
515 404 340
100 826 832
43 527 218
50 181 841
195 942 971
541 382 659
745 343 870
290 371 964
281 481 657
553 575 224
387 624 983
94 490 511
618 114 303
209 424 752
423 672 60
245 972 338
84 228 759
839 178 417
278 7 824
482 977 742
554 455 278
381 988 620
722 956 677
49 633 466
230 424 756
378 818 513
428 891 542
702 63 899
620 217 519
1000 930 85
986 278 37
258 710 412
832 863 292
638 141 959
966 322 438
977 29 941
1000 702 360
996 368 12
236 454 341
892 814 542
94 577 795
942 941 700
156 654 431
150 353 448
196 747 977
98 427 553
963 883 629
200 784 531
402 719 726
977 790 969
846 272 940
280 553 245
484 313 319
281 457 191
922 65 967
929 163 977
209 649 350
744 566 542
583 9 207
405 698 355
375 684 7
606 498 828
842 683 478
633 733 545
71 845 841
239 222 423
485 448 867
395 429 380
912 877 101
896 514 112
401 482 342
752 349 948
422 975 225
923 631 553
977 647 417
976 172 233
591 159 229
757 900 291
480 894 931
82 913 984
504 99 141
894 226 935
796 303 806
558 7 487
37 974 815
118 510 376
636 71 133
122 990 5
605 990 253
663 861 451
240 461 539
841 360 753
722 785 9
660 750 60
770 803 123
819 477 252
816 992 8
456 327 549
867 570 372
236 965 373
