981 249318
4 657 408
313 208 851
162 34 700
707 362 384
495 674 357
293 78 322
548 292 644
597 412 312
47 693 562
266 692 820
104 202 359
528 77 507
910 721 203
304 356 753
125 989 763
634 407 40
938 823 395
737 515 579
683 796 901
26 415 148
317 442 355
678 352 45
918 228 953
931 169 165
812 363 610
681 64 842
319 967 384
741 669 896
236 641 338
481 632 776
742 373 842
483 472 235
635 306 568
395 759 115
476 525 468
533 276 445
944 907 642
991 527 411
280 313 528
91 866 266
193 840 964
597 60 700
220 444 981
608 287 862
866 883 892
427 999 816
440 281 640
142 1 733
148 582 142
724 827 468
623 219 673
894 52 924
290 699 913
612 1 208
60 330 753
528 45 442
468 937 152
215 41 380
913 229 540
727 774 772
85 297 180
381 871 827
995 579 863
534 555 1000
478 604 531
408 724 886
782 698 376
436 746 455
932 122 421
595 92 889
980 424 791
49 797 363
426 107 149
795 32 486
40 507 517
528 369 250
742 210 910
85 56 897
517 356 636
368 329 475
310 255 652
566 442 4
718 20 623
141 369 366
904 496 920
855 75 30
85 509 695
471 612 244
517 46 75
799 912 102
116 932 186
345 589 688
262 248 627
710 657 829
32 998 444
944 81 385
359 834 923
883 790 452
397 965 928
29 919 960
728 554 796
18 833 187
132 291 46
347 77 647
316 921 849
448 300 440
708 537 435
43 891 520
72 625 105
624 806 810
813 650 446
367 797 222
770 166 75
610 966 509
776 873 512
555 316 615
733 906 411
767 321 20
800 651 688
306 297 679
505 36 23
41 284 984
21 705 130
447 328 922
371 297 545
773 50 24
383 876 572
196 587 7
89 560 175
554 664 32
185 794 846
339 469 460
182 197 796
302 284 154
937 457 734
179 797 611
686 960 65
964 709 473
9 258 948
78 990 359
544 769 156
189 793 337
769 422 457
320 433 507
72 575 474
872 190 814
100 802 591
321 36 727
631 532 346
730 353 274
241 180 493
164 693 113
862 284 340
443 592 549
2 812 375
240 614 897
835 659 555
260 209 682
488 442 780
361 165 71
91 235 23
106 725 555
651 880 455
250 556 804
213 580 403
632 65 167
73 635 46
955 391 223
455 352 516
231 213 362
24 922 89
813 773 288
767 57 490
990 253 449
579 355 582
145 336 910
339 751 377
14 188 18
842 153 436
411 996 517
672 902 252
89 309 929
829 759 845
78 89 191
841 151 728
191 290 185
250 404 320
372 447 993
919 833 611
909 877 523
513 96 204
253 908 245
755 108 477
18 622 222
168 767 469
830 721 361
971 67 245
178 993 137
521 225 367
55 730 970
137 834 60
509 875 965
473 420 894
518 49 728
313 528 936
343 426 696
484 24 916
642 896 666
511 988 845
442 215 645
11 301 579
103 359 137
375 203 649
199 393 626
558 870 211
215 701 452
903 473 813
611 64 421
865 478 7
126 648 73
871 696 121
8 915 870
62 527 911
438 717 697
510 859 501
895 352 117
532 390 944
88 97 685
626 559 166
539 34 898
11 395 796
809 780 292
224 314 229
195 894 37
363 494 981
227 819 258
658 892 963
978 202 320
78 189 308
909 111 944
659 251 521
390 242 321
282 713 579
182 992 563
15 715 168
671 937 898
129 252 515
737 476 80
620 219 887
834 364 962
884 694 811
171 982 598
155 571 878
23 453 632
800 200 660
555 168 366
479 310 730
239 941 540
279 283 508
3 17 556
661 532 193
669 614 239
324 592 279
241 966 652
33 483 336
282 261 921
736 322 152
962 437 551
745 737 287
143 239 700
494 213 191
473 887 351
610 220 589
4 175 549
645 499 353
403 21 608
202 698 954
878 458 821
75 328 580
559 124 2
130 908 882
405 891 148
815 915 862
807 116 303
339 771 224
518 92 761
153 122 577
985 108 925
581 189 477
583 86 756
233 457 567
614 713 747
883 640 953
985 268 681
110 692 276
67 431 792
329 658 667
348 847 308
481 934 933
901 5 719
361 317 539
194 465 625
286 170 519
177 964 422
634 743 860
486 888 215
211 600 994
445 423 144
41 561 182
59 245 101
350 38 312
921 816 465
407 925 77
27 560 922
742 535 129
32 789 203
141 780 563
18 4 736
808 157 723
969 194 875
404 44 704
980 983 392
250 553 270
411 894 444
882 29 930
227 171 7
195 918 114
383 676 920
202 968 143
532 633 870
81 474 439
336 558 550
107 152 959
339 762 642
23 110 133
646 936 143
286 806 818
752 486 924
209 480 325
896 155 763
454 640 369
773 595 589
772 58 179
446 639 231
77 865 131
708 119 521
267 55 755
127 7 50
4 830 86
756 944 547
536 341 334
968 433 381
689 902 15
425 865 656
745 304 475
300 280 808
967 487 232
22 806 866
854 112 64
942 587 827
977 468 788
219 430 106
496 138 797
403 856 535
875 231 477
112 432 609
297 903 529
814 465 763
643 987 116
807 976 518
886 139 254
728 862 807
149 733 933
42 406 479
170 764 540
926 181 421
179 66 10
621 467 177
133 226 874
434 662 749
314 383 201
759 823 591
19 36 986
61 542 807
660 909 354
361 334 903
202 349 379
759 962 144
450 422 299
123 860 949
519 172 438
828 825 278
638 156 971
487 728 55
645 416 626
896 357 596
244 341 302
966 259 959
412 265 77
562 384 944
924 624 393
781 596 54
504 611 768
903 430 397
529 326 955
407 396 140
518 110 336
302 1 685
404 228 869
930 826 171
965 690 610
244 392 694
427 558 909
282 214 614
822 348 215
41 509 110
404 846 786
461 757 321
521 44 659
310 860 252
856 72 416
559 278 41
435 309 365
174 850 379
970 837 390
345 37 631
884 188 776
45 811 239
108 513 218
293 516 625
463 950 237
106 781 848
691 127 546
599 398 858
372 364 792
456 996 248
8 642 239
404 619 530
561 888 226
40 7 424
863 883 563
859 452 248
626 15 963
552 7 584
204 261 620
965 388 329
253 169 827
590 934 77
594 142 106
670 388 287
148 565 452
174 383 72
549 427 961
906 307 215
908 455 435
323 321 183
812 561 535
417 854 537
547 383 288
763 800 861
708 968 979
99 534 274
657 494 327
120 9 344
603 20 817
214 694 678
186 844 128
44 211 750
621 578 932
602 174 534
908 638 149
421 555 902
183 997 166
263 782 825
995 351 660
261 229 650
864 427 584
285 603 300
394 326 530
207 499 254
484 654 205
794 529 248
850 637 210
552 236 687
798 36 153
187 12 566
353 938 221
854 477 741
83 438 306
275 724 271
69 4 196
221 136 664
233 827 890
458 195 9
175 708 440
949 192 229
107 339 694
282 767 512
721 367 293
552 962 891
1000 663 666
798 84 237
750 102 535
286 102 690
950 449 357
417 744 17
274 627 362
676 934 632
182 629 364
762 710 614
981 807 659
542 815 978
213 118 332
261 809 886
442 742 135
756 29 986
541 182 824
632 941 504
91 640 66
700 407 168
279 898 405
340 454 274
930 268 411
680 358 754
630 301 148
491 839 399
294 660 117
728 372 486
6 718 517
353 600 250
360 92 28
213 427 927
923 426 524
489 778 585
687 171 106
100 384 734
229 61 493
457 407 355
301 699 403
211 864 384
972 787 769
710 550 565
197 195 339
585 961 561
852 210 700
343 345 67
864 448 992
383 42 693
18 999 324
352 835 920
243 545 923
46 127 808
476 508 342
618 205 56
985 419 69
554 989 893
295 689 197
789 385 439
801 627 29
253 494 173
266 898 381
273 582 510
589 534 307
519 619 588
407 92 246
524 428 183
647 67 829
402 169 143
983 338 435
490 526 491
641 550 634
130 751 563
489 539 935
883 115 739
860 540 528
180 469 701
523 471 157
492 38 276
880 66 484
91 339 984
412 548 741
106 586 700
613 726 972
138 113 993
344 211 36
511 270 207
890 596 205
53 409 378
959 16 492
231 292 935
401 565 538
20 754 687
955 906 208
236 873 410
677 364 277
272 747 800
187 703 371
638 534 401
551 268 312
755 703 388
436 878 439
775 843 158
803 150 298
134 788 294
273 782 899
158 234 487
257 772 606
861 754 386
398 172 952
926 568 392
672 465 760
304 283 197
952 687 920
105 260 350
892 956 816
113 590 810
265 837 103
200 39 746
888 19 681
986 715 421
622 31 793
962 964 809
627 452 448
465 795 617
514 574 243
455 351 451
381 162 143
564 187 488
112 948 865
679 470 650
104 474 243
486 303 195
680 462 858
300 477 464
656 239 625
66 99 805
365 636 784
839 76 936
844 150 903
195 788 737
956 376 302
228 340 559
608 282 261
523 377 716
601 118 659
227 998 781
579 989 405
728 482 662
498 77 455
700 4 545
114 830 43
496 767 691
600 840 675
286 517 944
802 556 203
722 432 461
821 393 226
519 389 334
444 227 777
474 175 227
357 537 672
672 988 584
159 551 447
710 815 185
559 847 439
920 50 592
746 711 718
891 640 576
736 570 382
437 455 260
592 432 89
517 421 649
111 851 248
657 119 965
741 628 318
880 225 207
170 959 475
990 154 968
629 596 707
441 183 9
123 264 917
408 667 541
7 160 505
752 485 801
406 71 236
757 641 859
506 727 715
785 863 801
846 252 104
186 966 525
746 857 616
389 211 34
752 959 520
262 795 92
595 406 789
709 329 938
882 738 104
991 191 460
469 908 915
345 945 777
957 970 101
920 159 41
228 495 507
376 683 592
237 570 348
992 358 882
776 657 525
943 425 360
466 892 314
479 430 949
244 798 268
62 779 578
600 445 290
782 429 571
991 448 839
445 944 509
364 27 805
20 776 39
124 733 311
200 904 170
202 399 910
743 145 376
467 681 250
621 646 877
104 222 322
630 116 446
880 343 620
203 148 694
48 902 168
877 98 888
325 152 692
121 354 832
536 348 479
606 424 88
862 697 831
959 394 561
699 235 59
939 663 615
814 356 554
866 391 709
188 515 212
228 809 94
580 438 860
896 305 566
698 693 203
157 400 306
842 899 28
657 463 649
548 744 148
317 211 906
836 394 110
578 54 323
314 944 545
917 756 553
66 965 221
333 479 278
100 386 262
139 855 461
617 974 185
483 496 966
502 378 208
698 48 10
944 738 41
300 269 800
848 801 574
719 45 724
163 617 483
791 540 895
375 413 988
892 245 638
870 183 979
866 870 234
256 373 851
954 89 555
312 537 439
904 737 31
495 178 575
269 205 935
348 504 344
52 186 503
141 424 123
849 348 59
578 825 346
700 235 442
391 275 193
463 982 345
328 649 284
454 948 438
743 312 950
916 374 922
935 931 459
62 497 640
638 490 123
294 138 966
214 198 23
926 642 280
144 901 576
348 666 934
156 235 624
37 967 954
583 275 902
418 116 869
931 968 681
921 987 974
813 466 752
900 689 459
604 784 366
626 263 738
772 891 402
602 67 902
988 365 216
854 687 293
878 484 92
244 517 49
325 955 507
248 392 285
741 801 864
523 969 862
315 29 855
188 537 334
824 606 74
667 288 506
441 717 686
199 978 685
415 102 452
873 78 408
709 177 774
110 267 405
4 483 681
213 950 369
255 455 973
617 783 831
773 520 16
104 809 690
898 519 434
220 84 544
67 90 468
60 703 143
79 317 371
206 761 393
129 894 56
692 446 909
689 696 866
151 400 392
145 7 540
630 178 643
681 369 209
920 429 749
568 782 617
18 105 959
972 311 177
63 464 710
573 734 168
298 39 445
26 371 477
277 593 168
830 42 855
915 580 220
358 390 844
913 785 414
913 921 711
231 401 224
396 671 189
425 436 58
210 558 345
611 710 290
346 391 771
767 552 356
20 131 895
66 985 618
799 331 268
444 172 176
142 570 992
21 563 50
120 835 771
110 945 147
429 47 562
673 775 556
782 626 283
446 418 740
458 227 447
240 292 718
859 74 392
553 67 359
603 399 681
536 526 231
397 619 235
547 833 159
790 350 46
862 335 318
265 457 638
444 280 261
987 143 342
221 27 254
803 774 655
522 61 862
266 442 192
942 534 683
863 708 731
791 484 510
861 46 307
67 220 778
921 811 131
207 420 169
320 692 420
24 366 143
234 720 550
856 338 45
876 910 95
778 645 716
454 3 202
886 849 718
719 430 212
307 903 783
874 909 858
99 663 879
917 930 838
364 484 946
870 35 985
789 324 774
539 781 721
156 783 652
997 853 203
38 608 759
377 311 774
420 663 185
817 583 308
235 311 412
203 400 150
603 247 389
215 199 191
893 241 405
656 99 164
698 959 106
666 520 861
405 836 60
129 722 121
463 527 338
82 412 859
944 469 940
400 1 237
56 855 98
285 228 517
398 30 96
566 235 878
582 459 910
986 872 387
349 272 909
821 956 979
114 994 230
995 926 530
721 242 936
34 27 590
347 9 145
856 978 991
104 549 360
167 861 429
433 163 5
186 465 868
684 766 558
929 175 320
385 73 591
129 171 932
732 180 180
695 73 240
461 650 735
29 886 234
840 569 118
817 227 490
653 974 316
488 113 732
236 776 465
404 441 489
672 70 332
639 875 474
71 516 756
429 837 343
389 941 869
854 242 411
520 492 375
819 639 787
