956 231855
84 459 677
610 112 894
599 419 442
194 473 686
43 584 665
852 603 736
778 358 578
752 743 27
73 90 944
511 356 914
43 703 452
117 769 932
242 820 321
15 709 482
299 645 366
991 828 600
332 881 567
253 641 258
545 258 950
775 307 738
551 889 570
754 763 59
776 60 39
759 109 235
201 506 706
498 276 783
498 854 685
400 81 831
386 112 947
881 636 783
930 753 453
530 148 676
550 476 780
294 468 49
305 104 898
221 843 22
145 262 781
360 71 793
172 728 801
970 749 250
239 132 310
366 527 644
571 915 701
44 923 95
154 9 704
588 395 767
951 970 548
859 259 934
900 948 477
229 906 729
780 663 757
369 623 480
670 607 201
294 751 55
278 827 634
943 151 274
322 977 899
188 574 205
659 476 125
687 901 136
480 351 639
736 780 608
523 527 62
524 701 701
913 878 987
156 903 969
924 189 705
220 510 979
254 836 350
475 427 844
1 694 312
935 37 107
881 633 943
343 67 662
796 493 262
180 58 851
695 989 19
110 452 868
541 161 630
509 615 856
470 288 687
621 162 629
948 219 909
565 878 719
357 727 322
456 677 154
250 42 882
643 18 416
261 447 418
775 398 435
84 422 471
921 822 126
189 569 408
345 421 266
274 80 750
397 122 19
67 223 889
103 362 914
27 429 720
855 350 42
268 985 470
488 223 769
764 464 161
820 362 466
280 266 309
267 442 39
938 568 550
262 708 936
581 5 947
834 189 337
22 710 183
26 604 787
954 268 798
44 479 905
65 879 957
160 292 588
738 632 299
66 639 529
283 239 390
820 829 330
300 68 936
531 915 915
889 650 412
952 294 942
880 80 431
708 404 480
846 171 465
630 225 351
224 737 234
143 982 870
638 602 768
18 776 697
772 749 339
720 945 286
357 224 772
839 614 926
841 134 398
281 766 277
902 706 248
187 483 859
242 32 965
858 363 824
45 664 335
848 158 809
58 693 786
722 188 445
941 325 723
357 292 373
833 718 432
311 658 471
165 568 437
905 767 450
94 956 406
461 629 398
544 644 100
802 125 554
330 491 938
261 640 223
728 549 488
228 478 56
415 233 655
637 891 316
330 486 802
4 452 550
560 291 742
152 165 445
509 290 161
792 513 452
536 310 102
135 713 908
97 580 932
296 571 273
109 826 580
368 925 562
558 702 586
522 774 834
254 283 742
340 978 751
389 104 869
158 738 998
905 683 481
316 412 637
110 263 950
4 180 611
864 969 292
941 359 142
616 189 133
137 284 32
806 93 501
872 283 131
706 73 197
354 993 56
625 88 248
387 293 703
369 990 374
523 625 496
619 136 610
977 697 450
926 377 902
427 989 579
256 893 118
389 856 961
45 18 340
865 146 321
351 197 111
258 989 172
992 135 323
782 501 730
241 461 672
943 862 472
3 302 666
431 187 310
198 495 877
823 645 744
437 940 242
126 421 598
285 694 629
215 434 453
968 946 638
932 335 298
649 785 999
99 40 726
189 437 488
435 865 572
418 537 385
174 765 751
496 553 328
349 942 221
836 347 782
758 201 294
637 147 973
49 782 574
733 542 306
778 546 183
248 494 559
216 876 814
78 166 806
395 351 585
957 929 303
593 771 157
366 497 264
958 177 599
896 40 333
418 996 518
999 975 833
579 167 509
692 500 998
750 809 762
671 126 375
332 377 932
199 801 946
160 333 150
531 220 940
452 778 651
466 552 282
536 247 552
28 33 298
728 607 739
558 280 625
296 736 992
134 181 246
38 866 378
143 709 774
428 291 579
921 329 289
720 423 713
702 398 208
427 409 920
813 798 695
400 496 132
692 195 754
570 58 58
544 431 653
377 44 486
328 467 261
442 558 204
281 168 81
589 264 439
880 664 564
313 30 177
859 97 464
124 713 777
447 39 915
484 607 804
793 620 905
19 919 142
558 197 508
334 613 288
230 31 452
633 950 322
778 906 611
782 514 694
859 265 503
467 643 2
388 606 906
636 808 951
823 356 151
308 426 727
77 539 551
269 839 851
571 321 62
723 40 860
27 390 636
906 257 65
416 285 727
949 422 255
422 344 571
35 510 245
172 81 106
8 254 423
725 908 889
949 412 103
991 829 259
288 881 195
920 636 96
891 921 37
615 683 383
437 190 819
201 882 510
503 89 456
648 300 354
516 383 962
267 458 993
504 670 410
448 515 18
433 776 174
397 672 848
372 142 488
500 329 360
919 530 570
474 912 634
604 867 105
249 723 166
574 191 4
536 235 432
90 244 483
196 801 458
956 933 940
631 502 528
461 308 499
184 465 418
943 241 323
255 115 880
394 407 973
49 313 209
859 682 251
117 985 584
631 130 248
25 832 640
330 426 419
119 342 371
833 429 221
521 736 266
383 123 265
766 109 922
351 533 398
343 638 843
512 120 52
688 824 333
156 455 366
306 323 816
463 324 163
646 557 466
811 618 26
304 407 380
572 440 892
777 514 429
76 133 453
151 265 621
631 636 966
558 455 657
666 176 276
194 808 149
848 260 564
707 312 338
893 670 40
921 652 572
530 664 188
23 398 207
523 557 106
926 501 458
532 43 434
954 111 307
553 198 339
531 988 196
697 23 789
908 101 325
937 836 862
684 710 269
576 882 448
302 755 703
89 481 120
345 88 491
331 735 578
115 985 620
11 25 633
715 226 58
922 847 889
832 17 449
856 227 623
321 591 43
614 277 89
839 594 95
355 719 596
173 852 46
102 805 652
471 346 73
210 340 862
969 449 120
680 285 236
486 13 363
880 623 458
519 160 986
705 985 23
768 851 559
271 522 987
360 978 58
369 728 652
879 631 721
761 912 766
864 88 450
915 928 420
473 518 942
630 100 75
340 338 35
150 554 561
809 936 791
679 777 59
802 956 919
231 39 875
246 560 539
918 958 154
652 783 200
627 848 108
69 839 253
956 850 515
314 699 689
18 28 884
176 719 324
956 494 903
161 202 113
79 823 650
477 394 582
206 964 296
24 133 431
30 475 413
514 341 989
76 528 396
238 497 839
24 179 51
365 407 404
799 626 346
269 430 341
727 618 353
418 252 667
469 710 144
158 972 788
837 411 948
467 676 973
664 630 440
401 718 509
237 754 300
510 66 333
616 713 831
507 387 904
428 884 681
245 889 778
122 750 282
481 870 31
622 343 268
704 68 541
573 951 467
942 647 117
627 940 987
606 22 614
124 329 465
52 961 907
217 928 917
784 201 735
500 939 826
308 207 10
647 299 939
765 796 425
734 15 263
251 651 672
902 71 191
36 658 326
36 299 713
413 358 126
523 579 512
45 409 84
416 445 526
761 688 502
916 766 741
868 711 285
595 76 804
795 514 471
502 565 142
227 141 502
725 86 649
314 142 178
71 918 662
383 792 717
528 537 860
494 691 472
41 116 361
800 899 259
370 253 344
153 52 81
91 537 708
356 59 848
397 5 274
840 803 270
495 473 472
974 559 505
713 560 550
255 199 632
212 323 628
336 32 933
375 246 280
893 262 921
186 876 680
722 423 68
677 319 65
362 304 45
107 917 314
208 661 994
957 148 536
41 707 259
790 992 971
185 6 712
782 540 925
660 766 282
471 17 575
16 394 961
266 389 40
188 961 592
473 664 687
134 378 284
908 478 315
244 418 538
311 725 118
799 645 146
694 274 557
191 338 824
287 388 599
130 593 398
861 938 251
994 758 188
770 220 764
604 962 646
532 113 438
98 866 30
749 189 30
932 488 573
818 49 118
338 905 858
480 591 421
412 846 273
831 797 319
962 936 227
806 238 355
181 897 44
657 749 33
942 593 770
857 91 45
289 907 758
444 382 99
160 759 876
459 741 640
523 404 383
903 197 992
986 458 869
22 274 675
881 594 307
971 231 274
24 937 119
933 335 678
106 934 264
469 618 285
369 921 351
172 431 248
426 233 987
363 578 345
269 727 71
144 35 93
811 107 386
763 755 837
683 32 181
973 256 64
722 796 445
142 109 139
705 592 333
64 283 335
866 691 189
752 182 507
514 986 152
782 622 846
30 348 81
555 228 591
416 520 207
957 515 731
799 301 510
781 715 967
639 321 269
995 862 617
205 821 853
469 916 24
116 216 362
993 250 992
417 242 72
14 705 334
460 280 391
411 119 553
927 198 905
383 974 389
783 315 309
163 604 406
315 646 292
757 551 92
642 319 267
393 881 761
4 658 900
89 119 117
334 481 898
675 250 991
296 894 265
42 73 889
571 322 305
187 768 27
278 746 853
176 14 451
953 417 103
580 439 710
868 436 761
753 517 91
487 263 775
657 627 290
562 527 412
906 786 970
759 438 540
197 309 212
569 837 42
39 868 848
689 634 300
134 420 335
752 76 467
716 694 859
735 199 668
274 596 67
389 760 367
955 840 783
18 295 504
421 725 109
899 230 346
15 46 246
316 88 418
960 791 1000
657 187 499
717 793 836
186 839 377
114 122 34
653 960 228
850 383 563
77 851 897
955 361 888
364 45 779
778 640 997
255 727 762
642 638 486
730 407 203
727 974 395
499 758 621
903 473 617
576 597 583
20 279 155
230 979 172
36 808 12
919 697 304
623 137 83
79 886 475
4 333 996
875 623 915
775 992 660
530 577 736
58 369 160
602 764 590
987 220 981
268 941 234
149 312 654
780 952 651
463 796 620
437 31 243
879 598 864
977 551 484
158 748 602
202 62 889
624 874 161
846 248 37
12 369 201
512 277 271
606 280 888
131 39 602
12 968 676
16 761 97
136 758 429
398 950 321
857 896 678
207 850 116
88 428 650
728 2 802
572 582 638
754 65 557
647 679 370
642 368 734
48 434 796
196 8 915
619 248 513
250 497 749
281 168 337
614 877 843
55 162 12
669 596 852
770 31 849
509 698 325
348 29 352
841 735 263
23 14 4
42 708 306
898 40 173
478 294 407
169 21 846
638 225 764
877 582 565
942 991 816
117 855 695
877 989 549
656 583 734
706 891 52
337 46 643
429 698 133
695 593 621
378 43 729
403 542 408
691 902 840
992 994 285
923 319 470
450 298 939
732 188 329
966 783 537
283 906 79
970 61 531
392 784 41
682 841 918
59 283 74
915 273 45
585 487 204
518 924 185
653 473 265
283 909 78
664 462 282
481 372 968
112 182 890
558 349 573
90 531 871
14 224 857
875 832 157
689 280 591
240 747 977
243 459 24
256 984 112
898 277 520
567 585 573
907 755 936
736 443 565
521 551 580
675 664 530
740 158 699
84 117 767
729 23 207
38 479 948
618 358 422
181 252 850
493 994 387
977 194 793
177 596 642
957 971 396
575 808 636
686 734 402
903 615 718
1 516 177
677 68 548
671 180 812
975 405 730
565 595 316
546 582 753
511 571 235
615 483 292
574 919 604
582 662 168
773 85 606
165 276 417
361 555 183
162 276 707
764 568 335
718 432 43
274 323 329
927 259 100
631 839 199
989 323 97
178 144 663
360 162 929
978 163 919
904 34 515
580 411 937
784 662 565
353 162 276
921 999 448
859 307 322
984 418 165
137 938 419
376 751 768
872 448 217
37 657 121
619 960 2
3 63 466
53 953 47
826 283 466
34 384 617
967 485 116
3 80 810
763 973 755
576 627 618
949 347 561
677 457 687
700 665 484
169 770 607
248 59 960
332 156 841
606 596 359
665 451 487
832 83 700
124 163 796
537 55 248
380 275 902
938 130 994
677 230 981
362 657 547
762 321 308
541 109 980
586 619 620
937 984 275
436 885 358
778 837 155
408 240 517
941 84 863
364 912 445
844 178 332
356 195 337
126 1000 238
695 651 173
617 254 563
291 389 34
151 866 576
832 996 825
436 593 449
970 444 990
605 546 147
690 522 683
760 546 272
756 204 334
49 55 807
999 465 337
595 840 397
613 245 127
728 342 575
927 496 893
69 759 320
199 117 381
152 892 910
900 991 831
398 678 454
425 332 91
708 416 638
672 222 195
184 495 893
177 527 191
710 222 95
844 867 656
368 216 617
211 790 468
831 948 50
967 870 636
194 448 615
63 307 748
532 929 67
220 2 893
208 361 635
994 997 341
724 124 445
308 360 163
333 986 116
361 298 884
550 428 81
63 956 429
928 16 364
934 648 828
40 272 710
281 343 72
630 126 166
310 30 488
158 885 332
341 354 520
752 652 184
147 521 616
298 765 8
590 871 445
420 515 977
979 688 14
527 562 160
288 29 630
776 111 897
138 448 41
499 930 104
373 247 837
252 55 597
360 159 375
734 553 897
247 58 522
264 676 868
362 785 76
662 84 517
80 264 848
433 408 528
220 416 363
38 563 460
738 469 610
698 455 720
505 63 480
165 361 443
328 176 559
912 5 893
811 57 677
511 342 243
655 768 861
245 131 208
482 382 437
381 438 735
369 154 601
814 152 186
620 950 179
605 162 161
536 860 65
22 441 573
790 197 46
332 842 588
